死因,年,月,年月日,0-04歳,05-09歳,10-14歳,15-19歳,20-24歳,25-29歳,30-34歳,35-39歳,40-44歳,45-49歳,50-54歳,55-59歳,60-64歳,65-69歳,70-74歳,75-79歳,80-84歳,85-89歳,90-94歳,95-99歳,100歳以上,10歳未満,10代,20代,30代,40代,50代,60代,70代,80歳以上,不詳,合計
総数,2011,1,2011-01-01,309,41,43,123,207,287,368,638,940,1291,2024,3406,6611,7774,10498,16307,21836,22008,15954,7849,1845,350,166,494,1006,2231,5430,14385,26805,69492,32,120391
Se01 結核,2011,1,2011-01-01,0,0,0,0,0,1,1,0,2,1,2,7,9,9,10,30,43,61,28,6,0,0,0,1,1,3,9,18,40,138,0,210
Se02 悪性新生物＜腫瘍＞,2011,1,2011-01-01,9,7,8,19,16,25,69,150,238,382,734,1362,2901,3343,3947,5193,5509,4008,1929,648,59,16,27,41,219,620,2096,6244,9140,12153,0,30556
Se03 食道の悪性新生物＜腫瘍＞,2011,1,2011-01-01,0,0,0,0,0,0,0,3,2,7,29,56,160,159,177,147,147,73,27,6,0,0,0,0,3,9,85,319,324,253,0,993
Se04 胃の悪性新生物＜腫瘍＞,2011,1,2011-01-01,0,0,0,0,1,4,7,20,28,35,107,168,354,466,553,751,742,580,314,119,10,0,0,5,27,63,275,820,1304,1765,0,4259
Se05 結腸の悪性新生物＜腫瘍＞,2011,1,2011-01-01,0,0,0,1,0,1,4,12,17,27,51,109,222,266,310,440,468,413,234,85,5,0,1,1,16,44,160,488,750,1205,0,2665
Se06 直腸Ｓ状結腸移行部及び直腸の悪性新生物＜腫瘍＞,2011,1,2011-01-01,0,0,0,0,0,0,1,7,16,15,37,88,172,162,173,174,166,141,74,25,2,0,0,0,8,31,125,334,347,408,0,1253
Se07 肝及び肝内胆管の悪性新生物＜腫瘍＞,2011,1,2011-01-01,2,0,0,0,1,2,5,3,9,19,50,127,286,319,433,603,524,293,119,26,1,2,0,3,8,28,177,605,1036,963,0,2822
Se08 胆のう及びその他の胆道の悪性新生物＜腫瘍＞,2011,1,2011-01-01,0,0,0,0,0,1,2,2,1,6,21,45,94,120,158,289,325,261,161,66,5,0,0,1,4,7,66,214,447,818,0,1557
Se09 膵の悪性新生物＜腫瘍＞,2011,1,2011-01-01,0,0,0,0,0,0,1,1,14,29,55,121,273,296,322,441,407,311,118,36,6,0,0,0,2,43,176,569,763,878,0,2431
Se10 気管，気管支及び肺の悪性新生物＜腫瘍＞,2011,1,2011-01-01,0,0,0,0,0,1,4,18,31,46,109,194,561,699,816,1085,1201,817,330,105,5,0,0,1,22,77,303,1260,1901,2458,0,6022
Se11 乳房の悪性新生物＜腫瘍＞,2011,1,2011-01-01,0,0,0,0,0,1,6,22,36,65,75,138,157,130,96,90,98,67,45,17,8,0,0,1,28,101,213,287,186,235,0,1051
Se12 子宮の悪性新生物＜腫瘍＞,2011,1,2011-01-01,0,0,0,0,0,0,6,12,22,37,30,44,64,54,53,53,81,57,23,7,3,0,0,0,18,59,74,118,106,171,0,546
Se13 白血病,2011,1,2011-01-01,2,2,3,4,7,5,6,9,7,15,12,30,60,78,93,116,133,67,22,6,3,4,7,12,15,22,42,138,209,231,0,680
Se14 糖尿病,2011,1,2011-01-01,0,0,0,0,0,1,1,7,15,22,31,63,119,121,162,276,296,250,138,59,7,0,0,1,8,37,94,240,438,750,0,1568
Se15 高血圧性疾患,2011,1,2011-01-01,0,0,0,0,0,0,0,0,0,3,7,6,22,27,44,77,137,187,176,102,26,0,0,0,0,3,13,49,121,628,0,814
Se16 心疾患（高血圧性を除く）,2011,1,2011-01-01,12,4,2,10,11,19,30,74,134,193,325,520,1005,1273,1701,2851,4138,4609,3505,1661,376,16,12,30,104,327,845,2278,4552,14289,5,22458
Se17 急性心筋梗塞,2011,1,2011-01-01,0,0,0,0,0,3,7,13,29,49,96,156,314,390,503,825,1031,989,606,216,38,0,0,3,20,78,252,704,1328,2880,0,5265
Se18 その他の虚血性心疾患,2011,1,2011-01-01,0,0,2,0,1,3,2,12,33,45,81,128,250,316,399,614,801,773,487,174,36,0,2,4,14,78,209,566,1013,2271,2,4159
Se19 不整脈及び伝導障害,2011,1,2011-01-01,3,0,0,3,4,6,10,22,28,36,60,89,157,191,272,394,608,673,463,211,32,3,3,10,32,64,149,348,666,1987,0,3262
Se20 心不全,2011,1,2011-01-01,1,0,0,4,3,5,7,17,30,39,54,93,184,266,366,747,1290,1691,1609,914,250,1,4,8,24,69,147,450,1113,5754,2,7572
Se21 脳血管疾患,2011,1,2011-01-01,0,0,2,1,0,6,12,50,77,121,195,307,551,650,952,1623,2367,2553,1883,886,172,0,3,6,62,198,502,1201,2575,7861,0,12408
Se22 くも膜下出血,2011,1,2011-01-01,0,0,1,0,0,2,4,31,40,60,82,93,129,113,137,200,193,198,72,27,5,0,1,2,35,100,175,242,337,495,0,1387
Se23 脳内出血,2011,1,2011-01-01,0,0,0,0,0,4,7,17,29,50,85,159,280,279,384,487,683,563,324,90,18,0,0,4,24,79,244,559,871,1678,0,3459
Se24 脳梗塞,2011,1,2011-01-01,0,0,0,1,0,0,1,1,7,7,19,44,120,226,402,892,1425,1735,1446,737,142,0,1,0,2,14,63,346,1294,5485,0,7205
Se25 大動脈瘤及び解離,2011,1,2011-01-01,0,0,0,0,0,0,1,7,6,15,29,44,83,123,166,265,342,318,188,73,9,0,0,0,8,21,73,206,431,930,0,1669
Se26 肺炎,2011,1,2011-01-01,11,4,3,2,3,14,13,11,22,25,53,115,240,359,732,1417,2576,3046,2565,1263,303,15,5,17,24,47,168,599,2149,9753,3,12780
Se27 慢性閉塞性肺疾患,2011,1,2011-01-01,0,0,0,0,0,0,0,0,0,0,5,9,24,49,114,270,421,425,211,71,14,0,0,0,0,0,14,73,384,1142,0,1613
Se28 喘息,2011,1,2011-01-01,0,0,0,0,1,0,0,0,2,0,3,3,9,12,14,29,44,60,51,20,1,0,0,1,0,2,6,21,43,176,0,249
Se29 肝疾患,2011,1,2011-01-01,3,0,0,0,0,1,4,16,41,59,87,147,193,200,194,215,183,132,53,20,3,3,0,1,20,100,234,393,409,391,1,1552
Se30 腎不全,2011,1,2011-01-01,0,0,0,1,0,1,1,2,0,2,11,16,54,104,146,324,476,569,412,204,36,0,1,1,3,2,27,158,470,1697,0,2359
Se31 老衰,2011,1,2011-01-01,0,0,0,0,0,0,0,0,0,0,1,0,0,7,21,120,421,975,1511,1308,520,0,0,0,0,0,1,7,141,4735,0,4884
Se32 不慮の事故,2011,1,2011-01-01,12,6,4,27,32,50,42,41,66,92,103,154,266,298,450,708,938,769,455,163,26,18,31,82,83,158,257,564,1158,2351,7,4709
Se33 交通事故,2011,1,2011-01-01,1,3,0,21,18,19,19,12,17,17,28,46,44,33,56,61,57,38,20,1,0,4,21,37,31,34,74,77,117,116,0,511
Se34 自殺,2011,1,2011-01-01,0,0,7,37,101,118,132,171,181,173,189,212,225,147,142,103,66,48,21,4,0,0,44,219,303,354,401,372,245,139,7,2084
総数,2011,2,2011-02-01,266,42,30,101,178,215,390,604,738,1179,1720,3014,5591,6587,9097,13828,18193,18219,13261,6572,1606,308,131,393,994,1917,4734,12178,22925,57851,27,101458
Se01 結核,2011,2,2011-02-01,0,0,0,0,0,0,0,0,1,0,2,5,5,10,10,24,35,44,16,12,1,0,0,0,0,1,7,15,34,108,1,166
Se02 悪性新生物＜腫瘍＞,2011,2,2011-02-01,6,9,5,13,11,24,70,127,179,363,630,1271,2502,2946,3647,4670,4747,3439,1642,517,62,15,18,35,197,542,1901,5448,8317,10407,2,26882
Se03 食道の悪性新生物＜腫瘍＞,2011,2,2011-02-01,0,0,0,0,0,0,0,1,6,11,27,73,140,137,149,151,124,69,17,7,0,0,0,0,1,17,100,277,300,217,1,913
Se04 胃の悪性新生物＜腫瘍＞,2011,2,2011-02-01,0,0,0,0,1,4,9,18,21,38,82,156,330,369,528,669,670,495,272,94,8,0,0,5,27,59,238,699,1197,1539,0,3764
Se05 結腸の悪性新生物＜腫瘍＞,2011,2,2011-02-01,0,0,0,0,0,3,8,7,13,25,47,80,206,230,251,375,417,308,206,69,9,0,0,3,15,38,127,436,626,1009,0,2254
Se06 直腸Ｓ状結腸移行部及び直腸の悪性新生物＜腫瘍＞,2011,2,2011-02-01,0,0,0,0,0,0,1,5,16,12,27,78,120,141,169,171,138,109,71,17,4,0,0,0,6,28,105,261,340,339,0,1079
Se07 肝及び肝内胆管の悪性新生物＜腫瘍＞,2011,2,2011-02-01,0,0,0,0,1,0,2,3,7,24,50,106,239,294,383,521,497,246,107,16,1,0,0,1,5,31,156,533,904,867,0,2497
Se08 胆のう及びその他の胆道の悪性新生物＜腫瘍＞,2011,2,2011-02-01,0,0,0,0,0,0,0,3,4,8,20,33,82,112,161,242,280,264,127,38,3,0,0,0,3,12,53,194,403,712,0,1377
Se09 膵の悪性新生物＜腫瘍＞,2011,2,2011-02-01,0,0,0,0,1,0,2,5,7,29,45,106,232,263,316,377,368,275,105,34,4,0,0,1,7,36,151,495,693,786,0,2169
Se10 気管，気管支及び肺の悪性新生物＜腫瘍＞,2011,2,2011-02-01,0,0,0,0,0,0,2,11,16,48,91,215,486,637,763,998,998,711,270,85,6,0,0,0,13,64,306,1123,1761,2070,0,5337
Se11 乳房の悪性新生物＜腫瘍＞,2011,2,2011-02-01,0,0,0,0,0,3,11,14,31,50,90,114,131,120,110,81,77,73,37,13,2,0,0,3,25,81,204,251,191,202,0,957
Se12 子宮の悪性新生物＜腫瘍＞,2011,2,2011-02-01,0,0,0,0,0,0,11,12,12,28,29,40,49,47,49,50,52,45,20,15,0,0,0,0,23,40,69,96,99,132,0,459
Se13 白血病,2011,2,2011-02-01,2,2,3,2,0,5,7,9,3,12,15,30,56,77,95,99,117,63,24,9,4,4,5,5,16,15,45,133,194,217,0,634
Se14 糖尿病,2011,2,2011-02-01,0,0,0,0,0,0,6,6,7,19,25,47,105,90,131,213,230,222,115,51,9,0,0,0,12,26,72,195,344,627,0,1276
Se15 高血圧性疾患,2011,2,2011-02-01,0,0,0,0,0,0,0,1,1,1,5,8,22,15,39,57,106,138,150,80,24,0,0,0,1,2,13,37,96,498,1,648
Se16 心疾患（高血圧性を除く）,2011,2,2011-02-01,14,3,0,7,11,13,46,67,102,159,233,401,808,929,1353,2176,3201,3688,2763,1419,321,17,7,24,113,261,634,1737,3529,11392,1,17715
Se17 急性心筋梗塞,2011,2,2011-02-01,0,0,0,2,1,1,7,14,26,42,76,137,230,280,393,530,790,764,450,173,32,0,2,2,21,68,213,510,923,2209,0,3948
Se18 その他の虚血性心疾患,2011,2,2011-02-01,0,0,0,0,1,2,9,10,28,43,61,87,230,215,326,536,592,609,371,148,37,0,0,3,19,71,148,445,862,1757,0,3305
Se19 不整脈及び伝導障害,2011,2,2011-02-01,4,0,0,0,5,3,14,16,16,28,32,80,122,149,193,342,471,495,361,159,22,4,0,8,30,44,112,271,535,1508,0,2512
Se20 心不全,2011,2,2011-02-01,0,0,0,3,2,2,12,14,24,28,41,61,151,183,320,566,1027,1415,1327,808,204,0,3,4,26,52,102,334,886,4781,1,6189
Se21 脳血管疾患,2011,2,2011-02-01,1,0,1,2,0,2,11,46,49,124,152,241,432,550,824,1330,2015,2111,1642,761,170,1,3,2,57,173,393,982,2154,6699,1,10465
Se22 くも膜下出血,2011,2,2011-02-01,0,0,0,0,0,2,5,26,22,47,56,74,107,75,114,163,167,138,61,18,3,0,0,2,31,69,130,182,277,387,0,1078
Se23 脳内出血,2011,2,2011-02-01,0,0,1,2,0,0,6,16,26,64,65,125,204,256,305,421,543,481,287,79,18,0,3,0,22,90,190,460,726,1408,0,2899
Se24 脳梗塞,2011,2,2011-02-01,0,0,0,0,0,0,0,4,1,7,24,34,107,204,389,707,1246,1430,1248,639,143,0,0,0,4,8,58,311,1096,4706,1,6184
Se25 大動脈瘤及び解離,2011,2,2011-02-01,0,0,0,0,0,1,1,8,11,16,14,42,75,83,114,223,277,274,150,30,6,0,0,1,9,27,56,158,337,737,0,1325
Se26 肺炎,2011,2,2011-02-01,13,3,1,2,3,3,5,15,19,32,48,101,196,316,598,1256,2169,2460,2097,1018,229,16,3,6,20,51,149,512,1854,7973,3,10587
Se27 慢性閉塞性肺疾患,2011,2,2011-02-01,1,0,0,0,0,0,2,2,0,2,3,11,19,66,83,203,372,309,176,57,11,1,0,0,4,2,14,85,286,925,0,1317
Se28 喘息,2011,2,2011-02-01,0,0,0,0,1,1,0,0,2,2,2,4,6,9,13,18,37,42,30,11,3,0,0,2,0,4,6,15,31,123,0,181
Se29 肝疾患,2011,2,2011-02-01,3,0,0,0,0,1,4,8,34,56,90,114,139,174,159,202,153,107,52,27,7,3,0,1,12,90,204,313,361,346,0,1330
Se30 腎不全,2011,2,2011-02-01,1,0,1,0,0,0,0,1,6,10,12,33,54,65,149,255,421,486,395,169,28,1,1,0,1,16,45,119,404,1499,0,2086
Se31 老衰,2011,2,2011-02-01,0,0,0,0,0,0,0,0,0,0,0,0,0,6,32,108,396,843,1265,1150,444,0,0,0,0,0,0,6,140,4098,0,4244
Se32 不慮の事故,2011,2,2011-02-01,16,6,4,29,38,22,42,55,61,70,92,140,234,224,369,492,657,563,330,142,35,22,33,60,97,131,232,458,861,1727,1,3622
Se33 交通事故,2011,2,2011-02-01,4,4,2,21,26,8,15,19,15,23,23,28,57,38,53,64,58,28,9,5,0,8,23,34,34,38,51,95,117,100,0,500
Se34 自殺,2011,2,2011-02-01,0,0,5,23,82,110,128,181,149,163,167,187,233,156,114,106,80,39,20,4,0,0,28,192,309,312,354,389,220,143,8,1955
総数,2011,3,2011-03-01,335,93,63,147,240,331,412,696,904,1324,1913,3460,6221,7309,9919,15120,20026,19847,14671,7278,1787,428,210,571,1108,2228,5373,13530,25039,63609,59,112155
Se01 結核,2011,3,2011-03-01,0,0,0,0,0,0,1,1,0,1,3,6,11,10,14,26,37,49,33,8,0,0,0,0,2,1,9,21,40,127,0,200
Se02 悪性新生物＜腫瘍＞,2011,3,2011-03-01,6,15,5,16,17,25,69,149,221,414,693,1496,2863,3191,4139,5271,5365,3901,1912,625,84,21,21,42,218,635,2189,6054,9410,11887,1,30478
Se03 食道の悪性新生物＜腫瘍＞,2011,3,2011-03-01,0,0,0,0,0,0,0,4,4,8,28,75,145,175,190,185,110,63,35,6,1,0,0,0,4,12,103,320,375,215,0,1029
Se04 胃の悪性新生物＜腫瘍＞,2011,3,2011-03-01,0,0,0,0,1,2,11,22,27,48,85,190,391,469,597,767,739,557,325,102,9,0,0,3,33,75,275,860,1364,1732,1,4343
Se05 結腸の悪性新生物＜腫瘍＞,2011,3,2011-03-01,0,0,0,2,2,2,5,7,17,29,52,109,210,224,337,417,466,399,236,86,13,0,2,4,12,46,161,434,754,1200,0,2613
Se06 直腸Ｓ状結腸移行部及び直腸の悪性新生物＜腫瘍＞,2011,3,2011-03-01,0,0,0,0,0,2,3,8,8,26,47,77,189,148,173,169,179,133,62,23,5,0,0,2,11,34,124,337,342,402,0,1252
Se07 肝及び肝内胆管の悪性新生物＜腫瘍＞,2011,3,2011-03-01,1,0,0,1,0,0,2,6,8,29,49,104,280,312,461,624,488,283,98,27,5,1,1,0,8,37,153,592,1085,901,0,2778
Se08 胆のう及びその他の胆道の悪性新生物＜腫瘍＞,2011,3,2011-03-01,0,0,0,0,0,0,1,1,5,2,13,41,99,125,189,246,320,303,162,44,8,0,0,0,2,7,54,224,435,837,0,1559
Se09 膵の悪性新生物＜腫瘍＞,2011,3,2011-03-01,0,0,0,0,0,1,0,6,11,22,49,118,244,299,341,409,395,300,132,39,8,0,0,1,6,33,167,543,750,874,0,2374
Se10 気管，気管支及び肺の悪性新生物＜腫瘍＞,2011,3,2011-03-01,0,0,0,0,1,0,2,6,24,54,108,271,523,642,835,1132,1220,738,334,105,11,0,0,1,8,78,379,1165,1967,2408,0,6006
Se11 乳房の悪性新生物＜腫瘍＞,2011,3,2011-03-01,0,0,0,0,0,3,5,16,38,64,84,128,165,116,112,113,108,78,40,20,3,0,0,3,21,102,212,281,225,249,0,1093
Se12 子宮の悪性新生物＜腫瘍＞,2011,3,2011-03-01,0,0,0,0,0,0,8,15,21,26,27,59,61,51,39,58,61,46,21,7,1,0,0,0,23,47,86,112,97,136,0,501
Se13 白血病,2011,3,2011-03-01,0,3,3,6,3,4,8,11,7,18,22,38,63,61,89,118,114,71,23,7,0,3,9,7,19,25,60,124,207,215,0,669
Se14 糖尿病,2011,3,2011-03-01,0,0,0,1,2,2,1,3,4,19,33,48,91,106,153,211,253,213,137,54,10,0,1,4,4,23,81,197,364,667,1,1342
Se15 高血圧性疾患,2011,3,2011-03-01,0,0,0,0,0,0,0,2,1,0,8,10,14,9,34,57,115,162,163,97,22,0,0,0,2,1,18,23,91,559,0,694
Se16 心疾患（高血圧性を除く）,2011,3,2011-03-01,11,0,1,13,16,19,34,47,106,160,241,400,799,953,1354,2304,3425,3777,3039,1568,322,11,14,35,81,266,641,1752,3658,12131,3,18592
Se17 急性心筋梗塞,2011,3,2011-03-01,0,0,0,0,0,3,7,10,36,51,88,107,271,304,380,616,811,802,456,196,21,0,0,3,17,87,195,575,996,2286,1,4160
Se18 その他の虚血性心疾患,2011,3,2011-03-01,0,0,0,1,5,5,5,11,17,38,55,89,190,214,329,521,635,604,417,165,38,0,1,10,16,55,144,404,850,1859,0,3339
Se19 不整脈及び伝導障害,2011,3,2011-03-01,1,0,0,1,5,2,6,9,19,29,35,77,113,130,207,329,505,504,399,198,33,1,1,7,15,48,112,243,536,1639,1,2603
Se20 心不全,2011,3,2011-03-01,0,0,0,0,4,7,6,10,25,27,41,80,150,218,312,583,1159,1430,1466,873,205,0,0,11,16,52,121,368,895,5133,0,6596
Se21 脳血管疾患,2011,3,2011-03-01,0,1,4,0,1,6,11,46,71,122,149,267,470,627,919,1523,2280,2302,1801,833,159,1,4,7,57,193,416,1097,2442,7375,1,11593
Se22 くも膜下出血,2011,3,2011-03-01,0,0,0,0,1,2,4,21,31,46,47,78,107,104,140,166,195,173,75,22,3,0,0,3,25,77,125,211,306,468,0,1215
Se23 脳内出血,2011,3,2011-03-01,0,1,4,0,0,1,5,22,36,59,77,147,238,277,346,462,635,539,316,115,16,1,4,1,27,95,224,515,808,1621,0,3296
Se24 脳梗塞,2011,3,2011-03-01,0,0,0,0,0,2,2,1,2,10,15,35,107,224,405,854,1388,1550,1367,673,136,0,0,2,3,12,50,331,1259,5114,1,6772
Se25 大動脈瘤及び解離,2011,3,2011-03-01,0,0,0,0,0,1,2,3,4,13,27,35,87,116,164,221,359,302,176,58,5,0,0,1,5,17,62,203,385,900,0,1573
Se26 肺炎,2011,3,2011-03-01,16,1,2,2,4,3,5,12,17,18,36,87,196,281,594,1221,2282,2668,2208,1078,288,17,4,7,17,35,123,477,1815,8524,1,11020
Se27 慢性閉塞性肺疾患,2011,3,2011-03-01,0,2,0,0,0,0,0,0,0,0,2,10,22,63,92,251,366,410,227,89,12,2,0,0,0,0,12,85,343,1104,1,1547
Se28 喘息,2011,3,2011-03-01,0,0,0,0,1,0,2,2,2,3,5,4,5,9,19,28,35,35,27,14,4,0,0,1,4,5,9,14,47,115,0,195
Se29 肝疾患,2011,3,2011-03-01,0,1,0,0,0,0,5,22,29,66,82,114,178,193,176,200,162,137,64,15,1,1,0,0,27,95,196,371,376,379,0,1445
Se30 腎不全,2011,3,2011-03-01,1,0,0,0,0,1,0,6,4,2,18,31,61,82,154,290,472,589,388,198,35,1,0,1,6,6,49,143,444,1682,1,2333
Se31 老衰,2011,3,2011-03-01,0,0,0,0,0,0,0,0,0,0,0,0,0,7,25,116,438,906,1433,1256,517,0,0,0,0,0,0,7,141,4550,0,4698
Se32 不慮の事故,2011,3,2011-03-01,67,48,26,69,64,93,87,138,137,133,193,273,407,414,480,716,886,708,392,135,32,115,95,157,225,270,466,821,1196,2153,16,5514
Se33 交通事故,2011,3,2011-03-01,4,2,1,16,18,25,18,19,24,23,23,27,43,51,53,65,71,39,7,1,1,6,17,43,37,47,50,94,118,119,0,531
Se34 自殺,2011,3,2011-03-01,0,0,6,30,108,143,152,179,187,195,195,248,253,195,125,122,83,53,19,3,0,0,36,251,331,382,443,448,247,158,11,2307
総数,2011,4,2011-04-01,323,47,59,143,248,289,429,636,932,1256,1929,3004,5908,6852,9290,14037,18297,18412,13764,6752,1732,370,202,537,1065,2188,4933,12760,23327,58957,184,104523
Se01 結核,2011,4,2011-04-01,0,0,0,0,0,0,0,0,1,2,3,3,6,9,17,19,36,49,18,10,0,0,0,0,0,3,6,15,36,113,0,173
Se02 悪性新生物＜腫瘍＞,2011,4,2011-04-01,6,3,12,12,13,30,56,130,237,389,700,1316,2844,3145,3866,5062,5068,3575,1784,596,90,9,24,43,186,626,2016,5989,8928,11113,1,28935
Se03 食道の悪性新生物＜腫瘍＞,2011,4,2011-04-01,0,0,0,0,0,0,0,1,3,7,31,53,139,143,167,150,126,71,28,7,0,0,0,0,1,10,84,282,317,232,0,926
Se04 胃の悪性新生物＜腫瘍＞,2011,4,2011-04-01,0,0,0,0,1,4,7,17,32,50,79,177,415,415,506,694,689,571,294,106,8,0,0,5,24,82,256,830,1200,1668,0,4065
Se05 結腸の悪性新生物＜腫瘍＞,2011,4,2011-04-01,0,0,0,0,0,1,7,14,13,32,51,85,215,244,263,390,434,371,231,59,15,0,0,1,21,45,136,459,653,1110,0,2425
Se06 直腸Ｓ状結腸移行部及び直腸の悪性新生物＜腫瘍＞,2011,4,2011-04-01,0,0,0,0,1,0,2,3,4,15,41,69,164,172,177,174,152,115,57,14,3,0,0,1,5,19,110,336,351,341,0,1163
Se07 肝及び肝内胆管の悪性新生物＜腫瘍＞,2011,4,2011-04-01,1,0,0,0,0,1,2,4,4,17,54,102,243,315,414,625,471,271,118,38,3,1,0,1,6,21,156,558,1039,901,1,2684
Se08 胆のう及びその他の胆道の悪性新生物＜腫瘍＞,2011,4,2011-04-01,0,0,0,0,1,0,0,2,4,7,20,31,86,112,176,239,300,258,142,62,4,0,0,1,2,11,51,198,415,766,0,1444
Se09 膵の悪性新生物＜腫瘍＞,2011,4,2011-04-01,0,0,0,0,0,1,1,3,9,29,55,128,266,298,343,436,375,244,113,40,6,0,0,1,4,38,183,564,779,778,0,2347
Se10 気管，気管支及び肺の悪性新生物＜腫瘍＞,2011,4,2011-04-01,0,0,0,0,1,1,4,9,24,49,93,207,526,666,837,1076,1132,637,301,94,12,0,0,2,13,73,300,1192,1913,2176,0,5669
Se11 乳房の悪性新生物＜腫瘍＞,2011,4,2011-04-01,0,0,0,0,0,2,4,23,43,64,83,127,168,126,93,86,84,67,33,15,2,0,0,2,27,107,210,294,179,201,0,1020
Se12 子宮の悪性新生物＜腫瘍＞,2011,4,2011-04-01,0,0,0,0,0,3,5,10,24,21,29,32,62,43,52,60,49,41,29,7,3,0,0,3,15,45,61,105,112,129,0,470
Se13 白血病,2011,4,2011-04-01,2,1,2,4,1,4,6,8,6,20,16,28,60,73,98,114,124,56,23,8,1,3,6,5,14,26,44,133,212,212,0,655
Se14 糖尿病,2011,4,2011-04-01,0,0,1,0,0,0,1,5,9,12,24,49,88,104,166,179,257,202,132,58,9,0,1,0,6,21,73,192,345,658,0,1296
Se15 高血圧性疾患,2011,4,2011-04-01,0,0,0,0,0,1,0,2,2,3,0,3,18,21,28,54,87,106,122,81,27,0,0,1,2,5,3,39,82,423,0,555
Se16 心疾患（高血圧性を除く）,2011,4,2011-04-01,11,2,1,1,11,21,37,48,100,154,245,329,671,825,1198,2014,2920,3490,2844,1416,339,13,2,32,85,254,574,1496,3212,11009,3,16680
Se17 急性心筋梗塞,2011,4,2011-04-01,0,0,0,0,2,2,6,8,41,48,90,102,202,255,343,545,678,691,449,157,23,0,0,4,14,89,192,457,888,1998,0,3642
Se18 その他の虚血性心疾患,2011,4,2011-04-01,0,0,0,0,1,2,7,11,21,33,61,82,178,202,288,414,546,489,351,159,27,0,0,3,18,54,143,380,702,1572,0,2872
Se19 不整脈及び伝導障害,2011,4,2011-04-01,0,0,0,1,2,5,6,15,15,34,45,47,100,117,168,297,420,512,351,162,33,0,1,7,21,49,92,217,465,1478,1,2331
Se20 心不全,2011,4,2011-04-01,4,0,1,0,3,7,12,6,15,23,32,64,126,162,275,550,997,1394,1403,790,235,4,1,10,18,38,96,288,825,4819,2,6101
Se21 脳血管疾患,2011,4,2011-04-01,2,1,2,1,3,3,13,31,83,119,160,244,464,575,856,1417,2101,2194,1696,756,164,3,3,6,44,202,404,1039,2273,6911,5,10890
Se22 くも膜下出血,2011,4,2011-04-01,1,1,1,0,2,1,7,19,34,48,59,67,128,102,121,176,187,156,70,15,3,2,1,3,26,82,126,230,297,431,0,1198
Se23 脳内出血,2011,4,2011-04-01,1,0,1,1,0,2,3,11,39,53,89,126,225,231,292,446,547,477,274,99,15,1,2,2,14,92,215,456,738,1412,5,2937
Se24 脳梗塞,2011,4,2011-04-01,0,0,0,0,0,0,3,1,8,11,7,46,98,228,421,750,1311,1519,1309,623,143,0,0,0,4,19,53,326,1171,4905,0,6478
Se25 大動脈瘤及び解離,2011,4,2011-04-01,0,0,2,0,0,0,2,5,6,7,23,30,74,84,127,186,269,257,137,41,3,0,2,0,7,13,53,158,313,707,0,1253
Se26 肺炎,2011,4,2011-04-01,7,1,1,1,5,4,7,8,13,31,36,74,156,271,532,1195,2145,2554,2153,1122,263,8,2,9,15,44,110,427,1727,8237,2,10581
Se27 慢性閉塞性肺疾患,2011,4,2011-04-01,0,0,0,0,0,1,0,2,1,0,2,8,28,42,104,245,350,350,196,68,12,0,0,1,2,1,10,70,349,976,0,1409
Se28 喘息,2011,4,2011-04-01,0,1,0,0,0,0,1,3,1,5,3,3,8,8,7,8,20,44,23,19,6,1,0,0,4,6,6,16,15,112,0,160
Se29 肝疾患,2011,4,2011-04-01,3,0,0,0,1,0,7,13,22,54,93,98,204,183,174,198,176,135,69,16,2,3,0,1,20,76,191,387,372,398,0,1448
Se30 腎不全,2011,4,2011-04-01,2,2,0,1,0,0,1,2,5,1,17,29,64,91,148,276,389,550,402,163,35,4,1,0,3,6,46,155,424,1539,0,2178
Se31 老衰,2011,4,2011-04-01,0,0,0,0,0,0,0,0,0,0,0,0,1,7,22,90,378,851,1278,1093,475,0,0,0,0,0,0,8,112,4075,0,4195
Se32 不慮の事故,2011,4,2011-04-01,55,13,17,58,59,62,73,90,104,110,153,179,300,340,427,542,696,535,344,135,17,68,75,121,163,214,332,640,969,1727,154,4463
Se33 交通事故,2011,4,2011-04-01,4,4,8,32,19,16,16,19,26,17,32,33,54,38,64,60,57,28,9,1,0,8,40,35,35,43,65,92,124,95,0,537
Se34 自殺,2011,4,2011-04-01,0,0,6,48,125,114,156,183,197,198,240,245,262,196,169,139,95,60,24,5,1,0,54,239,339,395,485,458,308,185,8,2471
総数,2011,5,2011-05-01,369,119,131,192,303,410,502,828,1009,1333,1988,3308,6195,6795,9440,13743,18007,18334,13151,6663,1593,488,323,713,1330,2342,5296,12990,23183,57748,210,104623
Se01 結核,2011,5,2011-05-01,0,0,0,0,0,0,0,0,0,3,2,1,5,13,8,25,42,53,17,8,1,0,0,0,0,3,3,18,33,121,0,178
Se02 悪性新生物＜腫瘍＞,2011,5,2011-05-01,7,10,15,18,15,32,57,155,248,388,656,1368,2875,3223,4037,4998,5152,3808,1856,614,70,17,33,47,212,636,2024,6098,9035,11500,1,29603
Se03 食道の悪性新生物＜腫瘍＞,2011,5,2011-05-01,0,0,0,0,0,0,0,2,2,9,35,62,146,158,169,154,139,74,31,13,2,0,0,0,2,11,97,304,323,259,0,996
Se04 胃の悪性新生物＜腫瘍＞,2011,5,2011-05-01,0,0,0,0,1,3,5,22,33,42,69,167,380,466,572,730,691,573,277,80,4,0,0,4,27,75,236,846,1302,1625,0,4115
Se05 結腸の悪性新生物＜腫瘍＞,2011,5,2011-05-01,0,0,0,1,0,3,3,21,20,35,45,95,217,261,335,381,424,369,219,84,10,0,1,3,24,55,140,478,716,1106,0,2523
Se06 直腸Ｓ状結腸移行部及び直腸の悪性新生物＜腫瘍＞,2011,5,2011-05-01,0,0,0,0,0,1,3,4,11,22,41,91,150,171,204,188,169,108,71,25,1,0,0,1,7,33,132,321,392,374,0,1260
Se07 肝及び肝内胆管の悪性新生物＜腫瘍＞,2011,5,2011-05-01,0,0,0,0,0,0,1,5,7,20,44,112,251,302,413,573,492,308,111,36,3,0,0,0,6,27,156,553,986,950,1,2679
Se08 胆のう及びその他の胆道の悪性新生物＜腫瘍＞,2011,5,2011-05-01,0,0,0,0,0,0,2,1,4,4,21,34,84,108,174,257,315,279,151,54,5,0,0,0,3,8,55,192,431,804,0,1493
Se09 膵の悪性新生物＜腫瘍＞,2011,5,2011-05-01,0,0,0,0,0,0,1,4,18,21,54,138,274,288,356,394,424,266,128,49,4,0,0,0,5,39,192,562,750,871,0,2419
Se10 気管，気管支及び肺の悪性新生物＜腫瘍＞,2011,5,2011-05-01,0,0,0,2,0,0,3,14,31,43,93,212,529,651,791,1082,1111,739,321,82,12,0,2,0,17,74,305,1180,1873,2265,0,5716
Se11 乳房の悪性新生物＜腫瘍＞,2011,5,2011-05-01,0,0,0,0,0,1,5,18,42,74,85,110,178,131,127,107,85,75,50,20,4,0,0,1,23,116,195,309,234,234,0,1112
Se12 子宮の悪性新生物＜腫瘍＞,2011,5,2011-05-01,0,0,0,0,0,4,6,21,19,20,36,56,57,57,53,49,53,50,25,9,0,0,0,4,27,39,92,114,102,137,0,515
Se13 白血病,2011,5,2011-05-01,3,3,5,5,5,4,3,10,10,14,14,33,70,77,78,111,98,80,26,10,1,6,10,9,13,24,47,147,189,215,0,660
Se14 糖尿病,2011,5,2011-05-01,0,0,0,0,1,1,0,5,10,10,24,26,94,94,120,187,232,214,109,42,4,0,0,2,5,20,50,188,307,601,0,1173
Se15 高血圧性疾患,2011,5,2011-05-01,0,0,0,0,0,0,1,0,3,3,5,2,17,20,28,49,73,119,105,63,23,0,0,0,1,6,7,37,77,383,0,511
Se16 心疾患（高血圧性を除く）,2011,5,2011-05-01,13,3,4,9,12,22,29,53,115,131,224,389,670,721,1119,1805,2682,3118,2529,1346,307,16,13,34,82,246,613,1391,2924,9982,10,15311
Se17 急性心筋梗塞,2011,5,2011-05-01,0,0,0,0,1,1,5,15,32,48,83,114,204,254,303,486,645,618,403,142,24,0,0,2,20,80,197,458,789,1832,0,3378
Se18 その他の虚血性心疾患,2011,5,2011-05-01,0,0,1,1,4,2,5,8,27,19,53,107,156,153,253,375,497,447,281,127,25,0,2,6,13,46,160,309,628,1377,5,2546
Se19 不整脈及び伝導障害,2011,5,2011-05-01,4,0,1,5,5,12,6,15,20,29,42,62,90,101,174,235,384,415,340,171,31,4,6,17,21,49,104,191,409,1341,4,2146
Se20 心不全,2011,5,2011-05-01,2,0,0,3,0,4,7,10,23,19,28,70,134,136,249,519,826,1271,1249,761,196,2,3,4,17,42,98,270,768,4303,0,5507
Se21 脳血管疾患,2011,5,2011-05-01,2,1,0,0,0,6,7,40,61,101,151,223,449,509,772,1292,1945,2257,1610,757,149,3,0,6,47,162,374,958,2064,6718,2,10334
Se22 くも膜下出血,2011,5,2011-05-01,0,0,0,0,0,2,4,22,32,43,50,62,108,99,109,145,196,150,75,24,2,0,0,2,26,75,112,207,254,447,0,1123
Se23 脳内出血,2011,5,2011-05-01,2,1,0,0,0,2,3,16,27,52,83,127,226,212,290,408,552,508,264,97,14,3,0,2,19,79,210,438,698,1435,2,2886
Se24 脳梗塞,2011,5,2011-05-01,0,0,0,0,0,1,0,1,1,2,15,26,105,181,356,703,1159,1551,1230,620,129,0,0,1,1,3,41,286,1059,4689,0,6080
Se25 大動脈瘤及び解離,2011,5,2011-05-01,0,0,0,0,0,1,1,2,5,4,22,21,72,81,119,199,256,251,139,42,4,0,0,1,3,9,43,153,318,692,0,1219
Se26 肺炎,2011,5,2011-05-01,4,0,1,2,2,3,3,9,7,16,40,103,207,303,538,1165,2184,2749,2121,1159,241,4,3,5,12,23,143,510,1703,8454,1,10858
Se27 慢性閉塞性肺疾患,2011,5,2011-05-01,0,0,1,0,0,0,0,0,0,2,3,6,24,53,102,214,368,333,184,65,7,0,1,0,0,2,9,77,316,957,0,1362
Se28 喘息,2011,5,2011-05-01,0,0,0,0,0,0,0,4,2,3,2,5,7,7,14,28,37,35,43,14,4,0,0,0,4,5,7,14,42,133,0,205
Se29 肝疾患,2011,5,2011-05-01,3,0,0,0,0,0,6,11,34,50,86,116,177,152,153,180,141,118,50,11,3,3,0,0,17,84,202,329,333,323,1,1292
Se30 腎不全,2011,5,2011-05-01,0,0,1,0,0,1,1,3,6,5,13,23,63,68,139,237,389,471,389,177,28,0,1,1,4,11,36,131,376,1454,0,2014
Se31 老衰,2011,5,2011-05-01,0,0,0,0,0,0,0,0,0,0,0,0,0,3,19,93,335,784,1229,1079,471,0,0,0,0,0,0,3,112,3898,0,4013
Se32 不慮の事故,2011,5,2011-05-01,83,86,82,83,85,94,102,140,159,165,229,327,428,431,559,718,825,610,328,114,14,169,165,179,242,324,556,859,1277,1891,169,5831
Se33 交通事故,2011,5,2011-05-01,6,5,6,19,14,20,13,23,21,21,25,38,44,44,42,61,54,26,7,0,0,11,25,34,36,42,63,88,103,87,1,490
Se34 自殺,2011,5,2011-05-01,0,0,9,52,155,202,229,296,251,266,258,297,329,234,198,180,121,83,30,5,2,0,61,357,525,517,555,563,378,241,12,3209
総数,2011,6,2011-06-01,294,82,72,147,277,319,430,674,949,1221,1890,2993,5752,6385,8828,12870,16649,16586,12097,5886,1454,376,219,596,1104,2170,4883,12137,21698,52672,245,96100
Se01 結核,2011,6,2011-06-01,0,0,0,0,1,0,0,0,0,0,1,3,3,8,10,30,44,40,29,12,1,0,0,1,0,0,4,11,40,126,0,182
Se02 悪性新生物＜腫瘍＞,2011,6,2011-06-01,8,21,9,9,20,29,65,123,243,380,739,1330,2819,3052,3888,4983,5087,3630,1779,564,77,29,18,49,188,623,2069,5871,8871,11137,3,28858
Se03 食道の悪性新生物＜腫瘍＞,2011,6,2011-06-01,0,0,0,0,0,0,1,0,4,8,26,55,144,168,152,178,134,71,28,11,1,0,0,0,1,12,81,312,330,245,0,981
Se04 胃の悪性新生物＜腫瘍＞,2011,6,2011-06-01,0,0,0,0,0,6,13,20,28,36,82,168,384,425,519,724,720,536,295,80,9,0,0,6,33,64,250,809,1243,1640,0,4045
Se05 結腸の悪性新生物＜腫瘍＞,2011,6,2011-06-01,0,0,0,0,0,1,3,10,9,29,60,95,226,239,318,356,428,352,219,67,11,0,0,1,13,38,155,465,674,1077,0,2423
Se06 直腸Ｓ状結腸移行部及び直腸の悪性新生物＜腫瘍＞,2011,6,2011-06-01,0,0,0,0,0,1,2,3,11,30,36,76,163,142,174,170,155,119,57,20,1,0,0,1,5,41,112,305,344,352,2,1162
Se07 肝及び肝内胆管の悪性新生物＜腫瘍＞,2011,6,2011-06-01,1,0,0,0,0,0,5,7,8,15,63,86,222,265,433,569,468,276,114,22,4,1,0,0,12,23,149,487,1002,884,0,2558
Se08 胆のう及びその他の胆道の悪性新生物＜腫瘍＞,2011,6,2011-06-01,0,0,0,0,0,0,0,0,2,7,15,43,97,118,172,243,326,275,130,53,6,0,0,0,0,9,58,215,415,790,0,1487
Se09 膵の悪性新生物＜腫瘍＞,2011,6,2011-06-01,0,0,0,0,0,0,2,1,11,27,58,99,235,267,344,421,392,264,132,51,9,0,0,0,3,38,157,502,765,848,0,2313
Se10 気管，気管支及び肺の悪性新生物＜腫瘍＞,2011,6,2011-06-01,0,1,0,0,2,0,2,8,34,47,102,221,554,627,817,1049,1102,715,273,92,11,1,0,2,10,81,323,1181,1866,2193,0,5657
Se11 乳房の悪性新生物＜腫瘍＞,2011,6,2011-06-01,0,0,0,0,1,2,7,21,42,59,93,140,166,124,93,89,88,67,42,22,3,0,0,3,28,101,233,290,182,222,1,1060
Se12 子宮の悪性新生物＜腫瘍＞,2011,6,2011-06-01,0,0,0,0,0,2,5,15,24,23,42,50,59,52,57,59,57,41,23,3,0,0,0,2,20,47,92,111,116,124,0,512
Se13 白血病,2011,6,2011-06-01,3,6,3,2,6,5,12,5,12,14,18,32,70,72,90,128,102,67,28,5,0,9,5,11,17,26,50,142,218,202,0,680
Se14 糖尿病,2011,6,2011-06-01,0,0,0,0,1,1,1,3,6,12,30,34,92,102,104,148,200,194,119,47,8,0,0,2,4,18,64,194,252,568,0,1102
Se15 高血圧性疾患,2011,6,2011-06-01,0,0,0,0,0,1,2,0,2,2,4,10,18,22,34,52,66,113,95,66,17,0,0,1,2,4,14,40,86,357,0,504
Se16 心疾患（高血圧性を除く）,2011,6,2011-06-01,4,4,2,5,13,12,28,60,100,120,201,326,656,717,1063,1536,2448,2774,2281,1152,306,8,7,25,88,220,527,1373,2599,8961,1,13809
Se17 急性心筋梗塞,2011,6,2011-06-01,0,0,0,0,2,2,5,15,30,37,69,95,218,227,310,377,585,497,332,128,28,0,0,4,20,67,164,445,687,1570,0,2957
Se18 その他の虚血性心疾患,2011,6,2011-06-01,0,0,0,0,0,2,5,18,20,23,59,95,157,179,275,338,433,403,239,128,26,0,0,2,23,43,154,336,613,1229,1,2401
Se19 不整脈及び伝導障害,2011,6,2011-06-01,1,0,0,0,1,2,8,9,20,16,25,55,89,93,148,219,349,397,296,140,35,1,0,3,17,36,80,182,367,1217,0,1903
Se20 心不全,2011,6,2011-06-01,0,0,2,3,6,2,6,12,23,27,31,50,123,137,222,433,807,1141,1138,648,192,0,5,8,18,50,81,260,655,3926,0,5003
Se21 脳血管疾患,2011,6,2011-06-01,0,1,1,2,3,9,19,28,66,112,123,208,391,432,705,1150,1746,1910,1421,661,142,1,3,12,47,178,331,823,1855,5880,4,9134
Se22 くも膜下出血,2011,6,2011-06-01,0,0,1,1,2,6,8,14,28,46,42,60,109,84,101,123,143,121,55,20,1,0,2,8,22,74,102,193,224,340,0,965
Se23 脳内出血,2011,6,2011-06-01,0,1,0,0,1,3,10,10,27,51,64,120,180,193,240,343,474,413,225,76,17,1,0,4,20,78,184,373,583,1205,3,2451
Se24 脳梗塞,2011,6,2011-06-01,0,0,0,0,0,0,1,2,8,9,9,24,92,143,341,661,1086,1347,1116,542,117,0,0,0,3,17,33,235,1002,4208,1,5499
Se25 大動脈瘤及び解離,2011,6,2011-06-01,0,0,0,0,0,0,3,5,7,11,14,23,52,67,76,155,217,221,123,35,3,0,0,0,8,18,37,119,231,599,0,1012
Se26 肺炎,2011,6,2011-06-01,10,3,1,1,0,3,4,12,9,17,27,60,165,282,517,1118,1863,2377,1894,961,229,13,2,3,16,26,87,447,1635,7324,1,9554
Se27 慢性閉塞性肺疾患,2011,6,2011-06-01,2,0,0,0,0,0,0,1,4,0,0,8,14,54,94,231,347,311,176,57,12,2,0,0,1,4,8,68,325,903,0,1311
Se28 喘息,2011,6,2011-06-01,0,0,0,1,1,0,2,1,1,2,2,2,3,8,11,21,21,43,30,14,6,0,1,1,3,3,4,11,32,114,0,169
Se29 肝疾患,2011,6,2011-06-01,3,0,2,0,1,0,5,19,36,52,82,116,150,166,173,174,163,122,46,14,1,3,2,1,24,88,198,316,347,346,0,1325
Se30 腎不全,2011,6,2011-06-01,1,1,1,0,1,1,2,1,3,3,13,17,62,70,125,232,377,452,326,152,34,2,1,2,3,6,30,132,357,1341,0,1874
Se31 老衰,2011,6,2011-06-01,0,0,0,0,0,0,0,0,0,0,0,0,2,6,23,89,336,728,1129,959,391,0,0,0,0,0,0,8,112,3543,0,3663
Se32 不慮の事故,2011,6,2011-06-01,47,35,32,48,53,60,62,90,123,101,168,200,315,333,494,548,586,509,284,103,19,82,80,113,152,224,368,648,1042,1501,190,4400
Se33 交通事故,2011,6,2011-06-01,2,4,0,19,24,15,18,20,27,15,29,29,34,37,54,63,54,21,8,1,0,6,19,39,38,42,58,71,117,84,0,474
Se34 自殺,2011,6,2011-06-01,0,0,5,59,152,163,166,230,225,242,251,258,283,235,192,181,115,52,27,7,0,0,64,315,396,467,509,518,373,201,9,2852
総数,2011,7,2011-07-01,293,64,73,166,270,330,427,733,918,1273,1896,3054,5718,6710,8927,12902,16671,17028,12084,5883,1469,357,239,600,1160,2191,4950,12428,21829,53135,121,97010
Se01 結核,2011,7,2011-07-01,0,0,0,0,0,0,1,0,0,0,2,2,5,5,9,18,40,44,24,5,0,0,0,0,1,0,4,10,27,113,1,156
Se02 悪性新生物＜腫瘍＞,2011,7,2011-07-01,11,9,9,10,20,32,52,151,236,396,729,1360,2801,3263,4003,5006,5237,3976,1880,619,77,20,19,52,203,632,2089,6064,9009,11789,1,29878
Se03 食道の悪性新生物＜腫瘍＞,2011,7,2011-07-01,0,0,0,0,0,0,0,0,7,10,31,71,133,184,173,170,125,71,27,6,1,0,0,0,0,17,102,317,343,230,0,1009
Se04 胃の悪性新生物＜腫瘍＞,2011,7,2011-07-01,0,0,0,0,1,7,12,21,28,50,92,179,419,429,594,697,711,559,293,94,8,0,0,8,33,78,271,848,1291,1665,0,4194
Se05 結腸の悪性新生物＜腫瘍＞,2011,7,2011-07-01,0,0,0,0,1,3,3,10,22,41,61,118,203,248,312,381,439,436,267,90,14,0,0,4,13,63,179,451,693,1246,0,2649
Se06 直腸Ｓ状結腸移行部及び直腸の悪性新生物＜腫瘍＞,2011,7,2011-07-01,0,0,0,0,0,0,1,7,5,21,43,71,153,160,189,187,153,124,62,22,4,0,0,0,8,26,114,313,376,365,0,1202
Se07 肝及び肝内胆管の悪性新生物＜腫瘍＞,2011,7,2011-07-01,0,0,0,0,0,1,0,7,8,23,47,97,240,285,399,565,510,266,123,29,4,0,0,1,7,31,144,525,964,932,0,2604
Se08 胆のう及びその他の胆道の悪性新生物＜腫瘍＞,2011,7,2011-07-01,0,0,0,0,1,0,0,4,3,7,21,40,105,129,179,259,321,308,137,52,3,0,0,1,4,10,61,234,438,821,0,1569
Se09 膵の悪性新生物＜腫瘍＞,2011,7,2011-07-01,0,0,0,0,0,0,1,2,13,28,49,115,248,328,372,408,412,301,146,41,2,0,0,0,3,41,164,576,780,902,0,2466
Se10 気管，気管支及び肺の悪性新生物＜腫瘍＞,2011,7,2011-07-01,1,0,0,0,0,3,4,11,26,34,97,235,483,674,835,1073,1159,795,294,95,13,1,0,3,15,60,332,1157,1908,2356,0,5832
Se11 乳房の悪性新生物＜腫瘍＞,2011,7,2011-07-01,0,0,0,0,0,1,4,22,38,71,92,125,180,138,91,106,109,67,48,17,3,0,0,1,26,109,217,318,197,244,0,1112
Se12 子宮の悪性新生物＜腫瘍＞,2011,7,2011-07-01,0,0,0,0,0,3,9,14,23,18,36,45,56,60,62,62,48,58,22,7,1,0,0,3,23,41,81,116,124,136,0,524
Se13 白血病,2011,7,2011-07-01,3,1,3,3,5,7,5,11,13,10,15,32,74,77,89,132,122,65,21,6,1,4,6,12,16,23,47,151,221,215,0,695
Se14 糖尿病,2011,7,2011-07-01,0,1,0,0,0,1,5,5,5,15,16,39,86,101,116,140,172,176,120,39,5,1,0,1,10,20,55,187,256,512,0,1042
Se15 高血圧性疾患,2011,7,2011-07-01,0,0,0,0,0,0,0,0,3,4,6,13,16,22,28,42,66,93,107,60,24,0,0,0,0,7,19,38,70,350,1,485
Se16 心疾患（高血圧性を除く）,2011,7,2011-07-01,7,0,6,5,9,21,31,62,93,133,197,303,579,681,1008,1581,2303,2807,2255,1165,261,7,11,30,93,226,500,1260,2589,8791,5,13512
Se17 急性心筋梗塞,2011,7,2011-07-01,0,0,0,0,1,2,7,14,26,43,54,109,173,216,285,382,534,499,318,101,12,0,0,3,21,69,163,389,667,1464,1,2777
Se18 その他の虚血性心疾患,2011,7,2011-07-01,0,0,0,0,1,2,5,17,28,32,47,81,164,189,250,355,394,419,271,101,24,0,0,3,22,60,128,353,605,1209,2,2382
Se19 不整脈及び伝導障害,2011,7,2011-07-01,0,0,3,4,2,9,9,13,14,25,42,35,88,83,127,202,345,371,286,145,23,0,7,11,22,39,77,171,329,1170,2,1828
Se20 心不全,2011,7,2011-07-01,2,0,2,0,3,4,6,7,13,20,35,44,102,125,223,447,777,1213,1115,724,187,2,2,7,13,33,79,227,670,4016,0,5049
Se21 脳血管疾患,2011,7,2011-07-01,3,0,1,0,4,5,15,40,66,82,155,207,363,452,735,1177,1770,1886,1420,626,122,3,1,9,55,148,362,815,1912,5824,3,9132
Se22 くも膜下出血,2011,7,2011-07-01,0,0,0,0,2,4,9,18,28,39,50,66,90,87,111,127,165,126,59,17,5,0,0,6,27,67,116,177,238,372,0,1003
Se23 脳内出血,2011,7,2011-07-01,0,0,1,0,1,0,6,18,32,36,78,92,160,155,268,393,445,422,244,93,12,0,1,1,24,68,170,315,661,1216,1,2457
Se24 脳梗塞,2011,7,2011-07-01,1,0,0,0,0,1,0,3,3,4,21,40,101,202,337,632,1122,1302,1089,507,104,1,0,1,3,7,61,303,969,4124,2,5471
Se25 大動脈瘤及び解離,2011,7,2011-07-01,0,0,0,0,0,0,1,5,3,12,12,22,50,67,92,141,208,211,102,29,5,0,0,0,6,15,34,117,233,555,0,960
Se26 肺炎,2011,7,2011-07-01,5,2,2,1,2,2,2,7,7,17,21,54,167,253,490,978,1841,2364,1858,900,223,7,3,4,9,24,75,420,1468,7186,0,9196
Se27 慢性閉塞性肺疾患,2011,7,2011-07-01,1,0,0,0,0,0,0,0,0,1,1,5,19,63,108,203,303,325,159,48,4,1,0,0,0,1,6,82,311,839,0,1240
Se28 喘息,2011,7,2011-07-01,0,0,0,0,0,0,2,1,2,0,1,3,7,2,5,10,19,28,26,14,2,0,0,0,3,2,4,9,15,89,0,122
Se29 肝疾患,2011,7,2011-07-01,3,0,0,0,0,2,5,13,30,62,76,107,148,151,172,182,159,112,54,21,4,3,0,2,18,92,183,299,354,350,0,1301
Se30 腎不全,2011,7,2011-07-01,0,0,0,0,0,0,1,2,1,3,11,18,41,69,102,245,344,430,328,129,27,0,0,0,3,4,29,110,347,1258,0,1751
Se31 老衰,2011,7,2011-07-01,0,0,0,0,0,0,0,0,0,0,0,0,1,6,27,89,305,800,1192,965,454,0,0,0,0,0,0,7,116,3716,0,3839
Se32 不慮の事故,2011,7,2011-07-01,65,38,28,78,83,95,96,140,142,166,219,286,411,416,517,691,709,556,304,121,29,103,106,178,236,308,505,827,1208,1719,51,5241
Se33 交通事故,2011,7,2011-07-01,8,5,3,20,29,20,19,31,24,25,28,28,47,30,57,58,53,31,8,1,0,13,23,49,50,49,56,77,115,93,1,526
Se34 自殺,2011,7,2011-07-01,0,0,10,43,123,137,159,209,203,197,216,238,267,227,190,158,122,92,28,11,0,0,53,260,368,400,454,494,348,253,18,2648
総数,2011,8,2011-08-01,301,80,71,180,307,351,447,708,1016,1344,1874,3241,6038,6629,9270,13301,17085,17177,12456,6094,1457,381,251,658,1155,2360,5115,12667,22571,54269,189,99616
Se01 結核,2011,8,2011-08-01,0,0,0,0,0,0,0,0,2,3,0,3,9,7,20,19,30,41,25,7,0,0,0,0,0,5,3,16,39,103,0,166
Se02 悪性新生物＜腫瘍＞,2011,8,2011-08-01,10,7,14,14,17,25,63,158,253,402,741,1416,2900,3184,4067,5208,5290,3942,1968,606,85,17,28,42,221,655,2157,6084,9275,11891,0,30370
Se03 食道の悪性新生物＜腫瘍＞,2011,8,2011-08-01,0,0,0,0,0,0,0,0,6,3,28,64,123,164,169,178,134,88,29,8,2,0,0,0,0,9,92,287,347,261,0,996
Se04 胃の悪性新生物＜腫瘍＞,2011,8,2011-08-01,0,0,0,1,1,5,8,28,22,53,102,183,391,461,594,690,756,551,315,115,16,0,1,6,36,75,285,852,1284,1753,0,4292
Se05 結腸の悪性新生物＜腫瘍＞,2011,8,2011-08-01,0,0,0,1,2,2,1,8,17,29,45,115,234,243,341,400,432,431,273,72,12,0,1,4,9,46,160,477,741,1220,0,2658
Se06 直腸Ｓ状結腸移行部及び直腸の悪性新生物＜腫瘍＞,2011,8,2011-08-01,0,0,0,0,0,0,2,5,8,13,37,92,169,145,177,195,161,121,72,18,4,0,0,0,7,21,129,314,372,376,0,1219
Se07 肝及び肝内胆管の悪性新生物＜腫瘍＞,2011,8,2011-08-01,0,0,0,0,0,0,0,5,13,24,44,88,245,284,407,586,507,304,92,29,1,0,0,0,5,37,132,529,993,933,0,2629
Se08 胆のう及びその他の胆道の悪性新生物＜腫瘍＞,2011,8,2011-08-01,0,0,0,0,0,0,0,3,5,5,21,44,95,111,190,265,340,276,168,38,5,0,0,0,3,10,65,206,455,827,0,1566
Se09 膵の悪性新生物＜腫瘍＞,2011,8,2011-08-01,0,0,0,0,0,0,5,14,16,22,66,120,261,297,375,410,378,260,155,33,6,0,0,0,19,38,186,558,785,832,0,2418
Se10 気管，気管支及び肺の悪性新生物＜腫瘍＞,2011,8,2011-08-01,0,0,0,0,0,1,8,9,27,57,101,224,564,679,820,1117,1188,765,294,101,14,0,0,1,17,84,325,1243,1937,2362,0,5969
Se11 乳房の悪性新生物＜腫瘍＞,2011,8,2011-08-01,0,0,0,0,0,0,10,17,38,64,98,124,168,118,120,107,96,79,54,10,5,0,0,0,27,102,222,286,227,244,0,1108
Se12 子宮の悪性新生物＜腫瘍＞,2011,8,2011-08-01,0,0,0,0,0,2,8,13,31,24,40,44,66,53,52,59,55,44,19,9,0,0,0,2,21,55,84,119,111,127,0,519
Se13 白血病,2011,8,2011-08-01,4,1,6,7,2,2,2,13,7,11,20,44,65,71,93,136,109,94,29,10,0,5,13,4,15,18,64,136,229,242,0,726
Se14 糖尿病,2011,8,2011-08-01,0,0,0,0,0,0,0,2,6,9,14,41,67,67,145,177,183,188,107,49,7,0,0,0,2,15,55,134,322,534,0,1062
Se15 高血圧性疾患,2011,8,2011-08-01,0,0,0,0,1,0,0,1,1,0,2,8,17,9,20,42,82,103,106,78,26,0,0,1,1,1,10,26,62,395,0,496
Se16 心疾患（高血圧性を除く）,2011,8,2011-08-01,8,1,2,6,13,22,26,62,84,140,219,340,644,687,970,1598,2340,2751,2266,1175,236,9,8,35,88,224,559,1331,2568,8768,4,13594
Se17 急性心筋梗塞,2011,8,2011-08-01,1,0,0,0,4,2,7,10,31,38,71,122,208,224,263,409,530,532,324,151,20,1,0,6,17,69,193,432,672,1557,1,2948
Se18 その他の虚血性心疾患,2011,8,2011-08-01,0,0,0,0,0,5,5,17,18,32,60,82,170,172,241,353,410,396,247,125,22,0,0,5,22,50,142,342,594,1200,3,2358
Se19 不整脈及び伝導障害,2011,8,2011-08-01,1,0,2,3,3,8,8,17,11,25,28,44,96,107,130,218,364,373,329,129,26,1,5,11,25,36,72,203,348,1221,0,1922
Se20 心不全,2011,8,2011-08-01,0,0,0,1,5,4,6,13,12,23,32,55,112,118,224,436,780,1136,1122,677,150,0,1,9,19,35,87,230,660,3865,0,4906
Se21 脳血管疾患,2011,8,2011-08-01,2,1,1,0,6,2,18,43,75,96,140,204,422,467,725,1217,1769,1903,1421,657,135,3,1,8,61,171,344,889,1942,5885,1,9305
Se22 くも膜下出血,2011,8,2011-08-01,0,0,0,0,2,1,8,17,40,44,54,66,107,81,116,144,161,107,62,20,2,0,0,3,25,84,120,188,260,352,0,1032
Se23 脳内出血,2011,8,2011-08-01,1,1,1,0,2,1,9,21,29,44,72,103,174,199,249,384,461,402,227,75,11,2,1,3,30,73,175,373,633,1176,0,2466
Se24 脳梗塞,2011,8,2011-08-01,0,0,0,0,1,0,0,3,2,7,10,30,129,179,342,663,1110,1361,1100,547,119,0,0,1,3,9,40,308,1005,4237,1,5604
Se25 大動脈瘤及び解離,2011,8,2011-08-01,0,0,0,1,1,1,1,6,3,11,13,24,60,62,89,154,220,211,117,42,6,0,1,2,7,14,37,122,243,596,0,1022
Se26 肺炎,2011,8,2011-08-01,11,2,0,1,3,6,4,8,9,23,28,68,157,266,521,1061,1883,2322,1883,959,214,13,1,9,12,32,96,423,1582,7261,0,9429
Se27 慢性閉塞性肺疾患,2011,8,2011-08-01,0,0,0,0,1,0,0,0,0,1,6,6,20,48,96,222,357,308,172,54,11,0,0,1,0,1,12,68,318,902,0,1302
Se28 喘息,2011,8,2011-08-01,1,0,1,0,0,4,0,1,1,2,2,4,4,6,8,15,22,28,21,8,6,1,1,4,1,3,6,10,23,85,0,134
Se29 肝疾患,2011,8,2011-08-01,2,0,1,0,0,1,1,19,34,58,60,118,163,143,152,156,158,127,49,18,0,2,1,1,20,92,178,306,308,352,0,1260
Se30 腎不全,2011,8,2011-08-01,1,0,1,0,0,0,0,2,3,5,8,23,61,87,153,213,368,417,336,134,22,1,1,0,2,8,31,148,366,1277,0,1834
Se31 老衰,2011,8,2011-08-01,0,0,0,0,0,0,0,0,0,0,0,0,2,7,21,106,360,842,1236,1077,437,0,0,0,0,0,0,9,127,3952,0,4088
Se32 不慮の事故,2011,8,2011-08-01,73,53,42,88,121,90,106,105,159,189,217,320,489,467,642,726,812,633,349,125,31,126,130,211,211,348,537,956,1368,1950,129,5966
Se33 交通事故,2011,8,2011-08-01,6,10,4,28,50,24,22,19,20,30,29,32,48,39,54,64,74,27,8,1,0,16,32,74,41,50,61,87,118,110,0,589
Se34 自殺,2011,8,2011-08-01,0,0,2,48,116,147,155,205,237,228,193,212,232,158,173,139,103,81,31,6,1,0,50,263,360,465,405,390,312,222,8,2475
総数,2011,9,2011-09-01,266,58,53,160,272,317,428,661,958,1152,1775,2991,5731,6362,8866,12921,16298,16787,12245,5952,1490,324,213,589,1089,2110,4766,12093,21787,52772,421,96164
Se01 結核,2011,9,2011-09-01,0,0,0,0,0,0,1,1,0,1,0,2,5,6,9,16,51,52,23,10,0,0,0,0,2,1,2,11,25,136,0,177
Se02 悪性新生物＜腫瘍＞,2011,9,2011-09-01,2,4,12,13,25,24,58,137,247,348,696,1399,2835,3163,3934,5094,5125,3972,1897,603,87,6,25,49,195,595,2095,5998,9028,11684,0,29675
Se03 食道の悪性新生物＜腫瘍＞,2011,9,2011-09-01,0,0,0,0,0,0,0,0,8,7,29,55,165,160,166,196,116,79,30,7,2,0,0,0,0,15,84,325,362,234,0,1020
Se04 胃の悪性新生物＜腫瘍＞,2011,9,2011-09-01,0,0,0,0,1,3,7,13,19,34,86,193,365,440,551,693,709,566,288,112,13,0,0,4,20,53,279,805,1244,1688,0,4093
Se05 結腸の悪性新生物＜腫瘍＞,2011,9,2011-09-01,0,0,1,0,1,0,5,15,20,27,56,114,196,238,359,412,452,370,223,101,13,0,1,1,20,47,170,434,771,1159,0,2603
Se06 直腸Ｓ状結腸移行部及び直腸の悪性新生物＜腫瘍＞,2011,9,2011-09-01,0,0,0,0,0,0,3,2,14,21,41,91,157,189,164,182,183,119,78,25,2,0,0,0,5,35,132,346,346,407,0,1271
Se07 肝及び肝内胆管の悪性新生物＜腫瘍＞,2011,9,2011-09-01,0,1,0,0,0,0,2,7,14,20,40,111,263,268,373,552,472,307,121,25,6,1,0,0,9,34,151,531,925,931,0,2582
Se08 胆のう及びその他の胆道の悪性新生物＜腫瘍＞,2011,9,2011-09-01,0,0,0,0,0,0,1,1,6,6,16,38,88,114,193,260,305,299,154,47,9,0,0,0,2,12,54,202,453,814,0,1537
Se09 膵の悪性新生物＜腫瘍＞,2011,9,2011-09-01,0,0,0,0,0,2,3,4,11,20,55,116,286,286,348,439,390,299,129,38,7,0,0,2,7,31,171,572,787,863,0,2433
Se10 気管，気管支及び肺の悪性新生物＜腫瘍＞,2011,9,2011-09-01,0,0,0,0,1,1,3,14,30,43,92,216,510,662,857,1084,1177,788,317,82,13,0,0,2,17,73,308,1172,1941,2377,0,5890
Se11 乳房の悪性新生物＜腫瘍＞,2011,9,2011-09-01,0,0,0,0,0,0,5,20,36,46,94,128,185,134,107,89,96,76,35,19,3,0,0,0,25,82,222,319,196,229,0,1073
Se12 子宮の悪性新生物＜腫瘍＞,2011,9,2011-09-01,0,0,0,0,0,4,4,15,18,36,31,49,65,52,46,62,55,47,17,6,2,0,0,4,19,54,80,117,108,127,0,509
Se13 白血病,2011,9,2011-09-01,1,0,8,4,10,7,9,7,13,19,16,25,72,62,103,127,112,82,41,7,0,1,12,17,16,32,41,134,230,242,0,725
Se14 糖尿病,2011,9,2011-09-01,0,0,1,0,0,1,0,4,8,15,16,49,72,75,131,170,160,190,111,39,2,0,1,1,4,23,65,147,301,502,0,1044
Se15 高血圧性疾患,2011,9,2011-09-01,0,0,0,0,0,0,2,0,0,1,9,8,16,10,23,44,63,96,87,78,16,0,0,0,2,1,17,26,67,340,0,453
Se16 心疾患（高血圧性を除く）,2011,9,2011-09-01,8,2,4,4,13,18,21,60,98,117,177,269,524,603,896,1462,2244,2631,2171,1139,255,10,8,31,81,215,446,1127,2358,8440,4,12720
Se17 急性心筋梗塞,2011,9,2011-09-01,1,0,0,0,1,4,0,12,32,43,60,95,184,186,267,382,528,507,307,128,28,1,0,5,12,75,155,370,649,1498,3,2768
Se18 その他の虚血性心疾患,2011,9,2011-09-01,0,0,0,0,1,4,5,19,28,20,55,67,115,153,191,301,372,390,265,133,25,0,0,5,24,48,122,268,492,1185,1,2145
Se19 不整脈及び伝導障害,2011,9,2011-09-01,1,1,0,4,6,2,10,14,8,19,23,28,69,77,134,215,338,383,292,132,26,2,4,8,24,27,51,146,349,1171,0,1782
Se20 心不全,2011,9,2011-09-01,0,0,2,0,3,4,2,7,19,16,18,43,99,123,209,388,760,1042,1094,642,159,0,2,7,9,35,61,222,597,3697,0,4630
Se21 脳血管疾患,2011,9,2011-09-01,2,1,2,0,3,5,14,41,73,69,122,180,360,417,695,1207,1660,1916,1402,645,139,3,2,8,55,142,302,777,1902,5762,1,8954
Se22 くも膜下出血,2011,9,2011-09-01,1,0,1,0,2,4,6,26,38,30,45,61,89,99,127,138,138,129,59,18,4,1,1,6,32,68,106,188,265,348,1,1016
Se23 脳内出血,2011,9,2011-09-01,1,1,1,0,1,1,5,10,31,30,61,76,171,166,228,350,415,411,211,79,12,2,1,2,15,61,137,337,578,1128,0,2261
Se24 脳梗塞,2011,9,2011-09-01,0,0,0,0,0,0,1,2,4,8,15,40,86,142,323,689,1084,1332,1109,535,120,0,0,0,3,12,55,228,1012,4180,0,5490
Se25 大動脈瘤及び解離,2011,9,2011-09-01,0,0,0,1,0,1,0,4,12,4,10,29,70,61,101,199,251,210,117,36,6,0,1,1,4,16,39,131,300,620,1,1113
Se26 肺炎,2011,9,2011-09-01,13,1,0,3,5,2,4,5,12,15,26,51,157,247,475,1000,1698,2239,1887,873,217,14,3,7,9,27,77,404,1475,6914,0,8930
Se27 慢性閉塞性肺疾患,2011,9,2011-09-01,0,0,0,0,0,0,1,1,0,2,5,4,27,42,94,215,333,292,164,63,9,0,0,0,2,2,9,69,309,861,0,1252
Se28 喘息,2011,9,2011-09-01,0,0,0,0,0,0,2,1,2,5,0,4,6,4,2,13,23,23,26,9,5,0,0,0,3,7,4,10,15,86,0,125
Se29 肝疾患,2011,9,2011-09-01,1,0,0,0,0,0,1,15,28,56,72,106,169,133,172,168,160,110,56,24,1,1,0,0,16,84,178,302,340,351,1,1273
Se30 腎不全,2011,9,2011-09-01,0,0,0,0,0,0,1,0,2,4,11,15,53,67,121,202,348,419,326,147,24,0,0,0,1,6,26,120,323,1264,1,1741
Se31 老衰,2011,9,2011-09-01,0,0,0,0,0,0,0,0,0,0,0,0,0,9,25,89,320,826,1296,1087,425,0,0,0,0,0,0,9,114,3954,0,4077
Se32 不慮の事故,2011,9,2011-09-01,58,32,19,61,78,87,111,129,170,193,222,319,442,492,662,759,767,607,336,121,30,90,80,165,240,363,541,934,1421,1861,359,6054
Se33 交通事故,2011,9,2011-09-01,3,7,1,23,31,21,10,21,23,22,22,28,35,52,65,89,60,32,8,2,0,10,24,52,31,45,50,87,154,102,1,556
Se34 自殺,2011,9,2011-09-01,0,0,7,51,121,140,156,171,185,161,181,202,249,178,181,132,102,67,31,12,0,0,58,261,327,346,383,427,313,212,16,2343
総数,2011,10,2011-10-01,263,40,44,123,224,269,350,558,935,1216,1777,2897,5869,6646,9266,13342,17864,18252,13091,6510,1571,303,167,493,908,2151,4674,12515,22608,57288,99,101206
Se01 結核,2011,10,2011-10-01,0,0,0,0,0,0,0,0,1,1,0,1,5,5,18,30,37,56,27,5,0,0,0,0,0,2,1,10,48,125,0,186
Se02 悪性新生物＜腫瘍＞,2011,10,2011-10-01,9,5,11,14,22,28,51,104,259,400,741,1368,2976,3322,4213,5264,5542,4082,1938,633,75,14,25,50,155,659,2109,6298,9477,12270,4,31061
Se03 食道の悪性新生物＜腫瘍＞,2011,10,2011-10-01,0,0,0,0,0,0,1,3,4,12,27,73,168,159,178,168,139,85,33,5,0,0,0,0,4,16,100,327,346,262,0,1055
Se04 胃の悪性新生物＜腫瘍＞,2011,10,2011-10-01,0,0,0,0,1,4,8,10,35,43,86,177,408,406,621,729,775,565,305,107,16,0,0,5,18,78,263,814,1350,1768,1,4297
Se05 結腸の悪性新生物＜腫瘍＞,2011,10,2011-10-01,0,0,0,0,0,3,3,5,26,33,48,100,251,277,334,435,531,458,249,90,8,0,0,3,8,59,148,528,769,1336,0,2851
Se06 直腸Ｓ状結腸移行部及び直腸の悪性新生物＜腫瘍＞,2011,10,2011-10-01,0,0,0,0,0,0,2,6,6,17,27,77,180,153,203,219,190,126,62,33,5,0,0,0,8,23,104,333,422,416,0,1306
Se07 肝及び肝内胆管の悪性新生物＜腫瘍＞,2011,10,2011-10-01,0,0,1,0,0,0,2,5,9,27,56,89,254,288,403,562,521,304,117,28,1,0,1,0,7,36,145,542,965,971,1,2668
Se08 胆のう及びその他の胆道の悪性新生物＜腫瘍＞,2011,10,2011-10-01,0,0,0,0,0,0,1,3,4,7,17,38,85,106,203,246,311,280,149,48,4,0,0,0,4,11,55,191,449,792,0,1502
Se09 膵の悪性新生物＜腫瘍＞,2011,10,2011-10-01,0,0,0,0,0,1,0,1,12,24,58,107,272,293,352,434,418,325,131,40,8,0,0,1,1,36,165,565,786,922,0,2476
Se10 気管，気管支及び肺の悪性新生物＜腫瘍＞,2011,10,2011-10-01,1,0,0,0,0,0,2,3,25,46,96,197,544,784,893,1122,1139,829,353,95,7,1,0,0,5,71,293,1328,2015,2423,1,6137
Se11 乳房の悪性新生物＜腫瘍＞,2011,10,2011-10-01,0,0,0,0,0,1,7,20,40,56,102,153,170,144,109,97,99,79,36,22,3,0,0,1,27,96,255,314,206,239,0,1138
Se12 子宮の悪性新生物＜腫瘍＞,2011,10,2011-10-01,0,0,0,0,0,2,3,8,19,25,35,39,62,55,51,69,62,48,28,5,1,0,0,2,11,44,74,117,120,144,0,512
Se13 白血病,2011,10,2011-10-01,3,1,4,6,8,3,6,9,9,24,20,40,72,71,91,98,114,57,32,6,1,4,10,11,15,33,60,143,189,210,0,675
Se14 糖尿病,2011,10,2011-10-01,0,0,0,0,1,0,2,1,9,8,19,34,87,94,132,188,195,186,118,34,7,0,0,1,3,17,53,181,320,540,0,1115
Se15 高血圧性疾患,2011,10,2011-10-01,0,0,0,0,0,0,1,0,3,4,7,9,11,18,33,42,81,128,119,87,27,0,0,0,1,7,16,29,75,442,0,570
Se16 心疾患（高血圧性を除く）,2011,10,2011-10-01,13,2,2,7,4,13,30,43,102,146,196,291,642,722,1057,1618,2564,3004,2462,1287,284,15,9,17,73,248,487,1364,2675,9601,5,14494
Se17 急性心筋梗塞,2011,10,2011-10-01,0,0,0,0,0,3,5,14,24,50,57,104,214,231,320,445,593,606,373,133,17,0,0,3,19,74,161,445,765,1722,0,3189
Se18 その他の虚血性心疾患,2011,10,2011-10-01,0,0,0,1,2,1,5,6,25,41,64,62,162,170,237,331,439,464,315,153,25,0,1,3,11,66,126,332,568,1396,2,2505
Se19 不整脈及び伝導障害,2011,10,2011-10-01,4,0,0,0,1,4,7,10,20,19,32,41,100,101,150,253,356,409,314,142,29,4,0,5,17,39,73,201,403,1250,1,1993
Se20 心不全,2011,10,2011-10-01,1,0,0,3,1,5,6,6,14,17,26,55,114,141,233,432,880,1220,1197,735,189,1,3,6,12,31,81,255,665,4221,1,5276
Se21 脳血管疾患,2011,10,2011-10-01,0,1,2,1,2,5,10,36,80,112,163,226,432,481,812,1254,1914,2004,1503,722,120,1,3,7,46,192,389,913,2066,6263,0,9880
Se22 くも膜下出血,2011,10,2011-10-01,0,0,1,0,0,3,3,18,36,46,61,56,116,92,126,139,182,117,71,22,2,0,1,3,21,82,117,208,265,394,0,1091
Se23 脳内出血,2011,10,2011-10-01,0,0,1,1,2,1,6,15,37,55,84,143,201,217,301,413,505,437,268,109,12,0,2,3,21,92,227,418,714,1331,0,2808
Se24 脳梗塞,2011,10,2011-10-01,0,0,0,0,0,0,0,2,5,8,14,20,104,160,373,676,1191,1408,1139,574,101,0,0,0,2,13,34,264,1049,4413,0,5775
Se25 大動脈瘤及び解離,2011,10,2011-10-01,0,0,0,0,1,2,2,5,13,18,24,30,75,92,116,199,255,267,148,48,5,0,0,3,7,31,54,167,315,723,0,1300
Se26 肺炎,2011,10,2011-10-01,6,3,1,2,3,4,4,8,16,16,28,83,166,252,527,1066,1961,2467,2028,974,226,9,3,7,12,32,111,418,1593,7656,0,9841
Se27 慢性閉塞性肺疾患,2011,10,2011-10-01,0,0,0,0,0,0,0,0,0,1,1,8,31,43,97,222,318,380,193,57,14,0,0,0,0,1,9,74,319,962,0,1365
Se28 喘息,2011,10,2011-10-01,0,0,0,1,0,0,0,0,1,2,2,2,5,6,7,22,25,33,23,7,1,0,1,0,0,3,4,11,29,89,0,137
Se29 肝疾患,2011,10,2011-10-01,0,0,0,0,0,3,4,9,46,54,63,106,163,166,169,167,178,120,64,14,2,0,0,3,13,100,169,329,336,378,2,1330
Se30 腎不全,2011,10,2011-10-01,0,0,0,0,1,0,0,2,1,8,12,25,64,90,151,211,397,464,367,158,32,0,0,1,2,9,37,154,362,1418,0,1983
Se31 老衰,2011,10,2011-10-01,0,0,0,0,0,0,0,0,0,0,0,0,0,9,18,93,397,975,1448,1183,481,0,0,0,0,0,0,9,111,4484,0,4604
Se32 不慮の事故,2011,10,2011-10-01,26,11,9,36,44,36,48,68,86,93,111,165,247,276,369,512,609,500,289,144,20,37,45,80,116,179,276,523,881,1562,40,3739
Se33 交通事故,2011,10,2011-10-01,5,8,2,30,26,19,21,23,28,24,19,33,51,58,68,97,73,45,17,1,0,13,32,45,44,52,52,109,165,136,0,648
Se34 自殺,2011,10,2011-10-01,0,0,4,37,115,134,127,196,202,188,188,181,226,174,132,129,100,84,22,12,0,0,41,249,323,390,369,400,261,218,19,2270
総数,2011,11,2011-11-01,286,37,44,131,217,279,369,582,933,1108,1667,2913,5911,6591,9262,13777,18163,18624,13608,6651,1667,323,175,496,951,2041,4580,12502,23039,58713,156,102976
Se01 結核,2011,11,2011-11-01,0,0,0,0,0,0,0,0,0,1,1,1,8,4,18,25,49,40,30,6,1,0,0,0,0,1,2,12,43,126,0,184
Se02 悪性新生物＜腫瘍＞,2011,11,2011-11-01,10,5,8,12,21,26,60,130,242,374,590,1339,2839,3223,4052,4992,5188,3951,1958,582,80,15,20,47,190,616,1929,6062,9044,11759,0,29682
Se03 食道の悪性新生物＜腫瘍＞,2011,11,2011-11-01,0,0,0,0,0,0,0,1,3,6,26,74,144,170,164,150,125,73,27,7,1,0,0,0,1,9,100,314,314,233,0,971
Se04 胃の悪性新生物＜腫瘍＞,2011,11,2011-11-01,0,0,0,0,1,1,10,25,28,41,70,156,331,411,562,685,694,618,315,79,5,0,0,2,35,69,226,742,1247,1711,0,4032
Se05 結腸の悪性新生物＜腫瘍＞,2011,11,2011-11-01,0,0,0,0,3,0,3,11,20,34,43,102,238,271,308,404,446,445,253,86,10,0,0,3,14,54,145,509,712,1240,0,2677
Se06 直腸Ｓ状結腸移行部及び直腸の悪性新生物＜腫瘍＞,2011,11,2011-11-01,0,0,0,0,0,0,1,3,6,20,24,79,139,172,209,172,177,128,66,27,5,0,0,0,4,26,103,311,381,403,0,1228
Se07 肝及び肝内胆管の悪性新生物＜腫瘍＞,2011,11,2011-11-01,0,0,0,0,0,1,3,8,6,21,40,115,252,284,419,570,512,293,108,31,5,0,0,1,11,27,155,536,989,949,0,2668
Se08 胆のう及びその他の胆道の悪性新生物＜腫瘍＞,2011,11,2011-11-01,0,0,0,0,0,0,0,4,4,14,17,43,90,110,173,272,303,288,143,47,12,0,0,0,4,18,60,200,445,793,0,1520
Se09 膵の悪性新生物＜腫瘍＞,2011,11,2011-11-01,0,0,0,0,0,1,3,5,10,24,53,106,265,297,373,441,404,282,130,39,3,0,0,1,8,34,159,562,814,858,0,2436
Se10 気管，気管支及び肺の悪性新生物＜腫瘍＞,2011,11,2011-11-01,0,0,0,0,1,2,5,9,22,39,81,228,553,710,873,1070,1130,722,331,72,8,0,0,3,14,61,309,1263,1943,2263,0,5856
Se11 乳房の悪性新生物＜腫瘍＞,2011,11,2011-11-01,0,0,0,0,0,1,3,13,43,61,73,122,164,110,85,98,101,61,52,25,6,0,0,1,16,104,195,274,183,245,0,1018
Se12 子宮の悪性新生物＜腫瘍＞,2011,11,2011-11-01,0,0,0,0,0,2,7,18,17,28,24,39,59,38,43,50,62,52,19,10,2,0,0,2,25,45,63,97,93,145,0,470
Se13 白血病,2011,11,2011-11-01,3,1,4,5,6,7,6,9,9,12,26,29,69,63,84,118,96,65,23,6,0,4,9,13,15,21,55,132,202,190,0,641
Se14 糖尿病,2011,11,2011-11-01,0,0,0,1,1,1,2,3,12,20,21,37,82,100,128,216,196,175,146,37,10,0,1,2,5,32,58,182,344,564,0,1188
Se15 高血圧性疾患,2011,11,2011-11-01,0,0,0,0,0,0,2,1,2,3,2,12,14,21,32,49,88,111,129,78,20,0,0,0,3,5,14,35,81,426,0,564
Se16 心疾患（高血圧性を除く）,2011,11,2011-11-01,11,2,3,4,14,12,26,49,111,135,205,330,686,815,1089,1877,2850,3314,2599,1390,307,13,7,26,75,246,535,1501,2966,10460,0,15829
Se17 急性心筋梗塞,2011,11,2011-11-01,0,0,0,0,1,1,7,13,39,52,72,104,234,251,313,511,688,680,432,141,19,0,0,2,20,91,176,485,824,1960,0,3558
Se18 その他の虚血性心疾患,2011,11,2011-11-01,1,0,0,1,5,2,2,11,24,24,46,81,175,195,258,382,515,523,343,134,41,1,1,7,13,48,127,370,640,1556,0,2763
Se19 不整脈及び伝導障害,2011,11,2011-11-01,1,2,1,1,4,2,9,9,19,20,36,51,96,121,158,273,433,454,313,166,39,3,2,6,18,39,87,217,431,1405,0,2208
Se20 心不全,2011,11,2011-11-01,1,0,1,1,1,3,5,9,15,25,28,59,116,158,242,505,937,1307,1261,829,188,1,2,4,14,40,87,274,747,4522,0,5691
Se21 脳血管疾患,2011,11,2011-11-01,2,0,2,1,2,6,14,28,71,89,160,240,452,486,784,1292,1944,2141,1575,680,142,2,3,8,42,160,400,938,2076,6482,3,10114
Se22 くも膜下出血,2011,11,2011-11-01,1,0,1,1,2,4,9,11,32,35,58,65,111,87,117,144,162,155,74,16,2,1,2,6,20,67,123,198,261,409,0,1087
Se23 脳内出血,2011,11,2011-11-01,1,0,1,0,0,2,4,15,30,47,85,134,211,222,312,411,532,493,243,95,14,1,1,2,19,77,219,433,723,1377,2,2854
Se24 脳梗塞,2011,11,2011-11-01,0,0,0,0,0,0,0,1,6,7,12,35,119,164,334,706,1200,1437,1213,555,120,0,0,0,1,13,47,283,1040,4525,1,5910
Se25 大動脈瘤及び解離,2011,11,2011-11-01,0,0,0,0,1,1,2,6,12,10,25,39,88,99,143,200,313,268,160,53,8,0,0,2,8,22,64,187,343,802,0,1428
Se26 肺炎,2011,11,2011-11-01,5,2,1,2,1,4,8,4,13,12,32,53,167,261,568,1147,2050,2576,2061,1050,244,7,3,5,12,25,85,428,1715,7981,0,10261
Se27 慢性閉塞性肺疾患,2011,11,2011-11-01,0,0,1,0,0,0,0,0,1,1,1,4,23,49,99,224,347,316,187,69,10,0,1,0,0,2,5,72,323,929,0,1332
Se28 喘息,2011,11,2011-11-01,0,0,0,0,0,0,0,0,3,3,0,6,8,6,13,21,40,30,30,16,4,0,0,0,0,6,6,14,34,120,0,180
Se29 肝疾患,2011,11,2011-11-01,0,0,0,0,0,0,7,22,37,37,79,104,169,172,162,172,160,116,42,19,1,0,0,0,29,74,183,341,334,338,1,1300
Se30 腎不全,2011,11,2011-11-01,1,0,0,0,0,0,2,3,2,5,8,25,55,68,137,239,394,493,371,172,39,1,0,0,5,7,33,123,376,1469,0,2014
Se31 老衰,2011,11,2011-11-01,0,0,0,0,0,0,0,0,0,0,0,0,4,5,23,100,394,920,1453,1205,487,0,0,0,0,0,0,9,123,4459,0,4591
Se32 不慮の事故,2011,11,2011-11-01,47,10,10,36,45,49,64,83,103,95,134,195,342,317,443,674,764,603,350,152,29,57,46,94,147,198,329,659,1117,1898,103,4648
Se33 交通事故,2011,11,2011-11-01,8,0,4,16,27,21,23,23,28,22,26,39,59,46,54,94,74,40,9,5,0,8,20,48,46,50,65,105,148,128,0,618
Se34 自殺,2011,11,2011-11-01,0,0,8,48,108,129,124,167,201,167,180,158,240,139,143,128,89,64,35,6,0,0,56,237,291,368,338,379,271,194,12,2146
総数,2011,12,2011-12-01,319,47,42,125,222,285,369,645,954,1286,1990,3174,6555,7392,10450,15538,21014,21511,15645,7674,1902,366,167,507,1014,2240,5164,13947,25988,67746,102,117241
Se01 結核,2011,12,2011-12-01,0,0,0,0,0,0,1,0,0,1,3,1,4,10,11,29,40,45,31,7,0,0,0,0,1,1,4,14,40,123,1,184
Se02 悪性新生物＜腫瘍＞,2011,12,2011-12-01,5,4,4,9,23,24,62,129,233,392,699,1395,2997,3316,4276,5305,5516,4080,2010,618,107,9,13,47,191,625,2094,6313,9581,12331,3,31207
Se03 食道の悪性新生物＜腫瘍＞,2011,12,2011-12-01,0,0,0,0,0,0,0,1,1,12,26,60,159,159,200,177,143,95,28,11,2,0,0,0,1,13,86,318,377,279,0,1074
Se04 胃の悪性新生物＜腫瘍＞,2011,12,2011-12-01,0,0,0,0,0,3,6,18,29,39,88,193,449,447,588,714,718,625,301,86,13,0,0,3,24,68,281,896,1302,1743,1,4318
Se05 結腸の悪性新生物＜腫瘍＞,2011,12,2011-12-01,0,0,0,0,2,3,4,10,16,27,57,107,223,252,328,419,471,409,252,105,19,0,0,5,14,43,164,475,747,1256,0,2704
Se06 直腸Ｓ状結腸移行部及び直腸の悪性新生物＜腫瘍＞,2011,12,2011-12-01,0,0,0,0,0,1,0,6,7,20,33,86,159,168,194,183,175,148,85,25,4,0,0,1,6,27,119,327,377,437,0,1294
Se07 肝及び肝内胆管の悪性新生物＜腫瘍＞,2011,12,2011-12-01,1,0,0,0,2,0,2,2,12,18,56,109,251,272,407,563,531,305,134,26,6,1,0,2,4,30,165,523,970,1002,1,2698
Se08 胆のう及びその他の胆道の悪性新生物＜腫瘍＞,2011,12,2011-12-01,0,0,0,0,0,0,1,1,2,4,14,42,87,123,219,275,314,264,163,55,8,0,0,0,2,6,56,210,494,804,0,1572
Se09 膵の悪性新生物＜腫瘍＞,2011,12,2011-12-01,0,0,0,1,0,1,0,4,14,25,48,117,269,323,370,451,433,287,141,41,8,0,1,1,4,39,165,592,821,910,0,2533
Se10 気管，気管支及び肺の悪性新生物＜腫瘍＞,2011,12,2011-12-01,0,0,0,0,0,2,5,9,30,52,107,218,577,703,871,1147,1241,766,343,92,17,0,0,2,14,82,325,1280,2018,2459,1,6181
Se11 乳房の悪性新生物＜腫瘍＞,2011,12,2011-12-01,0,0,0,0,0,1,8,22,34,65,79,139,180,127,108,103,90,70,44,21,4,0,0,1,30,99,218,307,211,229,0,1095
Se12 子宮の悪性新生物＜腫瘍＞,2011,12,2011-12-01,0,0,0,0,0,0,8,6,21,30,42,44,60,47,52,59,73,63,23,6,0,0,0,0,14,51,86,107,111,165,0,534
Se13 白血病,2011,12,2011-12-01,2,0,2,3,7,6,8,10,6,12,23,29,75,78,103,107,112,84,37,7,2,2,5,13,18,18,52,153,210,242,0,713
Se14 糖尿病,2011,12,2011-12-01,0,0,1,1,0,0,2,6,12,16,24,43,96,131,156,205,268,277,128,53,7,0,2,0,8,28,67,227,361,733,0,1426
Se15 高血圧性疾患,2011,12,2011-12-01,0,0,0,0,0,0,1,1,2,1,4,16,16,21,41,67,105,161,169,91,27,0,0,0,2,3,20,37,108,553,1,724
Se16 心疾患（高血圧性を除く）,2011,12,2011-12-01,7,4,1,4,9,10,32,67,105,162,269,386,900,1020,1476,2442,3687,4136,3397,1558,371,11,5,19,99,267,655,1920,3918,13149,4,20047
Se17 急性心筋梗塞,2011,12,2011-12-01,0,1,0,0,2,1,8,16,28,67,79,134,315,343,425,656,897,869,572,196,33,1,0,3,24,95,213,658,1081,2567,0,4642
Se18 その他の虚血性心疾患,2011,12,2011-12-01,0,0,0,1,1,1,13,13,26,29,86,92,218,255,359,568,757,677,458,160,28,0,1,2,26,55,178,473,927,2080,3,3745
Se19 不整脈及び伝導障害,2011,12,2011-12-01,1,0,0,1,3,2,6,16,18,24,42,63,143,133,201,371,536,577,449,209,47,1,1,5,22,42,105,276,572,1818,0,2842
Se20 心不全,2011,12,2011-12-01,1,1,0,0,3,4,4,12,17,27,30,60,158,192,334,604,1138,1572,1560,854,243,2,0,7,16,44,90,350,938,5367,1,6815
Se21 脳血管疾患,2011,12,2011-12-01,0,0,1,3,4,7,8,46,96,123,186,237,536,592,873,1508,2220,2416,1751,837,130,0,4,11,54,219,423,1128,2381,7354,1,11575
Se22 くも膜下出血,2011,12,2011-12-01,0,0,0,0,1,5,5,21,45,50,66,71,137,111,125,173,190,158,68,29,3,0,0,6,26,95,137,248,298,448,0,1258
Se23 脳内出血,2011,12,2011-12-01,0,0,0,3,3,1,2,20,44,59,98,119,272,266,329,481,583,529,331,115,11,0,3,4,22,103,217,538,810,1569,1,3267
Se24 脳梗塞,2011,12,2011-12-01,0,0,0,0,0,0,1,2,5,9,17,40,109,196,397,820,1378,1671,1322,674,111,0,0,0,3,14,57,305,1217,5156,0,6752
Se25 大動脈瘤及び解離,2011,12,2011-12-01,0,0,0,0,0,1,2,6,11,15,31,57,114,113,169,241,336,341,194,55,6,0,0,1,8,26,88,227,410,932,0,1692
Se26 肺炎,2011,12,2011-12-01,14,3,1,3,0,2,3,14,11,26,38,74,184,292,597,1356,2239,2946,2326,1206,280,17,4,2,17,37,112,476,1953,8997,0,11615
Se27 慢性閉塞性肺疾患,2011,12,2011-12-01,0,0,0,0,0,0,0,1,3,0,1,10,29,56,122,235,410,394,228,74,7,0,0,0,1,3,11,85,357,1113,0,1570
Se28 喘息,2011,12,2011-12-01,0,0,0,0,0,0,2,1,3,5,2,7,5,7,10,28,30,38,31,26,5,0,0,0,3,8,9,12,38,130,0,200
Se29 肝疾患,2011,12,2011-12-01,3,0,0,0,0,2,4,18,32,61,81,112,193,180,222,191,180,136,69,19,2,3,0,2,22,93,193,373,413,406,1,1506
Se30 腎不全,2011,12,2011-12-01,0,0,0,0,1,1,0,1,8,4,9,34,62,82,169,267,500,581,382,188,37,0,0,2,1,12,43,144,436,1688,0,2326
Se31 老衰,2011,12,2011-12-01,0,0,0,0,0,0,0,0,0,0,0,0,0,10,33,119,490,1066,1630,1373,589,0,0,0,0,0,0,10,152,5148,1,5311
Se32 不慮の事故,2011,12,2011-12-01,29,15,10,47,52,45,55,74,108,105,174,184,334,376,593,806,912,810,457,166,25,44,57,97,129,213,358,710,1399,2370,32,5409
Se33 交通事故,2011,12,2011-12-01,6,7,4,27,24,13,16,23,29,28,43,41,53,64,65,79,74,52,11,4,0,13,31,37,39,57,84,117,144,141,1,664
Se34 自殺,2011,12,2011-12-01,0,0,6,32,104,148,145,179,187,170,188,187,216,157,127,94,84,47,23,3,1,0,38,252,324,357,375,373,221,158,16,2114
総数,2012,1,2012-01-01,264,34,46,96,192,272,363,619,917,1268,1904,3108,6396,7476,10638,16200,21574,22924,16985,8320,1966,298,142,464,982,2185,5012,13872,26838,71769,29,121591
Se01 結核,2012,1,2012-01-01,0,0,0,0,0,0,0,0,1,2,1,2,4,4,14,24,39,44,26,5,2,0,0,0,0,3,3,8,38,116,0,168
Se02 悪性新生物＜腫瘍＞,2012,1,2012-01-01,9,6,10,16,12,26,59,135,269,398,723,1333,2889,3195,4142,5237,5415,4056,2043,631,83,15,26,38,194,667,2056,6084,9379,12228,4,30691
Se03 食道の悪性新生物＜腫瘍＞,2012,1,2012-01-01,0,0,0,0,0,0,0,3,4,10,31,55,129,167,178,173,137,74,19,13,1,0,0,0,3,14,86,296,351,244,1,995
Se04 胃の悪性新生物＜腫瘍＞,2012,1,2012-01-01,0,0,0,0,0,5,12,23,24,41,90,148,373,455,533,697,752,565,287,118,15,0,0,5,35,65,238,828,1230,1737,0,4138
Se05 結腸の悪性新生物＜腫瘍＞,2012,1,2012-01-01,0,0,1,1,2,1,4,9,23,36,50,104,207,252,342,453,469,412,275,83,12,0,2,3,13,59,154,459,795,1251,1,2737
Se06 直腸Ｓ状結腸移行部及び直腸の悪性新生物＜腫瘍＞,2012,1,2012-01-01,0,0,0,0,1,0,2,4,17,26,41,86,177,151,170,222,178,129,81,20,4,0,0,1,6,43,127,328,392,412,0,1309
Se07 肝及び肝内胆管の悪性新生物＜腫瘍＞,2012,1,2012-01-01,0,0,0,0,0,0,1,3,8,14,55,108,253,270,456,535,495,286,126,29,3,0,0,0,4,22,163,523,991,939,0,2642
Se08 胆のう及びその他の胆道の悪性新生物＜腫瘍＞,2012,1,2012-01-01,0,0,0,0,0,0,0,3,3,9,22,46,98,112,180,252,316,266,150,55,7,0,0,0,3,12,68,210,432,794,0,1519
Se09 膵の悪性新生物＜腫瘍＞,2012,1,2012-01-01,0,0,0,0,0,0,0,5,19,20,69,111,244,286,343,444,417,312,157,43,3,0,0,0,5,39,180,530,787,932,0,2473
Se10 気管，気管支及び肺の悪性新生物＜腫瘍＞,2012,1,2012-01-01,0,0,0,1,0,2,0,14,26,53,84,222,584,702,919,1074,1230,808,342,94,7,0,1,2,14,79,306,1286,1993,2481,0,6162
Se11 乳房の悪性新生物＜腫瘍＞,2012,1,2012-01-01,0,0,0,0,0,2,7,13,50,62,81,112,154,128,104,117,89,75,50,18,5,0,0,2,20,112,193,282,221,237,1,1068
Se12 子宮の悪性新生物＜腫瘍＞,2012,1,2012-01-01,0,0,0,0,0,1,7,13,29,31,37,51,59,45,46,62,52,45,33,7,2,0,0,1,20,60,88,104,108,139,0,520
Se13 白血病,2012,1,2012-01-01,2,2,2,6,1,6,8,10,7,9,17,32,70,71,77,121,118,80,34,7,0,4,8,7,18,16,49,141,198,239,0,680
Se14 糖尿病,2012,1,2012-01-01,0,0,0,0,1,3,4,9,13,15,34,55,93,115,161,270,279,257,145,60,10,0,0,4,13,28,89,208,431,751,0,1524
Se15 高血圧性疾患,2012,1,2012-01-01,0,0,0,0,0,0,0,1,3,3,6,12,20,26,38,71,109,156,188,106,20,0,0,0,1,6,18,46,109,579,0,759
Se16 心疾患（高血圧性を除く）,2012,1,2012-01-01,13,1,3,5,5,25,36,68,102,194,255,429,915,1153,1671,2779,3970,4666,3568,1809,359,14,8,30,104,296,684,2068,4450,14372,3,22029
Se17 急性心筋梗塞,2012,1,2012-01-01,1,0,0,0,1,2,11,13,35,60,94,144,295,365,500,783,1025,1016,608,238,36,1,0,3,24,95,238,660,1283,2923,1,5228
Se18 その他の虚血性心疾患,2012,1,2012-01-01,0,0,0,0,2,2,3,13,21,56,63,100,218,284,383,661,797,784,482,186,34,0,0,4,16,77,163,502,1044,2283,0,4089
Se19 不整脈及び伝導障害,2012,1,2012-01-01,3,0,1,0,2,6,8,12,19,26,40,73,160,168,255,383,580,652,423,240,42,3,1,8,20,45,113,328,638,1937,1,3094
Se20 心不全,2012,1,2012-01-01,1,0,1,1,0,8,8,14,13,33,30,76,150,219,377,705,1177,1704,1697,992,214,1,2,8,22,46,106,369,1082,5784,1,7421
Se21 脳血管疾患,2012,1,2012-01-01,1,0,1,0,1,4,14,52,75,97,176,256,498,638,950,1544,2276,2561,1861,831,175,1,1,5,66,172,432,1136,2494,7704,1,12012
Se22 くも膜下出血,2012,1,2012-01-01,0,0,1,0,1,2,4,24,34,40,61,58,113,116,135,186,209,175,79,24,8,0,1,3,28,74,119,229,321,495,0,1270
Se23 脳内出血,2012,1,2012-01-01,0,0,0,0,0,1,8,22,32,48,90,146,253,270,347,507,668,573,301,112,19,0,0,1,30,80,236,523,854,1673,1,3398
Se24 脳梗塞,2012,1,2012-01-01,0,0,0,0,0,1,1,6,8,7,19,40,112,233,442,808,1334,1750,1451,674,145,0,0,1,7,15,59,345,1250,5354,0,7031
Se25 大動脈瘤及び解離,2012,1,2012-01-01,0,0,1,1,1,2,1,3,9,16,29,47,87,100,152,232,347,332,172,45,5,0,2,3,4,25,76,187,384,901,0,1582
Se26 肺炎,2012,1,2012-01-01,6,1,2,1,3,2,7,8,18,15,42,89,225,348,742,1461,2606,3356,2686,1368,296,7,3,5,15,33,131,573,2203,10312,0,13282
Se27 慢性閉塞性肺疾患,2012,1,2012-01-01,1,0,0,0,0,0,0,1,2,1,1,15,28,58,116,247,451,393,231,66,11,1,0,0,1,3,16,86,363,1152,1,1623
Se28 喘息,2012,1,2012-01-01,0,0,0,0,0,0,2,0,2,0,1,3,4,11,15,24,38,33,46,17,3,0,0,0,2,2,4,15,39,137,0,199
Se29 肝疾患,2012,1,2012-01-01,0,0,0,0,0,3,7,12,36,62,98,123,220,199,199,231,209,151,50,15,3,0,0,3,19,98,221,419,430,428,1,1619
Se30 腎不全,2012,1,2012-01-01,1,0,1,0,1,0,1,4,3,6,9,31,70,94,161,311,506,578,476,215,34,1,1,1,5,9,40,164,472,1809,0,2502
Se31 老衰,2012,1,2012-01-01,0,0,0,0,0,0,0,0,0,0,0,0,2,5,26,122,466,1118,1791,1466,612,0,0,0,0,0,0,7,148,5453,0,5608
Se32 不慮の事故,2012,1,2012-01-01,13,6,5,24,30,36,38,59,67,81,116,141,268,316,448,676,887,834,530,181,44,19,29,66,97,148,257,584,1124,2476,4,4804
Se33 交通事故,2012,1,2012-01-01,2,1,1,12,19,18,15,20,17,22,17,21,43,50,50,56,72,44,11,1,0,3,13,37,35,39,38,93,106,128,2,494
Se34 自殺,2012,1,2012-01-01,0,0,2,28,102,126,142,165,173,198,192,168,213,160,145,99,79,47,19,7,0,0,30,228,307,371,360,373,244,152,5,2070
総数,2012,2,2012-02-01,266,52,44,100,195,235,331,591,867,1147,1799,2939,6065,6935,9848,14926,20347,21537,16050,7880,1969,318,144,430,922,2014,4738,13000,24774,67783,30,114153
Se01 結核,2012,2,2012-02-01,0,0,0,0,0,0,1,1,0,2,0,4,5,14,17,21,31,46,26,6,0,0,0,0,2,2,4,19,38,109,0,174
Se02 悪性新生物＜腫瘍＞,2012,2,2012-02-01,13,11,11,15,14,27,62,120,239,369,697,1228,2736,3014,3911,4920,5122,3816,1910,625,84,24,26,41,182,608,1925,5750,8831,11557,4,28948
Se03 食道の悪性新生物＜腫瘍＞,2012,2,2012-02-01,0,0,0,0,0,0,0,2,5,13,42,51,112,146,176,148,113,82,30,11,0,0,0,0,2,18,93,258,324,236,0,931
Se04 胃の悪性新生物＜腫瘍＞,2012,2,2012-02-01,0,0,0,0,3,2,9,16,18,26,89,145,341,429,585,662,702,590,292,90,8,0,0,5,25,44,234,770,1247,1682,0,4007
Se05 結腸の悪性新生物＜腫瘍＞,2012,2,2012-02-01,0,0,0,1,1,3,1,7,17,31,50,99,226,226,334,403,454,378,228,88,10,0,1,4,8,48,149,452,737,1158,0,2557
Se06 直腸Ｓ状結腸移行部及び直腸の悪性新生物＜腫瘍＞,2012,2,2012-02-01,0,0,0,0,0,1,2,7,10,22,33,87,152,174,173,160,158,116,67,28,2,0,0,1,9,32,120,326,333,371,0,1192
Se07 肝及び肝内胆管の悪性新生物＜腫瘍＞,2012,2,2012-02-01,0,1,0,0,0,1,2,1,16,16,42,88,251,274,365,536,500,293,121,23,7,1,0,1,3,32,130,525,901,944,0,2537
Se08 胆のう及びその他の胆道の悪性新生物＜腫瘍＞,2012,2,2012-02-01,0,0,0,0,1,0,1,1,6,6,27,35,91,115,164,265,253,255,132,56,8,0,0,1,2,12,62,206,429,704,0,1416
Se09 膵の悪性新生物＜腫瘍＞,2012,2,2012-02-01,0,0,0,0,0,0,5,9,7,22,58,107,264,277,362,399,405,283,136,31,6,0,0,0,14,29,165,541,761,861,0,2371
Se10 気管，気管支及び肺の悪性新生物＜腫瘍＞,2012,2,2012-02-01,0,0,0,0,0,0,3,13,31,52,107,222,517,621,810,1026,1111,769,343,104,12,0,0,0,16,83,329,1138,1836,2339,1,5742
Se11 乳房の悪性新生物＜腫瘍＞,2012,2,2012-02-01,0,0,0,0,0,0,6,16,38,58,71,106,142,107,100,101,95,79,38,20,2,0,0,0,22,96,177,249,201,234,1,980
Se12 子宮の悪性新生物＜腫瘍＞,2012,2,2012-02-01,0,0,0,0,0,5,4,9,18,22,31,47,71,37,45,60,51,36,24,6,1,0,0,5,13,40,78,108,105,118,0,467
Se13 白血病,2012,2,2012-02-01,4,5,3,3,3,5,5,4,10,16,13,32,61,68,86,101,113,63,21,9,2,9,6,8,9,26,45,129,187,208,0,627
Se14 糖尿病,2012,2,2012-02-01,0,0,0,0,1,1,2,6,13,15,23,39,108,112,134,230,271,243,141,55,9,0,0,2,8,28,62,220,364,719,0,1403
Se15 高血圧性疾患,2012,2,2012-02-01,0,0,0,0,0,0,0,3,6,4,7,6,23,25,35,84,113,169,174,109,32,0,0,0,3,10,13,48,119,597,1,791
Se16 心疾患（高血圧性を除く）,2012,2,2012-02-01,3,2,1,6,8,15,38,58,128,165,234,411,882,1032,1546,2449,3743,4225,3325,1637,391,5,7,23,96,293,645,1914,3995,13321,1,20300
Se17 急性心筋梗塞,2012,2,2012-02-01,0,0,0,0,0,1,5,11,34,46,83,139,270,295,472,640,926,863,573,200,25,0,0,1,16,80,222,565,1112,2587,0,4583
Se18 その他の虚血性心疾患,2012,2,2012-02-01,0,0,0,1,1,3,13,19,32,44,53,97,231,284,396,583,734,680,436,197,34,0,1,4,32,76,150,515,979,2081,1,3839
Se19 不整脈及び伝導障害,2012,2,2012-02-01,1,0,0,2,2,4,7,12,21,24,28,61,139,169,226,365,586,636,431,195,43,1,2,6,19,45,89,308,591,1891,0,2952
Se20 心不全,2012,2,2012-02-01,0,1,0,1,3,4,7,8,21,35,48,70,164,197,320,609,1112,1614,1526,905,252,1,1,7,15,56,118,361,929,5409,0,6897
Se21 脳血管疾患,2012,2,2012-02-01,1,0,0,3,3,5,15,37,65,94,177,262,478,593,839,1454,2165,2427,1784,798,170,1,3,8,52,159,439,1071,2293,7344,2,11372
Se22 くも膜下出血,2012,2,2012-02-01,1,0,0,1,2,1,5,17,32,40,68,79,126,109,108,167,190,184,82,22,4,1,1,3,22,72,147,235,275,482,0,1238
Se23 脳内出血,2012,2,2012-02-01,0,0,0,2,1,4,9,19,28,46,88,138,228,273,324,453,589,520,271,104,17,0,2,5,28,74,226,501,777,1501,1,3115
Se24 脳梗塞,2012,2,2012-02-01,0,0,0,0,0,0,0,1,3,7,16,36,110,198,386,784,1344,1672,1391,657,144,0,0,0,1,10,52,308,1170,5208,0,6749
Se25 大動脈瘤及び解離,2012,2,2012-02-01,0,0,0,0,0,2,1,7,9,18,22,35,91,128,151,228,321,308,150,54,8,0,0,2,8,27,57,219,379,841,0,1533
Se26 肺炎,2012,2,2012-02-01,7,4,2,1,0,0,4,12,12,14,39,86,208,329,655,1339,2356,3045,2589,1337,296,11,3,0,16,26,125,537,1994,9623,2,12337
Se27 慢性閉塞性肺疾患,2012,2,2012-02-01,0,0,0,0,0,0,1,1,0,1,2,8,26,50,114,235,408,374,202,69,11,0,0,0,2,1,10,76,349,1064,0,1502
Se28 喘息,2012,2,2012-02-01,0,0,0,0,1,0,1,3,2,1,2,2,5,7,9,18,35,38,46,19,5,0,0,1,4,3,4,12,27,143,0,194
Se29 肝疾患,2012,2,2012-02-01,2,0,0,0,1,0,5,22,31,59,88,114,171,178,193,204,188,120,57,17,1,2,0,1,27,90,202,349,397,383,0,1451
Se30 腎不全,2012,2,2012-02-01,1,0,0,0,0,0,0,3,5,9,12,26,67,81,139,277,476,620,468,209,32,1,0,0,3,14,38,148,416,1805,0,2425
Se31 老衰,2012,2,2012-02-01,0,0,0,0,0,0,0,0,0,0,0,0,4,10,33,116,473,1063,1646,1356,575,0,0,0,0,0,0,14,149,5113,0,5276
Se32 不慮の事故,2012,2,2012-02-01,11,4,8,19,30,28,45,45,62,72,94,150,233,257,374,625,729,737,458,176,36,15,27,58,90,134,244,490,999,2136,6,4199
Se33 交通事故,2012,2,2012-02-01,3,1,1,14,13,11,17,16,21,20,18,41,52,40,40,58,48,38,13,1,0,4,15,24,33,41,59,92,98,100,0,466
Se34 自殺,2012,2,2012-02-01,0,0,9,38,103,112,104,178,174,179,176,179,214,158,129,94,76,36,19,4,2,0,47,215,282,353,355,372,223,137,7,1991
総数,2012,3,2012-03-01,290,47,38,97,259,293,366,611,887,1217,1843,2930,5960,6873,9730,14561,19603,20854,15123,7546,1804,337,135,552,977,2104,4773,12833,24291,64930,37,110969
Se01 結核,2012,3,2012-03-01,0,0,0,0,0,0,1,0,0,1,1,1,8,8,15,26,38,48,31,9,3,0,0,0,1,1,2,16,41,129,0,190
Se02 悪性新生物＜腫瘍＞,2012,3,2012-03-01,13,10,5,10,16,27,72,118,249,361,682,1305,2791,3169,4042,5009,5366,4121,1928,642,81,23,15,43,190,610,1987,5960,9051,12138,1,30018
Se03 食道の悪性新生物＜腫瘍＞,2012,3,2012-03-01,0,0,0,0,0,0,0,1,6,9,25,54,142,161,173,157,125,77,25,11,2,0,0,0,1,15,79,303,330,240,0,968
Se04 胃の悪性新生物＜腫瘍＞,2012,3,2012-03-01,0,0,0,0,1,3,10,16,25,45,71,183,399,398,529,669,696,552,291,117,10,0,0,4,26,70,254,797,1198,1666,0,4015
Se05 結腸の悪性新生物＜腫瘍＞,2012,3,2012-03-01,0,0,0,1,0,1,2,11,20,33,54,95,209,251,321,401,429,401,250,82,12,0,1,1,13,53,149,460,722,1174,0,2573
Se06 直腸Ｓ状結腸移行部及び直腸の悪性新生物＜腫瘍＞,2012,3,2012-03-01,0,0,0,0,0,2,2,3,14,14,49,67,166,154,185,192,188,138,58,26,0,0,0,2,5,28,116,320,377,410,0,1258
Se07 肝及び肝内胆管の悪性新生物＜腫瘍＞,2012,3,2012-03-01,0,0,0,0,1,0,3,4,10,18,52,101,258,272,400,506,510,295,115,31,6,0,0,1,7,28,153,530,906,957,0,2582
Se08 胆のう及びその他の胆道の悪性新生物＜腫瘍＞,2012,3,2012-03-01,0,0,0,0,0,0,1,2,2,8,20,33,82,108,180,259,329,295,147,38,7,0,0,0,3,10,53,190,439,816,0,1511
Se09 膵の悪性新生物＜腫瘍＞,2012,3,2012-03-01,0,0,0,0,0,0,2,6,17,33,53,125,255,300,367,432,435,313,145,43,2,0,0,0,8,50,178,555,799,938,0,2528
Se10 気管，気管支及び肺の悪性新生物＜腫瘍＞,2012,3,2012-03-01,0,0,0,0,1,0,2,8,24,36,84,212,534,731,875,1066,1201,865,324,104,10,0,0,1,10,60,296,1265,1941,2504,0,6077
Se11 乳房の悪性新生物＜腫瘍＞,2012,3,2012-03-01,0,0,0,0,0,3,10,21,51,52,72,117,150,106,111,99,85,85,46,20,3,0,0,3,31,103,189,256,210,239,0,1031
Se12 子宮の悪性新生物＜腫瘍＞,2012,3,2012-03-01,0,0,0,0,1,1,8,11,15,23,36,48,63,39,49,59,75,53,17,10,1,0,0,2,19,38,84,102,108,156,0,509
Se13 白血病,2012,3,2012-03-01,4,4,1,4,2,2,7,2,6,6,18,38,53,69,83,118,102,69,22,9,1,8,5,4,9,12,56,122,201,203,0,620
Se14 糖尿病,2012,3,2012-03-01,0,0,0,0,0,1,2,6,6,16,28,45,89,104,154,208,249,230,145,48,11,0,0,1,8,22,73,193,362,683,0,1342
Se15 高血圧性疾患,2012,3,2012-03-01,0,0,0,0,0,0,0,1,1,3,8,10,16,23,40,54,97,151,139,100,28,0,0,0,1,4,18,39,94,515,1,672
Se16 心疾患（高血圧性を除く）,2012,3,2012-03-01,15,1,2,2,12,20,18,71,117,164,236,380,754,906,1412,2245,3318,3887,3113,1525,333,16,4,32,89,281,616,1660,3657,12176,2,18533
Se17 急性心筋梗塞,2012,3,2012-03-01,0,0,0,0,2,0,3,15,32,55,82,120,239,276,378,586,765,728,490,184,30,0,0,2,18,87,202,515,964,2197,0,3985
Se18 その他の虚血性心疾患,2012,3,2012-03-01,0,0,0,0,0,3,5,17,31,35,52,99,193,240,345,528,674,656,421,178,23,0,0,3,22,66,151,433,873,1952,1,3501
Se19 不整脈及び伝導障害,2012,3,2012-03-01,4,0,2,2,3,8,5,15,21,28,36,56,109,131,204,302,468,539,428,183,33,4,4,11,20,49,92,240,506,1651,1,2578
Se20 心不全,2012,3,2012-03-01,2,0,0,0,4,4,3,19,17,26,38,61,144,154,334,628,1083,1530,1434,840,218,2,0,8,22,43,99,298,962,5105,0,6539
Se21 脳血管疾患,2012,3,2012-03-01,3,1,0,2,1,6,9,32,68,118,159,227,470,602,792,1473,2144,2416,1739,773,159,4,2,7,41,186,386,1072,2265,7231,1,11195
Se22 くも膜下出血,2012,3,2012-03-01,0,1,0,2,0,3,2,14,25,42,52,67,113,120,115,163,173,141,81,24,3,1,2,3,16,67,119,233,278,422,0,1141
Se23 脳内出血,2012,3,2012-03-01,2,0,0,0,1,3,5,16,38,58,93,121,236,247,295,470,633,572,302,98,13,2,0,4,21,96,214,483,765,1618,0,3203
Se24 脳梗塞,2012,3,2012-03-01,1,0,0,0,0,0,0,0,4,15,11,34,104,216,355,801,1278,1652,1306,628,136,1,0,0,0,19,45,320,1156,5000,1,6542
Se25 大動脈瘤及び解離,2012,3,2012-03-01,0,0,0,0,0,0,1,5,10,21,16,49,82,87,142,227,324,339,169,49,8,0,0,0,6,31,65,169,369,889,0,1529
Se26 肺炎,2012,3,2012-03-01,8,4,2,1,6,4,6,7,9,13,40,68,194,255,602,1224,2203,2854,2280,1199,244,12,3,10,13,22,108,449,1826,8780,2,11225
Se27 慢性閉塞性肺疾患,2012,3,2012-03-01,0,1,0,1,0,0,0,0,2,0,1,8,28,56,96,220,364,421,192,52,20,1,1,0,0,2,9,84,316,1049,1,1463
Se28 喘息,2012,3,2012-03-01,2,0,0,0,0,0,1,1,0,2,4,3,3,11,12,28,33,35,28,17,3,2,0,0,2,2,7,14,40,116,0,183
Se29 肝疾患,2012,3,2012-03-01,1,0,0,0,1,1,3,23,21,65,95,110,191,151,200,202,181,125,56,14,2,1,0,2,26,86,205,342,402,378,0,1442
Se30 腎不全,2012,3,2012-03-01,0,1,0,2,1,0,0,1,7,4,16,19,68,106,163,270,421,536,440,193,36,1,2,1,1,11,35,174,433,1626,0,2284
Se31 老衰,2012,3,2012-03-01,0,0,0,0,0,0,0,0,0,0,0,0,2,16,33,121,434,1063,1594,1340,569,0,0,0,0,0,0,18,154,5000,0,5172
Se32 不慮の事故,2012,3,2012-03-01,25,10,6,24,37,27,56,62,60,81,82,128,224,230,327,570,659,602,356,175,23,35,30,64,118,141,210,454,897,1815,7,3771
Se33 交通事故,2012,3,2012-03-01,7,3,4,22,25,9,15,23,22,20,29,36,45,39,42,51,64,31,13,2,0,10,26,34,38,42,65,84,93,110,1,503
Se34 自殺,2012,3,2012-03-01,0,0,6,34,147,169,140,192,209,209,214,213,233,182,150,133,93,71,24,4,1,0,40,316,332,418,427,415,283,193,5,2429
総数,2012,4,2012-04-01,300,36,39,117,205,290,362,532,876,1108,1676,2674,5614,6470,9066,13597,17900,18770,13922,7071,1711,336,156,495,894,1984,4350,12084,22663,59374,40,102376
Se01 結核,2012,4,2012-04-01,0,0,0,0,0,0,1,1,1,0,3,3,9,3,16,20,36,52,24,13,2,0,0,0,2,1,6,12,36,127,0,184
Se02 悪性新生物＜腫瘍＞,2012,4,2012-04-01,8,5,9,15,10,25,53,130,269,374,649,1231,2740,3019,3895,4979,4990,3846,1877,613,88,13,24,35,183,643,1880,5759,8874,11414,3,28828
Se03 食道の悪性新生物＜腫瘍＞,2012,4,2012-04-01,0,0,0,0,0,0,0,1,2,6,23,49,149,147,160,159,108,71,38,7,0,0,0,0,1,8,72,296,319,224,1,921
Se04 胃の悪性新生物＜腫瘍＞,2012,4,2012-04-01,0,0,0,0,0,2,7,16,44,49,71,178,371,406,584,661,653,539,288,89,15,0,0,2,23,93,249,777,1245,1584,0,3973
Se05 結腸の悪性新生物＜腫瘍＞,2012,4,2012-04-01,0,0,0,0,0,0,3,9,15,28,52,109,194,219,313,436,474,392,243,102,11,0,0,0,12,43,161,413,749,1222,0,2600
Se06 直腸Ｓ状結腸移行部及び直腸の悪性新生物＜腫瘍＞,2012,4,2012-04-01,0,0,0,0,1,1,2,3,11,22,30,74,146,157,182,204,162,151,56,18,1,0,0,2,5,33,104,303,386,388,1,1222
Se07 肝及び肝内胆管の悪性新生物＜腫瘍＞,2012,4,2012-04-01,1,0,0,1,0,1,3,8,10,21,36,91,244,286,363,551,490,304,99,33,4,1,1,1,11,31,127,530,914,930,0,2546
Se08 胆のう及びその他の胆道の悪性新生物＜腫瘍＞,2012,4,2012-04-01,0,0,0,0,0,0,0,1,7,11,10,36,105,103,178,248,316,269,149,46,10,0,0,0,1,18,46,208,426,790,0,1489
Se09 膵の悪性新生物＜腫瘍＞,2012,4,2012-04-01,0,0,0,0,0,1,1,3,10,25,50,128,279,306,360,439,359,324,126,40,4,0,0,1,4,35,178,585,799,853,0,2455
Se10 気管，気管支及び肺の悪性新生物＜腫瘍＞,2012,4,2012-04-01,0,0,0,0,0,0,5,9,31,51,107,197,491,642,795,1035,1058,724,306,96,16,0,0,0,14,82,304,1133,1830,2200,1,5564
Se11 乳房の悪性新生物＜腫瘍＞,2012,4,2012-04-01,0,0,0,0,0,0,10,16,41,46,78,113,143,118,118,91,82,70,38,20,5,0,0,0,26,87,191,261,209,215,0,989
Se12 子宮の悪性新生物＜腫瘍＞,2012,4,2012-04-01,0,0,0,0,0,2,4,11,22,25,38,38,70,47,45,43,55,48,26,10,1,0,0,2,15,47,76,117,88,140,0,485
Se13 白血病,2012,4,2012-04-01,3,1,3,3,2,2,5,13,11,13,21,23,63,63,78,120,105,67,30,4,1,4,6,4,18,24,44,126,198,207,0,631
Se14 糖尿病,2012,4,2012-04-01,0,0,0,1,0,1,2,1,8,9,24,43,83,102,147,180,237,210,140,45,6,0,1,1,3,17,67,185,327,638,0,1239
Se15 高血圧性疾患,2012,4,2012-04-01,0,0,0,0,0,0,0,1,1,4,4,6,14,21,30,53,76,126,125,82,26,0,0,0,1,5,10,35,83,435,1,570
Se16 心疾患（高血圧性を除く）,2012,4,2012-04-01,13,1,0,3,6,15,31,54,94,144,207,317,683,820,1211,1983,2910,3399,2861,1482,304,14,3,21,85,238,524,1503,3194,10956,3,16541
Se17 急性心筋梗塞,2012,4,2012-04-01,0,0,0,0,1,1,4,12,25,48,81,101,200,259,333,471,659,620,408,174,19,0,0,2,16,73,182,459,804,1880,2,3418
Se18 その他の虚血性心疾患,2012,4,2012-04-01,0,0,0,0,1,5,10,10,23,31,52,83,176,194,275,467,519,557,367,146,33,0,0,6,20,54,135,370,742,1622,0,2949
Se19 不整脈及び伝導障害,2012,4,2012-04-01,3,0,0,1,2,4,9,12,14,27,26,48,105,113,191,289,424,466,379,185,36,3,1,6,21,41,74,218,480,1490,0,2334
Se20 心不全,2012,4,2012-04-01,3,0,0,1,0,2,3,10,20,29,30,49,130,149,285,533,996,1360,1405,820,192,3,1,2,13,49,79,279,818,4773,1,6018
Se21 脳血管疾患,2012,4,2012-04-01,1,1,3,1,4,7,10,28,73,99,126,228,451,513,762,1268,1923,2116,1561,718,147,2,4,11,38,172,354,964,2030,6465,3,10043
Se22 くも膜下出血,2012,4,2012-04-01,0,0,0,0,3,2,8,15,33,40,42,70,106,115,126,144,163,130,71,22,2,0,0,5,23,73,112,221,270,388,0,1092
Se23 脳内出血,2012,4,2012-04-01,1,1,3,0,0,4,1,11,31,47,65,129,231,193,260,411,521,474,273,98,11,2,3,4,12,78,194,424,671,1377,3,2768
Se24 脳梗塞,2012,4,2012-04-01,0,0,0,0,1,1,0,1,6,9,17,25,107,188,353,682,1199,1465,1187,584,130,0,0,2,1,15,42,295,1035,4565,0,5955
Se25 大動脈瘤及び解離,2012,4,2012-04-01,0,0,0,0,1,2,2,6,11,7,22,34,72,86,140,198,266,249,148,47,8,0,0,3,8,18,56,158,338,718,0,1299
Se26 肺炎,2012,4,2012-04-01,8,0,0,3,2,4,5,4,9,29,35,62,172,288,494,1120,1975,2541,2099,1037,278,8,3,6,9,38,97,460,1614,7930,0,10165
Se27 慢性閉塞性肺疾患,2012,4,2012-04-01,0,0,0,0,0,0,0,0,1,1,1,6,31,50,86,235,343,380,184,57,8,0,0,0,0,2,7,81,321,972,0,1383
Se28 喘息,2012,4,2012-04-01,1,0,0,0,0,1,0,2,1,3,4,4,2,3,12,16,26,42,24,21,1,1,0,1,2,4,8,5,28,114,0,163
Se29 肝疾患,2012,4,2012-04-01,1,0,1,0,1,0,3,15,40,50,72,95,140,143,185,183,172,104,49,17,2,1,1,1,18,90,167,283,368,344,3,1276
Se30 腎不全,2012,4,2012-04-01,0,0,0,0,0,0,0,1,3,4,15,18,64,74,151,261,420,536,356,198,25,0,0,0,1,7,33,138,412,1535,0,2126
Se31 老衰,2012,4,2012-04-01,0,0,0,0,0,0,0,0,0,0,0,0,0,7,26,108,435,960,1485,1321,540,0,0,0,0,0,0,7,134,4741,0,4882
Se32 不慮の事故,2012,4,2012-04-01,22,6,9,20,34,33,45,35,73,57,94,87,168,216,294,433,562,476,326,107,18,28,29,67,80,130,181,384,727,1489,4,3119
Se33 交通事故,2012,4,2012-04-01,7,4,4,18,20,13,19,10,30,15,30,19,36,49,38,62,50,23,14,2,0,11,22,33,29,45,49,85,100,89,0,463
Se34 自殺,2012,4,2012-04-01,0,0,2,43,107,155,150,173,178,193,207,180,203,177,162,142,93,59,24,3,0,0,45,262,323,371,387,380,304,179,12,2263
総数,2012,5,2012-05-01,264,52,41,127,220,269,328,578,877,1157,1748,2785,5512,6404,9009,13028,17380,18226,13223,6350,1652,316,168,489,906,2034,4533,11916,22037,56831,46,99276
Se01 結核,2012,5,2012-05-01,0,0,0,0,0,0,0,0,0,2,1,4,7,8,11,22,36,46,29,5,0,0,0,0,0,2,5,15,33,116,0,171
Se02 悪性新生物＜腫瘍＞,2012,5,2012-05-01,12,7,10,14,16,27,60,125,242,376,711,1315,2717,3222,4099,5009,5281,4042,1979,553,82,19,24,43,185,618,2026,5939,9108,11937,0,29899
Se03 食道の悪性新生物＜腫瘍＞,2012,5,2012-05-01,0,0,0,0,0,0,0,2,2,17,33,49,136,197,186,148,130,73,33,7,1,0,0,0,2,19,82,333,334,244,0,1014
Se04 胃の悪性新生物＜腫瘍＞,2012,5,2012-05-01,0,0,0,0,1,1,10,18,32,54,76,182,373,429,568,693,736,584,283,67,12,0,0,2,28,86,258,802,1261,1682,0,4119
Se05 結腸の悪性新生物＜腫瘍＞,2012,5,2012-05-01,0,0,0,0,1,2,8,12,23,34,49,100,226,250,328,379,479,417,260,80,15,0,0,3,20,57,149,476,707,1251,0,2663
Se06 直腸Ｓ状結腸移行部及び直腸の悪性新生物＜腫瘍＞,2012,5,2012-05-01,0,0,0,0,0,0,1,6,5,18,49,85,167,154,175,184,164,109,72,21,4,0,0,0,7,23,134,321,359,370,0,1214
Se07 肝及び肝内胆管の悪性新生物＜腫瘍＞,2012,5,2012-05-01,2,0,2,0,0,1,1,5,7,13,48,106,210,266,391,519,470,305,128,25,3,2,2,1,6,20,154,476,910,931,0,2502
Se08 胆のう及びその他の胆道の悪性新生物＜腫瘍＞,2012,5,2012-05-01,0,0,0,0,0,0,1,1,4,5,15,36,81,123,167,273,297,285,151,43,7,0,0,0,2,9,51,204,440,783,0,1489
Se09 膵の悪性新生物＜腫瘍＞,2012,5,2012-05-01,0,0,0,0,0,0,2,6,14,22,63,116,236,298,359,430,402,340,128,38,4,0,0,0,8,36,179,534,789,912,0,2458
Se10 気管，気管支及び肺の悪性新生物＜腫瘍＞,2012,5,2012-05-01,0,0,0,0,0,3,3,9,31,51,90,213,503,678,891,1083,1130,768,316,96,16,0,0,3,12,82,303,1181,1974,2326,0,5881
Se11 乳房の悪性新生物＜腫瘍＞,2012,5,2012-05-01,0,0,0,0,0,2,4,17,38,54,93,126,158,144,103,96,94,83,45,21,3,0,0,2,21,92,219,302,199,246,0,1081
Se12 子宮の悪性新生物＜腫瘍＞,2012,5,2012-05-01,0,0,0,0,0,1,5,15,16,24,33,39,62,44,54,65,67,55,27,10,0,0,0,1,20,40,72,106,119,159,0,517
Se13 白血病,2012,5,2012-05-01,3,1,2,4,2,3,5,4,9,9,21,30,45,66,99,104,110,73,26,5,0,4,6,5,9,18,51,111,203,214,0,621
Se14 糖尿病,2012,5,2012-05-01,0,0,0,0,1,0,2,5,14,16,13,40,79,92,123,199,203,224,116,39,5,0,0,1,7,30,53,171,322,587,0,1171
Se15 高血圧性疾患,2012,5,2012-05-01,0,0,0,0,0,0,0,0,2,3,5,7,18,16,23,44,72,125,115,73,23,0,0,0,0,5,12,34,67,408,1,527
Se16 心疾患（高血圧性を除く）,2012,5,2012-05-01,10,4,1,9,10,20,35,67,111,135,219,353,645,747,1073,1700,2604,3188,2593,1288,271,14,10,30,102,246,572,1392,2773,9944,4,15087
Se17 急性心筋梗塞,2012,5,2012-05-01,0,0,0,1,1,2,2,20,29,44,61,111,206,220,283,437,595,592,362,131,22,0,1,3,22,73,172,426,720,1702,1,3120
Se18 その他の虚血性心疾患,2012,5,2012-05-01,0,0,0,0,0,2,7,18,24,30,55,82,155,175,232,361,477,444,304,147,25,0,0,2,25,54,137,330,593,1397,2,2540
Se19 不整脈及び伝導障害,2012,5,2012-05-01,2,0,0,4,7,6,11,15,24,17,42,54,104,106,131,235,343,472,357,143,23,2,4,13,26,41,96,210,366,1338,1,2097
Se20 心不全,2012,5,2012-05-01,1,1,0,3,1,6,8,8,20,24,37,64,117,156,287,478,899,1287,1311,748,170,2,3,7,16,44,101,273,765,4415,0,5626
Se21 脳血管疾患,2012,5,2012-05-01,2,1,1,0,3,3,15,29,74,83,150,214,440,473,754,1218,1751,2036,1557,726,147,3,1,6,44,157,364,913,1972,6217,1,9678
Se22 くも膜下出血,2012,5,2012-05-01,1,0,0,0,1,3,6,12,30,39,62,65,90,84,122,120,149,125,68,27,5,1,0,4,18,69,127,174,242,374,0,1009
Se23 脳内出血,2012,5,2012-05-01,0,1,1,0,2,0,8,12,37,32,72,106,216,201,270,375,477,431,285,97,15,1,1,2,20,69,178,417,645,1305,0,2638
Se24 脳梗塞,2012,5,2012-05-01,1,0,0,0,0,0,1,3,6,9,15,32,120,180,345,696,1077,1438,1164,584,125,1,0,0,4,15,47,300,1041,4388,1,5797
Se25 大動脈瘤及び解離,2012,5,2012-05-01,0,0,0,0,0,1,0,5,8,5,20,19,43,62,125,182,266,263,122,43,5,0,0,1,5,13,39,105,307,699,0,1169
Se26 肺炎,2012,5,2012-05-01,10,5,3,1,1,0,5,3,9,15,32,67,160,270,502,1065,1874,2392,1880,932,260,15,4,1,8,24,99,430,1567,7338,1,9487
Se27 慢性閉塞性肺疾患,2012,5,2012-05-01,0,0,0,0,1,0,0,0,0,3,4,10,19,46,92,195,364,337,188,48,6,0,0,1,0,3,14,65,287,943,0,1313
Se28 喘息,2012,5,2012-05-01,0,0,0,0,0,0,1,1,2,2,3,2,4,8,5,18,26,41,22,15,3,0,0,0,2,4,5,12,23,107,0,153
Se29 肝疾患,2012,5,2012-05-01,1,0,0,0,0,1,5,10,41,67,82,90,162,140,175,179,163,116,55,17,3,1,0,1,15,108,172,302,354,354,0,1307
Se30 腎不全,2012,5,2012-05-01,0,1,0,0,0,0,1,3,5,5,5,28,52,67,116,250,388,467,396,159,35,1,0,0,4,10,33,119,366,1445,0,1978
Se31 老衰,2012,5,2012-05-01,0,0,0,0,0,0,0,0,0,0,0,0,1,8,19,120,351,878,1347,1133,493,0,0,0,0,0,0,9,139,4202,0,4350
Se32 不慮の事故,2012,5,2012-05-01,21,10,7,24,36,29,27,42,44,54,73,104,190,179,271,364,550,453,279,117,25,31,31,65,69,98,177,369,635,1424,6,2905
Se33 交通事故,2012,5,2012-05-01,8,5,2,18,22,14,14,16,18,11,18,25,38,46,58,62,51,33,7,2,0,13,20,36,30,29,43,84,120,93,0,468
Se34 自殺,2012,5,2012-05-01,0,0,4,59,128,139,125,182,204,213,189,178,226,194,173,149,103,63,34,12,2,0,63,267,307,417,367,420,322,214,11,2388
総数,2012,6,2012-06-01,243,36,34,101,202,265,322,513,787,1091,1559,2539,5219,6005,8216,11867,15939,16668,11828,5951,1510,279,135,467,835,1878,4098,11224,20083,51896,40,90935
Se01 結核,2012,6,2012-06-01,0,0,0,0,0,0,0,0,0,0,1,4,7,6,19,23,40,54,27,9,3,0,0,0,0,0,5,13,42,133,0,193
Se02 悪性新生物＜腫瘍＞,2012,6,2012-06-01,12,10,8,4,16,35,56,128,237,397,647,1208,2753,3111,3820,4739,5132,3867,1875,586,91,22,12,51,184,634,1855,5864,8559,11551,0,28732
Se03 食道の悪性新生物＜腫瘍＞,2012,6,2012-06-01,0,0,0,0,0,0,0,1,4,13,28,57,133,156,154,158,101,77,27,11,2,0,0,0,1,17,85,289,312,218,0,922
Se04 胃の悪性新生物＜腫瘍＞,2012,6,2012-06-01,0,0,0,1,0,2,6,16,31,47,67,181,380,381,553,611,691,522,296,89,7,0,1,2,22,78,248,761,1164,1605,0,3881
Se05 結腸の悪性新生物＜腫瘍＞,2012,6,2012-06-01,0,0,0,0,1,4,5,7,23,33,55,89,203,228,296,411,434,414,228,77,19,0,0,5,12,56,144,431,707,1172,0,2527
Se06 直腸Ｓ状結腸移行部及び直腸の悪性新生物＜腫瘍＞,2012,6,2012-06-01,0,0,0,0,1,0,2,8,12,23,46,63,167,144,198,185,175,121,76,20,1,0,0,1,10,35,109,311,383,393,0,1242
Se07 肝及び肝内胆管の悪性新生物＜腫瘍＞,2012,6,2012-06-01,0,1,0,0,1,2,0,4,8,17,42,95,232,266,320,487,452,277,133,24,6,1,0,3,4,25,137,498,807,892,0,2367
Se08 胆のう及びその他の胆道の悪性新生物＜腫瘍＞,2012,6,2012-06-01,0,0,0,0,1,0,1,1,5,10,9,31,97,120,157,234,326,272,149,57,9,0,0,1,2,15,40,217,391,813,0,1479
Se09 膵の悪性新生物＜腫瘍＞,2012,6,2012-06-01,0,0,0,0,0,1,2,4,12,20,55,112,246,277,353,409,422,303,125,41,5,0,0,1,6,32,167,523,762,896,0,2387
Se10 気管，気管支及び肺の悪性新生物＜腫瘍＞,2012,6,2012-06-01,0,0,0,0,0,0,2,15,20,56,81,194,500,696,801,1025,1154,758,309,90,15,0,0,0,17,76,275,1196,1826,2326,0,5716
Se11 乳房の悪性新生物＜腫瘍＞,2012,6,2012-06-01,0,0,0,0,0,4,5,17,37,51,78,109,158,131,122,97,78,72,45,18,6,0,0,4,22,88,187,289,219,219,0,1028
Se12 子宮の悪性新生物＜腫瘍＞,2012,6,2012-06-01,0,0,0,0,0,2,2,17,25,30,38,37,71,64,55,43,56,52,29,7,0,0,0,2,19,55,75,135,98,144,0,528
Se13 白血病,2012,6,2012-06-01,6,2,2,2,5,9,7,8,8,12,9,36,54,85,79,98,107,71,22,5,2,8,4,14,15,20,45,139,177,207,0,629
Se14 糖尿病,2012,6,2012-06-01,0,0,1,0,0,0,0,3,4,8,13,42,56,91,125,164,186,180,118,37,7,0,1,0,3,12,55,147,289,528,0,1035
Se15 高血圧性疾患,2012,6,2012-06-01,0,0,0,0,0,0,0,0,3,3,6,2,11,11,24,48,60,91,105,66,23,0,0,0,0,6,8,22,72,345,1,454
Se16 心疾患（高血圧性を除く）,2012,6,2012-06-01,8,3,1,6,9,11,20,60,93,136,196,264,557,626,895,1439,2192,2681,2207,1121,283,11,7,20,80,229,460,1183,2334,8484,2,12810
Se17 急性心筋梗塞,2012,6,2012-06-01,0,0,0,0,1,2,1,13,25,47,78,72,167,178,244,372,487,487,327,109,18,0,0,3,14,72,150,345,616,1428,0,2628
Se18 その他の虚血性心疾患,2012,6,2012-06-01,0,0,0,0,3,2,4,15,20,30,35,76,150,151,201,300,376,376,272,105,19,0,0,5,19,50,111,301,501,1148,1,2136
Se19 不整脈及び伝導障害,2012,6,2012-06-01,2,0,0,3,3,2,8,12,20,25,32,43,85,94,153,228,344,391,295,127,39,2,3,5,20,45,75,179,381,1196,0,1906
Se20 心不全,2012,6,2012-06-01,3,0,0,2,2,3,5,14,12,16,36,43,101,119,193,387,754,1125,1095,666,189,3,2,5,19,28,79,220,580,3829,1,4766
Se21 脳血管疾患,2012,6,2012-06-01,0,0,1,1,1,5,8,31,48,88,118,181,350,417,677,1087,1634,1908,1374,708,133,0,2,6,39,136,299,767,1764,5757,0,8770
Se22 くも膜下出血,2012,6,2012-06-01,0,0,0,1,0,0,4,9,29,35,46,51,74,80,95,109,183,120,64,25,2,0,1,0,13,64,97,154,204,394,0,927
Se23 脳内出血,2012,6,2012-06-01,0,0,1,0,1,4,4,19,16,45,56,90,184,189,254,373,435,417,217,95,12,0,1,5,23,61,146,373,627,1176,0,2412
Se24 脳梗塞,2012,6,2012-06-01,0,0,0,0,0,0,0,3,2,6,15,32,80,139,310,580,980,1337,1074,574,116,0,0,0,3,8,47,219,890,4081,0,5248
Se25 大動脈瘤及び解離,2012,6,2012-06-01,0,0,0,0,1,2,0,3,13,12,17,26,52,65,87,138,257,224,121,49,2,0,0,3,3,25,43,117,225,653,0,1069
Se26 肺炎,2012,6,2012-06-01,5,3,1,4,6,4,5,9,11,20,22,72,127,237,486,972,1687,2231,1673,849,193,8,5,10,14,31,94,364,1458,6633,0,8617
Se27 慢性閉塞性肺疾患,2012,6,2012-06-01,0,0,0,0,0,0,1,0,0,3,3,8,26,45,81,197,321,282,134,56,12,0,0,0,1,3,11,71,278,805,0,1169
Se28 喘息,2012,6,2012-06-01,0,0,0,0,0,0,2,3,3,1,1,0,4,6,8,14,24,34,18,5,3,0,0,0,5,4,1,10,22,84,0,126
Se29 肝疾患,2012,6,2012-06-01,1,0,0,0,0,0,4,12,25,48,62,81,146,134,130,162,171,112,40,8,5,1,0,0,16,73,143,280,292,336,1,1142
Se30 腎不全,2012,6,2012-06-01,1,0,0,0,1,0,0,3,4,6,8,21,44,59,115,210,364,430,310,147,30,1,0,1,3,10,29,103,325,1281,0,1753
Se31 老衰,2012,6,2012-06-01,0,0,0,0,0,0,0,0,0,0,0,0,2,8,27,99,344,844,1245,1100,460,0,0,0,0,0,0,10,126,3993,0,4129
Se32 不慮の事故,2012,6,2012-06-01,19,7,8,29,34,36,33,43,46,46,64,91,134,158,234,331,409,399,226,114,28,26,37,70,76,92,155,292,565,1176,3,2492
Se33 交通事故,2012,6,2012-06-01,4,2,3,23,24,18,9,16,22,18,18,18,36,29,45,62,48,29,12,0,0,6,26,42,25,40,36,65,107,89,0,436
Se34 自殺,2012,6,2012-06-01,0,0,6,36,106,118,146,141,180,182,171,181,222,189,161,138,119,58,20,8,0,0,42,224,287,362,352,411,299,205,6,2188
総数,2012,7,2012-07-01,239,43,33,146,206,254,326,572,859,1082,1726,2687,5318,6337,8561,12332,16457,17247,12479,6130,1494,282,179,460,898,1941,4413,11655,20893,53807,60,94588
Se01 結核,2012,7,2012-07-01,0,0,0,0,0,0,0,0,0,1,1,3,4,7,10,24,42,42,34,11,0,0,0,0,0,1,4,11,34,129,0,179
Se02 悪性新生物＜腫瘍＞,2012,7,2012-07-01,4,5,8,17,13,32,54,130,250,358,689,1254,2724,3267,4052,4922,5325,4129,2010,602,68,9,25,45,184,608,1943,5991,8974,12134,1,29914
Se03 食道の悪性新生物＜腫瘍＞,2012,7,2012-07-01,0,0,0,0,0,0,0,1,3,9,19,50,132,154,174,154,127,80,27,4,1,0,0,0,1,12,69,286,328,239,0,935
Se04 胃の悪性新生物＜腫瘍＞,2012,7,2012-07-01,0,0,0,0,1,6,6,17,33,46,87,156,340,424,556,655,707,604,296,86,5,0,0,7,23,79,243,764,1211,1698,0,4025
Se05 結腸の悪性新生物＜腫瘍＞,2012,7,2012-07-01,0,0,0,2,0,1,4,9,20,22,43,91,224,265,320,400,454,394,269,83,11,0,2,1,13,42,134,489,720,1211,0,2612
Se06 直腸Ｓ状結腸移行部及び直腸の悪性新生物＜腫瘍＞,2012,7,2012-07-01,0,0,0,0,0,1,4,3,11,16,39,79,155,169,185,185,190,132,67,25,2,0,0,1,7,27,118,324,370,416,0,1263
Se07 肝及び肝内胆管の悪性新生物＜腫瘍＞,2012,7,2012-07-01,0,0,0,1,0,0,2,6,10,13,55,118,209,291,387,529,503,299,133,35,3,0,1,0,8,23,173,500,916,973,0,2594
Se08 胆のう及びその他の胆道の悪性新生物＜腫瘍＞,2012,7,2012-07-01,0,0,0,0,0,0,0,2,5,8,15,25,99,138,196,251,295,252,157,55,3,0,0,0,2,13,40,237,447,762,0,1501
Se09 膵の悪性新生物＜腫瘍＞,2012,7,2012-07-01,0,0,0,0,0,0,0,3,22,24,65,91,260,319,349,434,433,315,145,33,4,0,0,0,3,46,156,579,783,930,0,2497
Se10 気管，気管支及び肺の悪性新生物＜腫瘍＞,2012,7,2012-07-01,0,0,0,0,0,3,5,9,21,40,81,211,537,677,858,1042,1151,876,325,103,11,0,0,3,14,61,292,1214,1900,2466,0,5950
Se11 乳房の悪性新生物＜腫瘍＞,2012,7,2012-07-01,0,0,0,0,0,4,6,15,49,67,79,118,153,125,112,94,93,94,39,19,2,0,0,4,21,116,197,278,206,247,0,1069
Se12 子宮の悪性新生物＜腫瘍＞,2012,7,2012-07-01,0,0,0,0,0,0,5,13,25,21,31,43,67,60,54,56,63,45,22,6,1,0,0,0,18,46,74,127,110,137,0,512
Se13 白血病,2012,7,2012-07-01,1,2,4,4,4,2,3,9,6,13,18,31,52,61,88,126,98,68,30,7,0,3,8,6,12,19,49,113,214,203,0,627
Se14 糖尿病,2012,7,2012-07-01,0,0,0,0,0,0,1,3,3,16,21,22,71,87,100,152,190,167,114,46,6,0,0,0,4,19,43,158,252,523,0,999
Se15 高血圧性疾患,2012,7,2012-07-01,0,0,0,0,0,0,0,0,1,3,10,7,23,22,30,57,85,113,100,70,17,0,0,0,0,4,17,45,87,385,3,541
Se16 心疾患（高血圧性を除く）,2012,7,2012-07-01,7,3,1,7,10,12,26,46,83,124,202,303,619,710,909,1573,2267,2860,2317,1190,305,10,8,22,72,207,505,1329,2482,8939,5,13579
Se17 急性心筋梗塞,2012,7,2012-07-01,0,0,0,1,2,1,4,13,19,40,62,98,201,201,267,376,463,498,302,122,31,0,1,3,17,59,160,402,643,1416,2,2703
Se18 その他の虚血性心疾患,2012,7,2012-07-01,2,1,0,1,1,2,2,9,27,32,47,84,164,193,219,324,415,417,232,127,34,3,1,3,11,59,131,357,543,1225,3,2336
Se19 不整脈及び伝導障害,2012,7,2012-07-01,1,0,0,1,4,0,5,8,13,23,31,46,101,102,128,245,343,427,344,133,21,1,1,4,13,36,77,203,373,1268,0,1976
Se20 心不全,2012,7,2012-07-01,0,1,0,2,1,5,10,12,14,13,37,46,94,124,200,448,783,1167,1156,692,195,1,2,6,22,27,83,218,648,3993,0,5000
Se21 脳血管疾患,2012,7,2012-07-01,3,0,1,3,4,6,12,35,80,77,122,180,325,442,717,1111,1702,1854,1409,672,130,3,4,10,47,157,302,767,1828,5767,1,8886
Se22 くも膜下出血,2012,7,2012-07-01,0,0,0,1,2,5,3,15,37,37,38,59,90,85,113,125,152,117,72,21,3,0,1,7,18,74,97,175,238,365,0,975
Se23 脳内出血,2012,7,2012-07-01,3,0,0,2,2,0,6,17,36,31,67,89,141,180,239,340,425,381,248,93,18,3,2,2,23,67,156,321,579,1165,0,2318
Se24 脳梗塞,2012,7,2012-07-01,0,0,0,0,0,0,1,1,7,6,14,26,84,165,339,629,1092,1319,1061,547,108,0,0,0,2,13,40,249,968,4127,1,5400
Se25 大動脈瘤及び解離,2012,7,2012-07-01,0,0,0,0,0,0,2,2,5,10,13,31,53,62,108,162,213,212,118,25,3,0,0,0,4,15,44,115,270,571,0,1019
Se26 肺炎,2012,7,2012-07-01,8,1,0,2,1,5,4,7,11,15,23,54,143,231,426,955,1678,2174,1711,840,200,9,2,6,11,26,77,374,1381,6603,2,8491
Se27 慢性閉塞性肺疾患,2012,7,2012-07-01,0,0,0,0,0,0,0,1,0,1,3,5,16,45,99,214,356,337,164,39,5,0,0,0,1,1,8,61,313,901,0,1285
Se28 喘息,2012,7,2012-07-01,0,0,0,0,0,0,0,1,0,2,2,2,1,3,7,16,22,15,21,5,2,0,0,0,1,2,4,4,23,65,0,99
Se29 肝疾患,2012,7,2012-07-01,0,0,1,0,1,1,3,17,34,52,74,109,137,130,129,138,149,119,51,14,3,0,1,2,20,86,183,267,267,336,0,1162
Se30 腎不全,2012,7,2012-07-01,0,0,0,0,0,0,1,4,1,6,7,18,50,62,102,238,326,457,309,149,26,0,0,0,5,7,25,112,340,1267,0,1756
Se31 老衰,2012,7,2012-07-01,0,0,0,0,0,0,0,0,0,0,0,0,0,2,18,95,390,920,1370,1221,475,0,0,0,0,0,0,2,113,4376,0,4491
Se32 不慮の事故,2012,7,2012-07-01,20,14,7,51,36,36,37,57,71,74,84,115,176,176,248,329,435,409,259,112,16,34,58,72,94,145,199,352,577,1231,6,2768
Se33 交通事故,2012,7,2012-07-01,3,5,2,27,16,18,15,32,27,31,19,32,45,32,55,51,52,38,12,2,0,8,29,34,47,58,51,77,106,104,0,514
Se34 自殺,2012,7,2012-07-01,0,0,7,50,112,124,129,181,178,177,204,175,220,192,179,140,104,66,21,7,0,0,57,236,310,355,379,412,319,198,9,2275
総数,2012,8,2012-08-01,228,30,45,136,190,277,315,581,850,1130,1707,2698,5432,6533,8932,12758,17010,17671,13004,6169,1560,258,181,467,896,1980,4405,11965,21690,55414,60,97316
Se01 結核,2012,8,2012-08-01,0,0,0,0,0,0,0,0,0,0,0,2,7,10,9,15,39,51,30,7,1,0,0,0,0,0,2,17,24,128,0,171
Se02 悪性新生物＜腫瘍＞,2012,8,2012-08-01,8,4,5,19,16,36,42,136,253,391,707,1287,2862,3310,4267,5282,5432,4147,2046,632,76,12,24,52,178,644,1994,6172,9549,12333,4,30962
Se03 食道の悪性新生物＜腫瘍＞,2012,8,2012-08-01,0,0,0,0,0,0,0,1,3,13,28,47,131,174,183,148,147,73,31,12,0,0,0,0,1,16,75,305,331,263,0,991
Se04 胃の悪性新生物＜腫瘍＞,2012,8,2012-08-01,0,0,0,0,0,3,5,22,28,47,82,152,384,437,567,729,750,573,314,95,9,0,0,3,27,75,234,821,1296,1741,0,4197
Se05 結腸の悪性新生物＜腫瘍＞,2012,8,2012-08-01,0,0,0,0,0,6,6,5,18,34,58,98,206,254,358,467,497,442,266,96,14,0,0,6,11,52,156,460,825,1315,1,2826
Se06 直腸Ｓ状結腸移行部及び直腸の悪性新生物＜腫瘍＞,2012,8,2012-08-01,0,0,0,0,0,2,1,5,18,18,31,81,163,175,217,191,189,137,77,27,4,0,0,2,6,36,112,338,408,434,1,1337
Se07 肝及び肝内胆管の悪性新生物＜腫瘍＞,2012,8,2012-08-01,0,0,0,0,1,2,1,6,12,15,35,105,253,255,413,511,492,285,144,28,3,0,0,3,7,27,140,508,924,952,0,2561
Se08 胆のう及びその他の胆道の悪性新生物＜腫瘍＞,2012,8,2012-08-01,0,0,0,0,0,0,1,0,1,12,23,37,95,110,184,299,309,312,158,49,8,0,0,0,1,13,60,205,483,836,0,1598
Se09 膵の悪性新生物＜腫瘍＞,2012,8,2012-08-01,0,0,0,1,0,0,0,6,16,25,54,129,248,333,348,454,424,362,146,32,3,0,1,0,6,41,183,581,802,967,1,2582
Se10 気管，気管支及び肺の悪性新生物＜腫瘍＞,2012,8,2012-08-01,0,0,0,0,1,0,3,14,22,48,94,193,559,705,888,1146,1140,804,328,91,13,0,0,1,17,70,287,1264,2034,2376,0,6049
Se11 乳房の悪性新生物＜腫瘍＞,2012,8,2012-08-01,0,0,0,0,0,0,2,18,40,45,106,113,181,114,124,106,93,77,48,21,4,0,0,0,20,85,219,295,230,243,0,1092
Se12 子宮の悪性新生物＜腫瘍＞,2012,8,2012-08-01,0,0,0,0,1,3,3,14,18,36,33,45,66,56,63,40,67,58,21,14,1,0,0,4,17,54,78,122,103,161,0,539
Se13 白血病,2012,8,2012-08-01,4,0,1,6,6,5,3,6,9,15,18,39,69,80,104,130,92,69,25,3,1,4,7,11,9,24,57,149,234,190,0,685
Se14 糖尿病,2012,8,2012-08-01,0,0,0,0,0,1,3,4,6,15,17,32,69,76,119,189,215,183,109,38,3,0,0,1,7,21,49,145,308,548,1,1080
Se15 高血圧性疾患,2012,8,2012-08-01,0,0,0,0,0,0,0,0,2,2,6,11,21,16,33,44,69,128,112,75,27,0,0,0,0,4,17,37,77,411,0,546
Se16 心疾患（高血圧性を除く）,2012,8,2012-08-01,2,1,5,2,11,15,21,60,100,136,179,304,615,731,1037,1521,2270,2755,2409,1193,265,3,7,26,81,236,483,1346,2558,8892,4,13636
Se17 急性心筋梗塞,2012,8,2012-08-01,0,0,0,0,0,5,2,15,29,41,55,104,174,202,284,375,487,471,308,115,14,0,0,5,17,70,159,376,659,1395,0,2681
Se18 その他の虚血性心疾患,2012,8,2012-08-01,0,0,0,0,1,2,6,13,33,30,47,86,177,174,249,329,413,401,286,114,21,0,0,3,19,63,133,351,578,1235,3,2385
Se19 不整脈及び伝導障害,2012,8,2012-08-01,0,0,3,1,5,3,4,14,13,20,37,51,90,108,143,211,313,387,311,164,27,0,4,8,18,33,88,198,354,1202,1,1906
Se20 心不全,2012,8,2012-08-01,1,0,0,1,2,2,5,13,15,28,21,44,114,153,243,445,803,1166,1220,690,189,1,1,4,18,43,65,267,688,4068,0,5155
Se21 脳血管疾患,2012,8,2012-08-01,0,0,0,3,0,3,19,38,54,98,117,192,303,469,650,1127,1731,1895,1487,643,147,0,3,3,57,152,309,772,1777,5903,2,8978
Se22 くも膜下出血,2012,8,2012-08-01,0,0,0,0,0,3,9,18,27,47,48,56,75,97,96,122,174,127,67,22,1,0,0,3,27,74,104,172,218,391,0,989
Se23 脳内出血,2012,8,2012-08-01,0,0,0,3,0,0,10,12,22,36,55,92,138,200,255,359,459,370,259,79,16,0,3,0,22,58,147,338,614,1183,2,2367
Se24 脳梗塞,2012,8,2012-08-01,0,0,0,0,0,0,0,7,1,13,10,40,79,160,288,621,1047,1356,1128,531,120,0,0,0,7,14,50,239,909,4182,0,5401
Se25 大動脈瘤及び解離,2012,8,2012-08-01,0,0,0,0,0,1,0,2,5,15,20,25,58,71,103,132,216,215,132,34,2,0,0,1,2,20,45,129,235,599,0,1031
Se26 肺炎,2012,8,2012-08-01,6,2,1,0,1,5,4,10,5,16,33,50,156,238,476,961,1821,2311,1816,885,185,8,1,6,14,21,83,394,1437,7018,1,8983
Se27 慢性閉塞性肺疾患,2012,8,2012-08-01,0,0,0,0,0,0,0,0,1,1,2,6,15,48,92,230,333,334,171,59,8,0,0,0,0,2,8,63,322,905,0,1300
Se28 喘息,2012,8,2012-08-01,1,0,1,0,0,0,1,1,2,2,1,5,0,7,5,19,21,26,23,13,5,1,1,0,2,4,6,7,24,88,0,133
Se29 肝疾患,2012,8,2012-08-01,1,0,0,0,1,1,7,22,34,52,67,105,152,148,151,154,166,114,59,19,3,1,0,2,29,86,172,300,305,361,2,1258
Se30 腎不全,2012,8,2012-08-01,0,0,0,0,1,0,1,1,1,3,11,16,39,77,110,222,353,455,339,134,29,0,0,1,2,4,27,116,332,1310,0,1792
Se31 老衰,2012,8,2012-08-01,0,0,0,0,0,0,0,0,0,0,0,0,0,7,18,105,417,1005,1458,1157,524,0,0,0,0,0,0,7,123,4561,0,4691
Se32 不慮の事故,2012,8,2012-08-01,19,12,15,41,48,39,40,55,71,63,99,109,174,177,254,353,476,489,273,116,30,31,56,87,95,134,208,351,607,1384,3,2956
Se33 交通事故,2012,8,2012-08-01,2,6,4,22,23,15,13,20,27,27,29,37,46,35,56,67,69,39,16,5,0,8,26,38,33,54,66,81,123,129,0,558
Se34 自殺,2012,8,2012-08-01,0,0,11,46,86,140,127,154,182,169,192,168,191,183,158,133,104,53,35,5,0,0,57,226,281,351,360,374,291,197,13,2150
総数,2012,9,2012-09-01,251,48,43,127,205,270,318,515,806,1075,1549,2496,5079,5936,8240,12113,16049,17050,12423,6097,1620,299,170,475,833,1881,4045,11015,20353,53239,59,92369
Se01 結核,2012,9,2012-09-01,0,0,0,0,0,0,0,0,0,1,1,2,5,4,17,27,34,48,31,13,1,0,0,0,0,1,3,9,44,127,0,184
Se02 悪性新生物＜腫瘍＞,2012,9,2012-09-01,5,10,12,13,18,24,64,133,247,361,630,1237,2646,3102,3939,4876,5256,4054,2028,600,100,15,25,42,197,608,1867,5748,8815,12038,1,29356
Se03 食道の悪性新生物＜腫瘍＞,2012,9,2012-09-01,0,0,0,0,0,0,0,0,6,5,19,64,125,150,182,138,134,69,29,9,1,0,0,0,0,11,83,275,320,242,0,931
Se04 胃の悪性新生物＜腫瘍＞,2012,9,2012-09-01,0,0,1,0,1,4,7,19,32,46,70,145,333,420,573,667,730,554,334,98,16,0,1,5,26,78,215,753,1240,1732,0,4050
Se05 結腸の悪性新生物＜腫瘍＞,2012,9,2012-09-01,0,0,0,0,0,0,6,7,14,28,39,99,225,237,319,422,478,396,250,99,18,0,0,0,13,42,138,462,741,1241,0,2637
Se06 直腸Ｓ状結腸移行部及び直腸の悪性新生物＜腫瘍＞,2012,9,2012-09-01,0,0,0,0,0,0,1,5,16,14,37,73,141,143,185,205,175,140,59,24,1,0,0,0,6,30,110,284,390,399,0,1219
Se07 肝及び肝内胆管の悪性新生物＜腫瘍＞,2012,9,2012-09-01,0,0,0,1,0,1,3,7,13,14,34,95,224,267,352,486,413,313,121,20,3,0,1,1,10,27,129,491,838,870,0,2367
Se08 胆のう及びその他の胆道の悪性新生物＜腫瘍＞,2012,9,2012-09-01,0,0,0,0,0,0,1,1,2,3,16,39,98,101,166,243,297,294,149,42,7,0,0,0,2,5,55,199,409,789,0,1459
Se09 膵の悪性新生物＜腫瘍＞,2012,9,2012-09-01,0,0,0,0,0,1,1,5,12,30,59,108,238,311,372,421,403,294,141,44,5,0,0,1,6,42,167,549,793,887,0,2445
Se10 気管，気管支及び肺の悪性新生物＜腫瘍＞,2012,9,2012-09-01,0,0,0,0,0,0,2,8,27,48,66,216,531,645,850,1027,1144,836,340,96,9,0,0,0,10,75,282,1176,1877,2425,0,5845
Se11 乳房の悪性新生物＜腫瘍＞,2012,9,2012-09-01,0,0,0,0,0,2,7,20,36,46,72,105,135,129,95,81,92,87,59,20,10,0,0,2,27,82,177,264,176,268,0,996
Se12 子宮の悪性新生物＜腫瘍＞,2012,9,2012-09-01,0,0,0,0,1,0,2,15,20,27,43,42,68,51,53,51,55,48,25,5,1,0,0,1,17,47,85,119,104,134,0,507
Se13 白血病,2012,9,2012-09-01,0,3,4,3,4,4,9,9,12,15,23,22,69,78,100,111,130,73,33,8,3,3,7,8,18,27,45,147,211,247,0,713
Se14 糖尿病,2012,9,2012-09-01,0,0,0,0,0,1,1,10,11,9,14,33,66,57,110,130,195,190,105,32,5,0,0,1,11,20,47,123,240,527,1,970
Se15 高血圧性疾患,2012,9,2012-09-01,0,0,0,0,0,0,1,2,4,1,7,9,14,14,26,41,66,98,115,71,21,0,0,0,3,5,16,28,67,371,1,491
Se16 心疾患（高血圧性を除く）,2012,9,2012-09-01,13,3,2,4,6,13,23,46,74,118,153,277,527,635,799,1440,2084,2681,2303,1135,266,16,6,19,69,192,430,1162,2239,8469,8,12610
Se17 急性心筋梗塞,2012,9,2012-09-01,1,0,0,0,1,3,4,10,22,37,53,105,169,187,209,352,455,488,310,123,14,1,0,4,14,59,158,356,561,1390,2,2545
Se18 その他の虚血性心疾患,2012,9,2012-09-01,0,0,0,1,0,3,4,13,17,23,38,59,133,143,172,287,338,369,262,116,27,0,1,3,17,40,97,276,459,1112,6,2011
Se19 不整脈及び伝導障害,2012,9,2012-09-01,0,0,1,1,3,1,5,8,14,21,21,46,82,107,133,212,312,362,313,139,28,0,2,4,13,35,67,189,345,1154,0,1809
Se20 心不全,2012,9,2012-09-01,0,1,1,0,2,1,2,7,9,21,23,44,97,113,189,420,745,1144,1171,655,176,1,1,3,9,30,67,210,609,3891,0,4821
Se21 脳血管疾患,2012,9,2012-09-01,0,1,1,2,2,5,11,29,49,100,126,163,350,390,663,1104,1616,1831,1380,623,137,1,3,7,40,149,289,740,1767,5587,1,8584
Se22 くも膜下出血,2012,9,2012-09-01,0,0,0,2,1,1,5,15,22,47,39,69,82,73,93,122,134,122,60,12,3,0,2,2,20,69,108,155,215,331,0,902
Se23 脳内出血,2012,9,2012-09-01,0,0,0,0,1,3,5,11,21,40,73,72,153,169,243,351,462,384,231,94,12,0,0,4,16,61,145,322,594,1183,1,2326
Se24 脳梗塞,2012,9,2012-09-01,0,0,0,0,0,1,1,2,6,12,10,19,94,138,300,601,983,1289,1064,503,114,0,0,1,3,18,29,232,901,3953,0,5137
Se25 大動脈瘤及び解離,2012,9,2012-09-01,0,0,0,0,0,0,2,4,10,8,17,27,44,65,94,144,204,240,133,32,4,0,0,0,6,18,44,109,238,613,0,1028
Se26 肺炎,2012,9,2012-09-01,8,0,0,1,4,2,5,8,6,15,26,53,148,236,498,958,1680,2269,1673,879,204,8,1,6,13,21,79,384,1456,6705,1,8674
Se27 慢性閉塞性肺疾患,2012,9,2012-09-01,0,0,0,0,0,0,0,2,2,1,0,5,17,40,97,198,289,300,178,53,12,0,0,0,2,3,5,57,295,832,0,1194
Se28 喘息,2012,9,2012-09-01,0,0,0,0,0,1,0,0,1,0,2,3,2,5,10,16,21,24,21,12,1,0,0,1,0,1,5,7,26,79,0,119
Se29 肝疾患,2012,9,2012-09-01,1,1,0,0,0,0,4,8,39,61,83,90,149,123,148,169,157,95,50,21,5,2,0,0,12,100,173,272,317,328,0,1204
Se30 腎不全,2012,9,2012-09-01,0,0,0,0,0,1,2,1,2,6,11,25,59,59,124,211,381,434,307,144,31,0,0,1,3,8,36,118,335,1297,0,1798
Se31 老衰,2012,9,2012-09-01,0,0,0,0,0,0,0,0,0,0,0,0,0,5,28,102,422,954,1423,1187,522,0,0,0,0,0,0,5,130,4508,0,4643
Se32 不慮の事故,2012,9,2012-09-01,15,10,8,40,37,38,38,44,49,59,68,78,134,178,224,321,400,388,259,103,30,25,48,75,82,108,146,312,545,1180,4,2525
Se33 交通事故,2012,9,2012-09-01,4,5,3,33,23,19,18,25,25,26,24,36,42,46,51,73,58,34,10,3,0,9,36,42,43,51,60,88,124,105,0,558
Se34 自殺,2012,9,2012-09-01,0,0,4,45,105,134,123,150,168,168,179,168,226,171,178,172,95,69,43,8,1,0,49,239,273,336,347,397,350,216,9,2216
総数,2012,10,2012-10-01,257,44,46,117,213,253,327,578,898,1160,1705,2662,5427,6725,9171,13376,18179,19461,13994,6730,1773,301,163,466,905,2058,4367,12152,22547,60137,56,103152
Se01 結核,2012,10,2012-10-01,0,0,0,0,0,0,0,0,1,0,1,3,3,2,14,24,49,38,36,5,3,0,0,0,0,1,4,5,38,131,0,179
Se02 悪性新生物＜腫瘍＞,2012,10,2012-10-01,14,5,11,14,14,23,50,129,268,396,694,1267,2731,3492,4277,5225,5633,4379,2095,630,106,19,25,37,179,664,1961,6223,9502,12843,2,31455
Se03 食道の悪性新生物＜腫瘍＞,2012,10,2012-10-01,0,0,0,0,0,1,0,1,5,10,28,64,119,162,187,163,149,94,34,11,1,0,0,1,1,15,92,281,350,289,0,1029
Se04 胃の悪性新生物＜腫瘍＞,2012,10,2012-10-01,0,0,0,0,0,4,4,15,30,36,83,170,339,450,617,728,764,626,318,120,14,0,0,4,19,66,253,789,1345,1842,0,4318
Se05 結腸の悪性新生物＜腫瘍＞,2012,10,2012-10-01,0,0,0,0,0,1,6,9,19,32,50,102,236,284,328,409,463,461,272,87,17,0,0,1,15,51,152,520,737,1300,1,2777
Se06 直腸Ｓ状結腸移行部及び直腸の悪性新生物＜腫瘍＞,2012,10,2012-10-01,0,0,0,0,0,0,1,5,12,23,33,58,153,188,173,198,202,134,59,26,7,0,0,0,6,35,91,341,371,428,0,1272
Se07 肝及び肝内胆管の悪性新生物＜腫瘍＞,2012,10,2012-10-01,2,0,0,0,1,1,2,2,10,19,37,84,247,280,395,565,507,325,107,29,3,2,0,2,4,29,121,527,960,971,1,2617
Se08 胆のう及びその他の胆道の悪性新生物＜腫瘍＞,2012,10,2012-10-01,0,0,0,0,0,0,0,3,2,12,13,44,100,133,182,246,328,298,165,59,7,0,0,0,3,14,57,233,428,857,0,1592
Se09 膵の悪性新生物＜腫瘍＞,2012,10,2012-10-01,0,0,0,0,0,0,2,3,16,31,60,112,277,334,408,414,452,314,164,28,9,0,0,0,5,47,172,611,822,967,0,2624
Se10 気管，気管支及び肺の悪性新生物＜腫瘍＞,2012,10,2012-10-01,0,0,0,0,0,0,4,9,31,51,100,202,508,746,932,1114,1241,834,370,84,11,0,0,0,13,82,302,1254,2046,2540,0,6237
Se11 乳房の悪性新生物＜腫瘍＞,2012,10,2012-10-01,0,0,0,0,0,2,3,22,42,49,95,127,156,130,122,105,92,90,47,16,3,0,0,2,25,91,222,286,227,248,0,1101
Se12 子宮の悪性新生物＜腫瘍＞,2012,10,2012-10-01,0,0,0,0,1,0,3,14,23,23,36,38,63,50,51,54,74,58,29,14,3,0,0,1,17,46,74,113,105,178,0,534
Se13 白血病,2012,10,2012-10-01,5,2,5,4,3,3,4,10,13,8,16,25,53,92,103,118,116,69,30,7,0,7,9,6,14,21,41,145,221,222,0,686
Se14 糖尿病,2012,10,2012-10-01,0,0,1,1,1,1,0,11,11,14,25,31,62,93,120,183,207,187,116,48,6,0,2,2,11,25,56,155,303,564,1,1119
Se15 高血圧性疾患,2012,10,2012-10-01,0,0,0,0,0,0,0,1,0,0,8,7,21,16,30,45,68,111,136,79,19,0,0,0,1,0,15,37,75,413,0,541
Se16 心疾患（高血圧性を除く）,2012,10,2012-10-01,7,3,3,5,14,16,18,43,98,123,191,278,608,733,1034,1703,2557,3164,2660,1213,288,10,8,30,61,221,469,1341,2737,9882,6,14765
Se17 急性心筋梗塞,2012,10,2012-10-01,1,0,0,0,0,0,1,13,24,37,61,88,205,211,291,404,553,562,394,158,19,1,0,0,14,61,149,416,695,1686,2,3024
Se18 その他の虚血性心疾患,2012,10,2012-10-01,0,1,0,1,2,3,3,6,20,27,39,53,148,189,231,327,467,473,310,129,25,1,1,5,9,47,92,337,558,1404,4,2458
Se19 不整脈及び伝導障害,2012,10,2012-10-01,0,0,0,1,4,6,6,9,22,13,32,58,98,103,156,260,375,485,364,122,26,0,1,10,15,35,90,201,416,1372,0,2140
Se20 心不全,2012,10,2012-10-01,1,0,0,0,3,3,5,8,20,25,34,47,99,146,247,511,876,1272,1314,675,199,1,0,6,13,45,81,245,758,4336,0,5485
Se21 脳血管疾患,2012,10,2012-10-01,1,0,3,2,6,5,13,44,80,106,151,232,399,467,713,1246,1901,2098,1538,704,154,1,5,11,57,186,383,866,1959,6395,2,9865
Se22 くも膜下出血,2012,10,2012-10-01,0,0,1,1,4,2,8,14,37,42,71,75,96,93,86,147,171,147,65,25,2,0,2,6,22,79,146,189,233,410,0,1087
Se23 脳内出血,2012,10,2012-10-01,1,0,2,1,0,2,3,25,37,55,63,115,209,188,288,404,526,439,266,87,17,1,3,2,28,92,178,397,692,1335,1,2729
Se24 脳梗塞,2012,10,2012-10-01,0,0,0,0,1,1,1,2,4,7,15,31,82,175,322,669,1157,1458,1180,572,128,0,0,2,3,11,46,257,991,4495,1,5806
Se25 大動脈瘤及び解離,2012,10,2012-10-01,0,0,0,0,0,2,1,6,11,17,16,29,74,90,135,215,281,275,172,39,4,0,0,2,7,28,45,164,350,771,0,1367
Se26 肺炎,2012,10,2012-10-01,6,2,1,2,1,4,4,7,13,19,36,47,173,253,496,1068,1917,2525,1872,936,237,8,3,5,11,32,83,426,1564,7487,0,9619
Se27 慢性閉塞性肺疾患,2012,10,2012-10-01,0,1,0,0,0,0,0,0,0,0,2,4,27,48,83,196,347,339,155,80,15,1,0,0,0,0,6,75,279,936,0,1297
Se28 喘息,2012,10,2012-10-01,0,0,0,0,0,0,0,3,4,5,2,6,4,10,4,14,26,36,20,11,4,0,0,0,3,9,8,14,18,97,0,149
Se29 肝疾患,2012,10,2012-10-01,0,0,0,0,0,2,6,12,36,45,64,92,149,143,148,159,148,111,46,22,2,0,0,2,18,81,156,292,307,329,1,1186
Se30 腎不全,2012,10,2012-10-01,0,0,0,0,0,0,0,3,2,8,10,22,55,69,133,234,410,510,367,155,38,0,0,0,3,10,32,124,367,1480,0,2016
Se31 老衰,2012,10,2012-10-01,0,0,0,0,0,0,0,0,0,0,0,0,2,6,35,122,467,1138,1645,1352,570,0,0,0,0,0,0,8,157,5172,1,5338
Se32 不慮の事故,2012,10,2012-10-01,18,12,2,22,35,33,36,58,58,63,63,89,178,214,279,414,519,516,307,123,29,30,24,68,94,121,152,392,693,1494,4,3072
Se33 交通事故,2012,10,2012-10-01,3,5,2,17,25,20,18,25,22,22,24,26,44,52,66,93,71,44,14,4,0,8,19,45,43,44,50,96,159,133,0,597
Se34 自殺,2012,10,2012-10-01,0,0,8,55,106,122,138,171,183,200,194,194,225,182,163,145,106,84,30,10,1,0,63,228,309,383,388,407,308,231,8,2325
総数,2012,11,2012-11-01,264,39,43,102,168,241,338,528,831,1147,1701,2705,5475,6809,9377,13820,19446,20843,15119,7261,1856,303,145,409,866,1978,4406,12284,23197,64525,43,108156
Se01 結核,2012,11,2012-11-01,0,0,0,0,0,0,0,0,0,2,0,1,7,6,10,16,25,39,31,9,2,0,0,0,0,2,1,13,26,106,0,148
Se02 悪性新生物＜腫瘍＞,2012,11,2012-11-01,10,4,7,12,11,20,56,131,232,404,675,1208,2610,3217,3968,4976,5564,4358,2008,621,97,14,19,31,187,636,1883,5827,8944,12648,3,30192
Se03 食道の悪性新生物＜腫瘍＞,2012,11,2012-11-01,0,0,0,0,0,0,1,3,1,12,23,44,155,156,170,158,137,80,36,7,0,0,0,0,4,13,67,311,328,260,0,983
Se04 胃の悪性新生物＜腫瘍＞,2012,11,2012-11-01,0,0,0,0,0,2,3,14,24,33,81,154,350,425,565,698,733,637,300,101,6,0,0,2,17,57,235,775,1263,1777,1,4127
Se05 結腸の悪性新生物＜腫瘍＞,2012,11,2012-11-01,0,0,0,0,0,1,7,12,18,36,54,93,210,222,336,421,474,475,254,109,13,0,0,1,19,54,147,432,757,1325,2,2737
Se06 直腸Ｓ状結腸移行部及び直腸の悪性新生物＜腫瘍＞,2012,11,2012-11-01,0,0,0,0,0,0,2,6,9,20,31,66,137,145,188,183,210,127,61,18,3,0,0,0,8,29,97,282,371,419,0,1206
Se07 肝及び肝内胆管の悪性新生物＜腫瘍＞,2012,11,2012-11-01,0,0,0,0,0,0,2,9,11,26,49,97,213,274,324,546,538,330,113,20,3,0,0,0,11,37,146,487,870,1004,0,2555
Se08 胆のう及びその他の胆道の悪性新生物＜腫瘍＞,2012,11,2012-11-01,0,0,0,0,0,0,0,1,4,7,24,34,89,117,182,254,324,307,169,46,7,0,0,0,1,11,58,206,436,853,0,1565
Se09 膵の悪性新生物＜腫瘍＞,2012,11,2012-11-01,0,0,0,0,0,2,1,5,17,36,43,117,231,332,347,386,423,315,137,45,8,0,0,2,6,53,160,563,733,928,0,2445
Se10 気管，気管支及び肺の悪性新生物＜腫瘍＞,2012,11,2012-11-01,0,0,0,0,1,1,6,9,33,58,99,195,491,687,830,1037,1214,866,338,97,20,0,0,2,15,91,294,1178,1867,2535,0,5982
Se11 乳房の悪性新生物＜腫瘍＞,2012,11,2012-11-01,0,0,0,0,0,1,5,15,35,54,76,102,143,157,99,122,96,102,46,26,5,0,0,1,20,89,178,300,221,275,0,1084
Se12 子宮の悪性新生物＜腫瘍＞,2012,11,2012-11-01,0,0,0,0,0,0,5,16,18,25,32,27,69,45,48,48,66,42,31,8,2,0,0,0,21,43,59,114,96,149,0,482
Se13 白血病,2012,11,2012-11-01,5,0,2,2,0,3,7,12,8,13,25,36,51,73,85,105,121,80,20,4,1,5,4,3,19,21,61,124,190,226,0,653
Se14 糖尿病,2012,11,2012-11-01,0,0,0,0,0,0,1,7,9,14,15,33,90,90,128,176,222,168,138,51,6,0,0,0,8,23,48,180,304,585,0,1148
Se15 高血圧性疾患,2012,11,2012-11-01,0,0,0,0,0,0,0,1,1,3,5,3,12,21,32,50,75,138,151,86,29,0,0,0,1,4,8,33,82,479,0,607
Se16 心疾患（高血圧性を除く）,2012,11,2012-11-01,16,1,1,7,8,13,24,55,114,143,220,345,659,892,1277,1960,3269,3711,2951,1488,359,17,8,21,79,257,565,1551,3237,11778,2,17515
Se17 急性心筋梗塞,2012,11,2012-11-01,0,1,0,0,1,1,4,14,27,44,72,105,217,253,347,514,750,730,401,170,26,1,0,2,18,71,177,470,861,2077,1,3678
Se18 その他の虚血性心疾患,2012,11,2012-11-01,1,0,0,0,1,2,4,8,32,42,54,85,164,240,331,404,610,571,375,166,30,1,0,3,12,74,139,404,735,1752,0,3120
Se19 不整脈及び伝導障害,2012,11,2012-11-01,2,0,1,4,4,4,8,12,22,19,32,56,113,130,186,296,476,509,396,192,27,2,5,8,20,41,88,243,482,1600,0,2489
Se20 心不全,2012,11,2012-11-01,2,0,0,0,0,3,6,9,15,16,39,59,113,199,288,524,1092,1487,1455,815,242,2,0,3,15,31,98,312,812,5091,0,6364
Se21 脳血管疾患,2012,11,2012-11-01,0,1,4,2,2,8,12,29,80,98,148,229,449,509,781,1332,1941,2327,1666,824,152,1,6,10,41,178,377,958,2113,6910,0,10594
Se22 くも膜下出血,2012,11,2012-11-01,0,1,2,0,2,4,8,13,37,42,51,68,100,96,106,139,197,161,69,24,3,1,2,6,21,79,119,196,245,454,0,1123
Se23 脳内出血,2012,11,2012-11-01,0,0,2,1,0,3,4,13,35,48,80,114,217,235,301,427,575,566,311,111,15,0,3,3,17,83,194,452,728,1578,0,3058
Se24 脳梗塞,2012,11,2012-11-01,0,0,0,0,0,1,0,1,5,6,12,40,115,164,351,741,1123,1539,1247,671,132,0,0,1,1,11,52,279,1092,4712,0,6148
Se25 大動脈瘤及び解離,2012,11,2012-11-01,0,0,0,0,1,0,4,6,7,11,10,33,99,107,132,217,326,335,163,40,4,0,0,1,10,18,43,206,349,868,0,1495
Se26 肺炎,2012,11,2012-11-01,10,4,3,1,1,5,4,3,12,28,29,56,189,260,578,1171,2143,2797,2179,1025,245,14,4,6,7,40,85,449,1749,8389,1,10744
Se27 慢性閉塞性肺疾患,2012,11,2012-11-01,1,0,0,0,0,0,0,0,0,2,2,5,18,46,124,175,382,347,191,58,13,1,0,0,0,2,7,64,299,991,0,1364
Se28 喘息,2012,11,2012-11-01,0,0,0,0,1,2,1,1,4,2,1,3,7,7,6,18,27,41,29,12,4,0,0,3,2,6,4,14,24,113,0,166
Se29 肝疾患,2012,11,2012-11-01,1,0,0,0,0,0,4,11,26,52,75,97,150,140,166,193,189,160,60,17,4,1,0,0,15,78,172,290,359,430,0,1345
Se30 腎不全,2012,11,2012-11-01,0,0,0,0,1,0,0,0,3,5,11,29,57,92,153,254,427,552,409,167,27,0,0,1,0,8,40,149,407,1582,1,2188
Se31 老衰,2012,11,2012-11-01,0,0,0,0,0,0,0,0,0,0,0,0,2,9,28,132,493,1179,1826,1467,592,0,0,0,0,0,0,11,160,5557,0,5728
Se32 不慮の事故,2012,11,2012-11-01,16,8,6,21,28,36,37,51,60,62,77,114,194,261,341,492,661,567,358,140,36,24,27,64,88,122,191,455,833,1762,4,3570
Se33 交通事故,2012,11,2012-11-01,2,3,2,16,23,25,18,16,19,20,35,35,51,57,66,77,80,35,14,1,0,5,18,48,34,39,70,108,143,130,1,596
Se34 自殺,2012,11,2012-11-01,0,0,7,42,91,119,134,134,167,156,179,176,211,172,162,130,100,65,26,4,0,0,49,210,268,323,355,383,292,195,5,2080
総数,2012,12,2012-12-01,308,37,57,102,219,284,369,582,889,1250,1846,2984,5989,7636,10714,15752,21642,23654,16738,8171,2069,345,159,503,951,2139,4830,13625,26466,72274,81,121373
Se01 結核,2012,12,2012-12-01,0,0,0,0,0,0,0,1,1,1,0,0,6,5,10,29,34,44,25,5,3,0,0,0,1,2,0,11,39,111,0,164
Se02 悪性新生物＜腫瘍＞,2012,12,2012-12-01,8,7,14,16,16,31,57,120,239,385,682,1272,2659,3420,4341,5421,5741,4500,2152,632,81,15,30,47,177,624,1954,6079,9762,13106,1,31795
Se03 食道の悪性新生物＜腫瘍＞,2012,12,2012-12-01,0,0,0,0,0,0,0,3,2,12,27,54,97,157,183,174,136,76,36,6,1,0,0,0,3,14,81,254,357,255,0,964
Se04 胃の悪性新生物＜腫瘍＞,2012,12,2012-12-01,0,0,0,1,0,5,7,17,25,40,74,163,358,451,550,727,753,660,316,91,12,0,1,5,24,65,237,809,1277,1832,0,4250
Se05 結腸の悪性新生物＜腫瘍＞,2012,12,2012-12-01,0,0,1,1,1,3,5,14,21,36,60,106,196,277,332,449,542,451,293,108,15,0,2,4,19,57,166,473,781,1409,0,2911
Se06 直腸Ｓ状結腸移行部及び直腸の悪性新生物＜腫瘍＞,2012,12,2012-12-01,0,0,0,0,0,1,1,6,12,24,54,79,164,148,213,184,197,160,76,34,7,0,0,1,7,36,133,312,397,474,0,1360
Se07 肝及び肝内胆管の悪性新生物＜腫瘍＞,2012,12,2012-12-01,0,0,0,0,0,0,2,3,13,14,37,102,213,325,402,588,585,355,145,24,1,0,0,0,5,27,139,538,990,1110,1,2810
Se08 胆のう及びその他の胆道の悪性新生物＜腫瘍＞,2012,12,2012-12-01,0,0,0,0,0,0,0,1,4,7,15,29,71,118,212,273,321,286,171,65,6,0,0,0,1,11,44,189,485,849,0,1579
Se09 膵の悪性新生物＜腫瘍＞,2012,12,2012-12-01,0,0,0,0,0,0,1,2,6,33,49,103,244,311,429,495,443,322,153,31,1,0,0,0,3,39,152,555,924,950,0,2623
Se10 気管，気管支及び肺の悪性新生物＜腫瘍＞,2012,12,2012-12-01,0,0,0,0,1,1,3,11,15,46,99,202,527,762,938,1191,1167,866,349,110,11,0,0,2,14,61,301,1289,2129,2503,0,6299
Se11 乳房の悪性新生物＜腫瘍＞,2012,12,2012-12-01,0,0,0,0,0,3,2,16,30,52,80,113,155,143,130,105,102,90,53,15,3,0,0,3,18,82,193,298,235,263,0,1092
Se12 子宮の悪性新生物＜腫瘍＞,2012,12,2012-12-01,0,0,0,0,0,0,6,12,25,25,27,41,62,48,54,64,64,48,27,7,0,0,0,0,18,50,68,110,118,146,0,510
Se13 白血病,2012,12,2012-12-01,4,2,6,7,8,8,9,3,12,9,24,30,54,77,113,123,119,70,36,9,1,6,13,16,12,21,54,131,236,235,0,724
Se14 糖尿病,2012,12,2012-12-01,0,0,0,0,2,3,2,4,7,17,30,45,79,117,154,212,282,244,161,55,7,0,0,5,6,24,75,196,366,749,1,1422
Se15 高血圧性疾患,2012,12,2012-12-01,0,0,0,0,0,0,0,1,2,1,6,11,34,16,35,58,104,157,169,119,41,0,0,0,1,3,17,50,93,590,1,755
Se16 心疾患（高血圧性を除く）,2012,12,2012-12-01,13,1,5,4,12,9,55,53,120,174,268,432,875,1084,1559,2563,3832,4660,3413,1733,346,14,9,21,108,294,700,1959,4122,13984,6,21217
Se17 急性心筋梗塞,2012,12,2012-12-01,0,0,0,0,0,0,7,11,24,51,80,129,290,344,422,628,846,915,525,174,28,0,0,0,18,75,209,634,1050,2488,0,4474
Se18 その他の虚血性心疾患,2012,12,2012-12-01,0,0,1,0,5,1,13,7,41,41,77,114,218,286,391,609,740,807,446,208,25,0,1,6,20,82,191,504,1000,2226,4,4034
Se19 不整脈及び伝導障害,2012,12,2012-12-01,2,0,0,2,2,2,17,9,19,33,46,75,135,141,237,397,589,677,454,209,29,2,2,4,26,52,121,276,634,1958,1,3076
Se20 心不全,2012,12,2012-12-01,3,1,0,0,1,2,8,13,22,29,38,77,158,208,356,676,1253,1758,1641,986,235,4,0,3,21,51,115,366,1032,5873,1,7466
Se21 脳血管疾患,2012,12,2012-12-01,1,0,3,3,5,5,16,38,61,110,143,264,465,603,902,1490,2130,2531,1833,762,163,1,6,10,54,171,407,1068,2392,7419,0,11528
Se22 くも膜下出血,2012,12,2012-12-01,0,0,0,2,3,5,7,20,33,43,49,87,107,117,141,168,190,156,76,32,2,0,2,8,27,76,136,224,309,456,0,1238
Se23 脳内出血,2012,12,2012-12-01,1,0,2,1,1,0,7,15,17,59,75,130,237,268,343,489,604,591,320,78,17,1,3,1,22,76,205,505,832,1610,0,3255
Se24 脳梗塞,2012,12,2012-12-01,0,0,1,0,0,0,2,2,8,7,11,38,104,203,389,776,1281,1711,1383,629,139,0,1,0,4,15,49,307,1165,5143,0,6684
Se25 大動脈瘤及び解離,2012,12,2012-12-01,0,0,0,1,1,0,2,4,11,11,23,52,92,129,177,249,356,344,166,53,7,0,1,1,6,22,75,221,426,926,0,1678
Se26 肺炎,2012,12,2012-12-01,7,2,3,2,5,7,2,12,11,25,29,63,195,310,673,1260,2407,3224,2412,1240,303,9,5,12,14,36,92,505,1933,9586,2,12194
Se27 慢性閉塞性肺疾患,2012,12,2012-12-01,1,0,0,0,0,0,0,0,2,1,4,9,26,55,102,203,371,395,220,83,6,1,0,0,0,3,13,81,305,1075,0,1478
Se28 喘息,2012,12,2012-12-01,0,0,0,1,0,0,0,2,3,2,3,2,4,9,7,20,34,43,23,28,5,0,1,0,2,5,5,13,27,133,0,186
Se29 肝疾患,2012,12,2012-12-01,0,0,0,0,0,2,6,28,43,73,93,109,184,194,189,202,213,137,58,20,1,0,0,2,34,116,202,378,391,429,0,1552
Se30 腎不全,2012,12,2012-12-01,1,0,0,0,2,0,1,0,4,7,12,27,64,94,164,278,463,631,464,200,31,1,0,2,1,11,39,158,442,1789,0,2443
Se31 老衰,2012,12,2012-12-01,0,0,0,0,0,0,0,0,0,0,0,0,1,7,44,168,581,1328,1966,1572,691,0,0,0,0,0,0,8,212,6138,3,6361
Se32 不慮の事故,2012,12,2012-12-01,17,3,13,25,42,47,38,49,65,75,99,151,249,325,477,681,885,810,414,163,36,20,38,89,87,140,250,574,1158,2308,12,4676
Se33 交通事故,2012,12,2012-12-01,3,2,8,21,27,26,16,21,24,22,31,40,47,50,99,94,77,48,16,3,1,5,29,53,37,46,71,97,193,145,0,676
Se34 自殺,2012,12,2012-12-01,0,0,9,33,84,129,128,172,166,170,175,170,218,154,128,107,86,51,22,7,0,0,42,213,300,336,345,372,235,166,16,2025
総数,2013,1,2013-01-01,261,37,46,94,225,247,363,617,961,1297,1954,2963,6221,7754,10551,16328,22677,24389,17833,8653,2209,298,140,472,980,2258,4917,13975,26879,75761,17,125697
Se01 結核,2013,1,2013-01-01,0,0,0,0,0,0,0,0,2,1,0,2,2,6,13,22,44,51,22,10,1,0,0,0,0,3,2,8,35,128,0,176
Se02 悪性新生物＜腫瘍＞,2013,1,2013-01-01,7,9,8,14,13,26,43,120,268,386,721,1217,2728,3399,4037,5263,5722,4441,2076,695,86,16,22,39,163,654,1938,6127,9300,13020,0,31279
Se03 食道の悪性新生物＜腫瘍＞,2013,1,2013-01-01,0,0,0,0,0,0,0,0,5,9,28,48,127,145,172,159,129,87,32,16,1,0,0,0,0,14,76,272,331,265,0,958
Se04 胃の悪性新生物＜腫瘍＞,2013,1,2013-01-01,0,0,0,0,0,2,4,17,37,34,85,155,365,455,526,708,795,632,319,96,12,0,0,2,21,71,240,820,1234,1854,0,4242
Se05 結腸の悪性新生物＜腫瘍＞,2013,1,2013-01-01,0,0,0,0,1,4,1,7,20,33,53,104,215,268,346,455,459,470,260,106,13,0,0,5,8,53,157,483,801,1308,0,2815
Se06 直腸Ｓ状結腸移行部及び直腸の悪性新生物＜腫瘍＞,2013,1,2013-01-01,0,0,0,0,1,0,5,6,13,16,37,77,157,168,205,203,171,142,61,33,3,0,0,1,11,29,114,325,408,410,0,1298
Se07 肝及び肝内胆管の悪性新生物＜腫瘍＞,2013,1,2013-01-01,0,1,1,0,0,0,4,6,10,18,48,81,237,299,368,554,575,340,130,45,3,1,1,0,10,28,129,536,922,1093,0,2720
Se08 胆のう及びその他の胆道の悪性新生物＜腫瘍＞,2013,1,2013-01-01,0,0,0,0,0,0,1,3,3,6,20,36,97,124,173,252,328,294,158,57,7,0,0,0,4,9,56,221,425,844,0,1559
Se09 膵の悪性新生物＜腫瘍＞,2013,1,2013-01-01,0,0,0,0,0,1,1,8,15,33,53,123,256,333,367,455,434,324,139,41,7,0,0,1,9,48,176,589,822,945,0,2590
Se10 気管，気管支及び肺の悪性新生物＜腫瘍＞,2013,1,2013-01-01,0,0,0,0,0,2,5,8,30,45,114,195,496,711,868,1127,1253,908,345,106,9,0,0,2,13,75,309,1207,1995,2621,0,6222
Se11 乳房の悪性新生物＜腫瘍＞,2013,1,2013-01-01,0,0,0,0,0,1,3,16,40,61,75,109,162,154,115,110,94,93,58,23,7,0,0,1,19,101,184,316,225,275,0,1121
Se12 子宮の悪性新生物＜腫瘍＞,2013,1,2013-01-01,0,0,0,0,0,0,4,9,20,28,34,52,62,55,59,76,59,54,31,5,1,0,0,0,13,48,86,117,135,150,0,549
Se13 白血病,2013,1,2013-01-01,3,3,3,3,3,3,3,11,13,11,17,32,64,85,86,123,128,77,22,8,3,6,6,6,14,24,49,149,209,238,0,701
Se14 糖尿病,2013,1,2013-01-01,0,0,0,0,2,0,2,5,7,22,27,46,109,131,139,233,262,231,144,52,8,0,0,2,7,29,73,240,372,697,1,1421
Se15 高血圧性疾患,2013,1,2013-01-01,0,0,0,0,0,0,0,1,1,4,7,11,17,26,47,63,136,167,184,105,37,0,0,0,1,5,18,43,110,629,2,808
Se16 心疾患（高血圧性を除く）,2013,1,2013-01-01,8,2,1,1,17,20,42,72,135,203,274,440,974,1176,1698,2717,4141,4788,3701,1817,399,10,2,37,114,338,714,2150,4415,14846,3,22629
Se17 急性心筋梗塞,2013,1,2013-01-01,0,0,0,0,2,4,9,20,39,57,72,141,294,342,437,662,940,920,551,217,27,0,0,6,29,96,213,636,1099,2655,0,4734
Se18 その他の虚血性心疾患,2013,1,2013-01-01,0,0,0,0,2,4,11,15,36,69,60,106,250,320,417,653,859,818,526,188,35,0,0,6,26,105,166,570,1070,2426,2,4371
Se19 不整脈及び伝導障害,2013,1,2013-01-01,3,0,0,1,5,4,10,15,20,27,53,84,137,175,304,402,611,700,487,217,44,3,1,9,25,47,137,312,706,2059,0,3299
Se20 心不全,2013,1,2013-01-01,1,1,0,0,4,5,8,16,25,29,58,65,192,233,370,748,1306,1868,1732,1027,259,2,0,9,24,54,123,425,1118,6192,1,7948
Se21 脳血管疾患,2013,1,2013-01-01,0,1,3,2,4,5,18,36,80,133,176,254,439,635,905,1538,2305,2718,1927,840,165,1,5,9,54,213,430,1074,2443,7955,1,12185
Se22 くも膜下出血,2013,1,2013-01-01,0,1,2,0,3,5,10,18,29,56,70,68,97,113,122,176,165,183,97,24,6,1,2,8,28,85,138,210,298,475,0,1245
Se23 脳内出血,2013,1,2013-01-01,0,0,0,2,1,0,5,15,49,62,84,139,226,287,358,492,663,608,321,127,15,0,2,1,20,111,223,513,850,1734,1,3455
Se24 脳梗塞,2013,1,2013-01-01,0,0,1,0,0,0,1,3,1,13,20,35,102,216,398,828,1414,1866,1463,668,139,0,1,0,4,14,55,318,1226,5550,0,7168
Se25 大動脈瘤及び解離,2013,1,2013-01-01,0,0,0,0,0,0,1,7,5,13,20,35,84,102,162,241,362,337,201,57,7,0,0,0,8,18,55,186,403,964,0,1634
Se26 肺炎,2013,1,2013-01-01,14,1,2,2,3,2,7,10,14,26,42,81,240,343,697,1434,2623,3375,2717,1331,333,15,4,5,17,40,123,583,2131,10379,0,13297
Se27 慢性閉塞性肺疾患,2013,1,2013-01-01,1,0,0,0,0,0,0,1,0,1,2,5,29,63,122,258,450,446,205,70,17,1,0,0,1,1,7,92,380,1188,0,1670
Se28 喘息,2013,1,2013-01-01,0,0,0,0,0,2,1,0,1,4,4,2,5,8,10,26,33,39,38,18,5,0,0,2,1,5,6,13,36,133,0,196
Se29 肝疾患,2013,1,2013-01-01,0,0,0,0,0,1,4,15,47,66,95,128,194,178,185,224,197,157,54,18,3,0,0,1,19,113,223,372,409,429,0,1566
Se30 腎不全,2013,1,2013-01-01,0,1,0,0,0,1,1,2,2,5,11,26,65,83,194,305,469,640,479,224,39,1,0,1,3,7,37,148,499,1851,0,2547
Se31 老衰,2013,1,2013-01-01,0,0,0,0,0,0,0,0,0,0,0,1,1,7,37,146,587,1353,2092,1661,712,0,0,0,0,0,1,8,183,6405,0,6597
Se32 不慮の事故,2013,1,2013-01-01,14,3,9,16,37,26,35,64,61,55,101,129,271,324,442,779,927,813,478,195,41,17,25,63,99,116,230,595,1221,2454,0,4820
Se33 交通事故,2013,1,2013-01-01,2,1,3,12,20,11,8,19,20,17,22,27,53,41,45,69,70,34,12,2,0,3,15,31,27,37,49,94,114,118,0,488
Se34 自殺,2013,1,2013-01-01,0,0,7,43,104,133,135,184,203,206,205,193,209,187,154,125,85,49,29,9,1,0,50,237,319,409,398,396,279,173,5,2266
総数,2013,2,2013-02-01,217,39,39,89,186,231,301,509,799,1139,1709,2694,5439,6942,9661,14195,19875,21458,15551,7706,1909,256,128,417,810,1938,4403,12381,23856,66499,22,110710
Se01 結核,2013,2,2013-02-01,0,0,0,0,0,0,1,0,0,0,2,1,9,7,7,20,41,57,30,5,1,0,0,0,1,0,3,16,27,134,0,181
Se02 悪性新生物＜腫瘍＞,2013,2,2013-02-01,7,7,8,11,14,25,45,106,202,348,654,1185,2534,3102,3846,4681,5058,3963,1794,568,65,14,19,39,151,550,1839,5636,8527,11448,1,28224
Se03 食道の悪性新生物＜腫瘍＞,2013,2,2013-02-01,0,0,0,0,0,0,0,0,2,9,28,61,120,146,164,157,123,95,37,6,0,0,0,0,0,11,89,266,321,261,0,948
Se04 胃の悪性新生物＜腫瘍＞,2013,2,2013-02-01,0,0,0,0,0,2,5,14,16,27,84,124,351,389,530,646,657,587,255,93,9,0,0,2,19,43,208,740,1176,1601,1,3790
Se05 結腸の悪性新生物＜腫瘍＞,2013,2,2013-02-01,0,0,0,0,1,4,7,13,23,27,54,92,201,220,331,434,415,411,207,79,10,0,0,5,20,50,146,421,765,1122,0,2529
Se06 直腸Ｓ状結腸移行部及び直腸の悪性新生物＜腫瘍＞,2013,2,2013-02-01,0,0,0,0,0,1,0,10,10,18,41,73,137,149,175,165,187,124,59,15,3,0,0,1,10,28,114,286,340,388,0,1167
Se07 肝及び肝内胆管の悪性新生物＜腫瘍＞,2013,2,2013-02-01,0,1,0,0,1,1,1,0,9,19,32,83,214,263,349,509,467,273,104,32,1,1,0,2,1,28,115,477,858,877,0,2359
Se08 胆のう及びその他の胆道の悪性新生物＜腫瘍＞,2013,2,2013-02-01,0,0,0,0,0,0,1,2,2,4,18,24,81,121,168,224,307,243,154,56,6,0,0,0,3,6,42,202,392,766,0,1411
Se09 膵の悪性新生物＜腫瘍＞,2013,2,2013-02-01,0,0,0,0,0,1,0,5,13,21,56,86,223,301,336,410,405,287,111,30,5,0,0,1,5,34,142,524,746,838,0,2290
Se10 気管，気管支及び肺の悪性新生物＜腫瘍＞,2013,2,2013-02-01,0,0,0,0,0,1,2,9,25,41,103,204,488,664,821,917,1098,804,326,87,13,0,0,1,11,66,307,1152,1738,2328,0,5603
Se11 乳房の悪性新生物＜腫瘍＞,2013,2,2013-02-01,0,0,0,0,1,0,4,8,25,62,77,116,155,136,107,84,91,70,40,18,4,0,0,1,12,87,193,291,191,223,0,998
Se12 子宮の悪性新生物＜腫瘍＞,2013,2,2013-02-01,0,0,0,1,0,2,6,11,18,23,28,41,53,44,43,53,43,49,32,4,0,0,1,2,17,41,69,97,96,128,0,451
Se13 白血病,2013,2,2013-02-01,3,1,1,5,3,3,4,4,9,9,13,29,63,58,96,104,100,73,26,9,0,4,6,6,8,18,42,121,200,208,0,613
Se14 糖尿病,2013,2,2013-02-01,0,0,0,0,2,2,2,4,8,10,20,28,103,88,130,189,232,219,151,47,4,0,0,4,6,18,48,191,319,653,0,1239
Se15 高血圧性疾患,2013,2,2013-02-01,0,0,0,0,0,1,0,1,5,5,4,8,15,24,52,60,116,133,150,93,32,0,0,1,1,10,12,39,112,524,0,699
Se16 心疾患（高血圧性を除く）,2013,2,2013-02-01,12,4,3,5,7,17,25,58,93,166,250,361,760,1014,1494,2217,3545,4131,3251,1603,351,16,8,24,83,259,611,1774,3711,12881,3,19370
Se17 急性心筋梗塞,2013,2,2013-02-01,1,0,0,0,1,3,7,10,29,62,83,122,230,296,392,560,815,833,481,168,26,1,0,4,17,91,205,526,952,2323,2,4121
Se18 その他の虚血性心疾患,2013,2,2013-02-01,0,1,0,0,2,5,2,20,18,38,68,78,204,253,383,522,744,667,465,174,32,1,0,7,22,56,146,457,905,2082,1,3677
Se19 不整脈及び伝導障害,2013,2,2013-02-01,3,0,1,1,2,4,5,12,24,23,38,55,124,166,242,323,541,581,442,189,33,3,2,6,17,47,93,290,565,1786,0,2809
Se20 心不全,2013,2,2013-02-01,2,0,2,2,1,5,3,8,14,26,30,65,124,202,317,584,1095,1610,1556,924,241,2,4,6,11,40,95,326,901,5426,0,6811
Se21 脳血管疾患,2013,2,2013-02-01,0,2,2,2,3,7,11,28,68,103,145,228,392,501,790,1331,2020,2357,1676,741,156,2,4,10,39,171,373,893,2121,6950,2,10565
Se22 くも膜下出血,2013,2,2013-02-01,0,1,1,1,1,4,8,16,32,49,43,82,80,99,119,125,164,149,69,15,4,1,2,5,24,81,125,179,244,401,0,1062
Se23 脳内出血,2013,2,2013-02-01,0,0,1,1,2,1,2,11,31,43,80,111,205,213,310,482,543,539,288,66,10,0,2,3,13,74,191,418,792,1446,2,2941
Se24 脳梗塞,2013,2,2013-02-01,0,0,0,0,0,1,0,0,3,5,16,28,87,175,343,688,1249,1613,1278,637,139,0,0,1,0,8,44,262,1031,4916,0,6262
Se25 大動脈瘤及び解離,2013,2,2013-02-01,0,0,0,0,1,1,3,7,15,8,26,42,83,107,141,193,272,297,171,62,7,0,0,2,10,23,68,190,334,809,0,1436
Se26 肺炎,2013,2,2013-02-01,8,3,1,0,3,5,4,5,12,25,37,89,179,331,550,1287,2299,2956,2303,1176,278,11,1,8,9,37,126,510,1837,9012,2,11553
Se27 慢性閉塞性肺疾患,2013,2,2013-02-01,0,0,0,0,0,0,1,3,1,5,2,8,25,61,102,225,341,394,193,64,11,0,0,0,4,6,10,86,327,1003,0,1436
Se28 喘息,2013,2,2013-02-01,0,0,0,1,0,1,1,2,3,1,0,2,5,8,11,24,33,24,21,12,2,0,1,1,3,4,2,13,35,92,0,151
Se29 肝疾患,2013,2,2013-02-01,3,0,0,1,0,3,6,12,33,55,70,98,173,145,178,215,170,121,59,20,2,3,1,3,18,88,168,318,393,372,0,1364
Se30 腎不全,2013,2,2013-02-01,0,0,0,0,1,0,1,0,4,10,10,20,51,70,122,272,437,590,453,188,38,0,0,1,1,14,30,121,394,1706,0,2267
Se31 老衰,2013,2,2013-02-01,0,0,0,0,0,0,0,0,0,0,0,0,3,10,42,136,540,1221,1891,1538,622,0,0,0,0,0,0,13,178,5812,0,6003
Se32 不慮の事故,2013,2,2013-02-01,16,5,2,21,38,35,32,43,52,75,79,95,212,262,402,582,703,665,358,152,24,21,23,73,75,127,174,474,984,1902,3,3856
Se33 交通事故,2013,2,2013-02-01,3,3,1,13,14,18,13,16,14,26,15,21,38,47,60,67,55,29,5,3,0,6,14,32,29,40,36,85,127,92,0,461
Se34 自殺,2013,2,2013-02-01,0,0,7,28,92,102,107,161,193,180,183,168,179,168,170,142,88,63,18,4,1,0,35,194,268,373,351,347,312,174,5,2059
総数,2013,3,2013-03-01,258,34,42,100,212,258,328,581,828,1195,1747,2812,5536,7051,9486,14164,19635,21272,15563,7634,1911,292,142,470,909,2023,4559,12587,23650,66015,31,110678
Se01 結核,2013,3,2013-03-01,0,0,0,0,0,0,0,1,0,2,3,1,1,7,7,20,39,46,26,6,2,0,0,0,1,2,4,8,27,119,0,161
Se02 悪性新生物＜腫瘍＞,2013,3,2013-03-01,7,5,10,13,14,25,57,131,214,380,667,1259,2718,3332,3931,4944,5447,4196,2099,660,83,12,23,39,188,594,1926,6050,8875,12485,2,30194
Se03 食道の悪性新生物＜腫瘍＞,2013,3,2013-03-01,0,0,0,0,0,0,1,0,3,9,29,52,151,169,146,182,120,64,34,9,0,0,0,0,1,12,81,320,328,227,0,969
Se04 胃の悪性新生物＜腫瘍＞,2013,3,2013-03-01,0,0,0,0,2,3,9,17,23,43,84,158,398,428,532,702,718,569,330,93,7,0,0,5,26,66,242,826,1234,1717,0,4116
Se05 結腸の悪性新生物＜腫瘍＞,2013,3,2013-03-01,0,0,0,0,1,2,7,5,13,31,59,97,204,269,322,404,468,430,262,95,14,0,0,3,12,44,156,473,726,1269,0,2683
Se06 直腸Ｓ状結腸移行部及び直腸の悪性新生物＜腫瘍＞,2013,3,2013-03-01,0,0,0,0,0,0,1,5,11,23,35,60,163,160,161,206,208,148,52,25,5,0,0,0,6,34,95,323,367,438,0,1263
Se07 肝及び肝内胆管の悪性新生物＜腫瘍＞,2013,3,2013-03-01,0,0,1,1,0,1,0,4,7,17,53,117,236,261,387,503,531,296,123,24,7,0,2,1,4,24,170,497,890,981,1,2570
Se08 胆のう及びその他の胆道の悪性新生物＜腫瘍＞,2013,3,2013-03-01,0,0,0,0,0,0,2,0,5,4,14,30,82,131,176,240,299,305,175,53,2,0,0,0,2,9,44,213,416,834,0,1518
Se09 膵の悪性新生物＜腫瘍＞,2013,3,2013-03-01,0,0,0,0,0,1,2,9,16,23,51,107,228,321,346,422,455,322,114,51,10,0,0,1,11,39,158,549,768,952,0,2478
Se10 気管，気管支及び肺の悪性新生物＜腫瘍＞,2013,3,2013-03-01,0,0,0,0,0,0,0,7,22,49,96,210,505,683,842,1014,1170,838,330,113,12,0,0,0,7,71,306,1188,1856,2463,0,5891
Se11 乳房の悪性新生物＜腫瘍＞,2013,3,2013-03-01,0,0,0,0,0,1,5,23,36,67,73,96,166,150,125,89,93,98,46,24,8,0,0,1,28,103,169,316,214,269,0,1100
Se12 子宮の悪性新生物＜腫瘍＞,2013,3,2013-03-01,0,0,0,0,1,0,6,9,12,17,31,43,63,53,44,74,41,38,26,4,1,0,0,1,15,29,74,116,118,110,0,463
Se13 白血病,2013,3,2013-03-01,3,2,4,0,3,7,9,10,3,5,16,41,55,68,99,111,101,90,35,14,0,5,4,10,19,8,57,123,210,240,0,676
Se14 糖尿病,2013,3,2013-03-01,0,0,2,0,0,0,1,8,7,13,18,34,93,98,120,198,248,235,130,61,2,0,2,0,9,20,52,191,318,676,0,1268
Se15 高血圧性疾患,2013,3,2013-03-01,0,0,0,0,0,0,1,0,2,4,2,9,16,25,24,62,112,136,140,65,24,0,0,0,1,6,11,41,86,477,0,622
Se16 心疾患（高血圧性を除く）,2013,3,2013-03-01,7,1,2,4,13,13,32,49,102,148,198,358,669,848,1302,2116,3241,3884,3097,1528,390,8,6,26,81,250,556,1517,3418,12140,4,18006
Se17 急性心筋梗塞,2013,3,2013-03-01,0,0,0,0,0,2,8,11,28,43,57,114,198,234,363,518,744,731,466,166,21,0,0,2,19,71,171,432,881,2128,1,3705
Se18 その他の虚血性心疾患,2013,3,2013-03-01,0,0,1,0,3,2,6,9,26,46,58,85,169,227,304,493,597,609,352,135,48,0,1,5,15,72,143,396,797,1741,3,3173
Se19 不整脈及び伝導障害,2013,3,2013-03-01,0,0,0,2,2,2,4,14,19,23,38,62,106,118,196,321,478,554,415,197,39,0,2,4,18,42,100,224,517,1683,0,2590
Se20 心不全,2013,3,2013-03-01,1,0,0,1,3,4,4,8,21,15,24,56,122,178,302,570,1071,1504,1507,879,257,1,1,7,12,36,80,300,872,5218,0,6527
Se21 脳血管疾患,2013,3,2013-03-01,3,2,1,3,4,4,5,28,65,99,149,217,402,548,782,1314,2023,2300,1638,815,152,5,4,8,33,164,366,950,2096,6928,3,10557
Se22 くも膜下出血,2013,3,2013-03-01,1,0,1,2,2,0,2,15,35,40,53,65,90,110,118,126,180,136,67,21,3,1,3,2,17,75,118,200,244,407,0,1067
Se23 脳内出血,2013,3,2013-03-01,1,2,0,1,2,2,2,13,26,49,79,119,203,228,299,431,567,556,300,94,16,3,1,4,15,75,198,431,730,1533,3,2993
Se24 脳梗塞,2013,3,2013-03-01,0,0,0,0,0,0,1,0,3,8,11,27,102,189,343,715,1241,1551,1239,684,128,0,0,0,1,11,38,291,1058,4843,0,6242
Se25 大動脈瘤及び解離,2013,3,2013-03-01,0,0,0,0,0,0,0,8,10,14,25,36,73,116,121,219,287,302,166,52,7,0,0,0,8,24,61,189,340,814,0,1436
Se26 肺炎,2013,3,2013-03-01,8,1,1,1,0,4,5,5,15,20,43,67,178,297,608,1202,2120,2874,2216,1054,239,9,2,4,10,35,110,475,1810,8503,0,10958
Se27 慢性閉塞性肺疾患,2013,3,2013-03-01,0,0,0,0,0,0,1,0,0,1,3,9,28,53,117,227,359,398,196,68,18,0,0,0,1,1,12,81,344,1039,0,1478
Se28 喘息,2013,3,2013-03-01,0,0,1,0,1,3,1,2,1,1,0,3,5,5,14,20,34,33,22,14,2,0,1,4,3,2,3,10,34,105,0,162
Se29 肝疾患,2013,3,2013-03-01,2,0,0,0,0,2,3,17,32,64,91,102,177,177,186,235,193,125,53,12,4,2,0,2,20,96,193,354,421,387,1,1476
Se30 腎不全,2013,3,2013-03-01,1,0,1,0,0,0,0,2,8,7,5,18,49,88,161,283,449,562,447,173,41,1,1,0,2,15,23,137,444,1672,0,2295
Se31 老衰,2013,3,2013-03-01,0,0,0,0,0,0,0,0,0,0,0,0,3,9,31,128,516,1237,1875,1567,620,0,0,0,0,0,0,12,159,5815,0,5986
Se32 不慮の事故,2013,3,2013-03-01,12,9,3,30,39,31,29,40,58,79,91,114,176,202,324,491,608,571,369,133,30,21,33,70,69,137,205,378,815,1711,4,3443
Se33 交通事故,2013,3,2013-03-01,2,5,2,22,25,18,8,14,24,29,27,24,32,44,44,56,60,27,6,0,0,7,24,43,22,53,51,76,100,93,0,469
Se34 自殺,2013,3,2013-03-01,0,0,5,25,115,127,144,185,191,195,216,217,206,204,183,137,87,70,36,3,0,0,30,242,329,386,433,410,320,196,5,2351
総数,2013,4,2013-04-01,232,41,31,131,217,241,343,514,825,1136,1724,2574,5196,6525,9151,13121,18410,19847,14378,7085,1775,273,162,458,857,1961,4298,11721,22272,61495,43,103540
Se01 結核,2013,4,2013-04-01,0,0,0,0,0,0,0,0,1,2,1,1,2,7,14,19,37,50,27,18,3,0,0,0,0,3,2,9,33,135,0,182
Se02 悪性新生物＜腫瘍＞,2013,4,2013-04-01,10,10,7,14,10,22,55,118,241,389,691,1167,2574,3131,4005,4874,5166,4197,2007,580,74,20,21,32,173,630,1858,5705,8879,12024,2,29344
Se03 食道の悪性新生物＜腫瘍＞,2013,4,2013-04-01,0,0,0,0,0,0,0,0,2,8,21,49,131,123,163,148,124,77,34,8,1,0,0,0,0,10,70,254,311,244,0,889
Se04 胃の悪性新生物＜腫瘍＞,2013,4,2013-04-01,0,0,0,1,1,2,5,18,36,49,79,139,376,424,564,698,663,562,299,99,10,0,1,3,23,85,218,800,1262,1633,1,4026
Se05 結腸の悪性新生物＜腫瘍＞,2013,4,2013-04-01,0,0,0,0,0,2,1,10,15,32,54,95,199,239,300,368,437,455,233,78,12,0,0,2,11,47,149,438,668,1215,0,2530
Se06 直腸Ｓ状結腸移行部及び直腸の悪性新生物＜腫瘍＞,2013,4,2013-04-01,0,0,0,0,0,1,3,3,12,25,32,77,153,133,181,190,169,127,58,14,3,0,0,1,6,37,109,286,371,371,0,1181
Se07 肝及び肝内胆管の悪性新生物＜腫瘍＞,2013,4,2013-04-01,1,0,0,0,0,0,1,4,7,16,42,94,218,244,403,547,506,306,146,35,2,1,0,0,5,23,136,462,950,995,0,2572
Se08 胆のう及びその他の胆道の悪性新生物＜腫瘍＞,2013,4,2013-04-01,0,0,0,0,0,0,2,1,3,5,19,40,85,118,176,242,315,288,161,49,5,0,0,0,3,8,59,203,418,818,0,1509
Se09 膵の悪性新生物＜腫瘍＞,2013,4,2013-04-01,0,0,0,0,0,0,0,7,14,38,52,92,216,314,343,397,427,305,147,38,6,0,0,0,7,52,144,530,740,923,0,2396
Se10 気管，気管支及び肺の悪性新生物＜腫瘍＞,2013,4,2013-04-01,0,0,0,0,0,0,4,12,21,43,101,210,472,723,843,1006,1126,872,309,88,17,0,0,0,16,64,311,1195,1849,2412,0,5847
Se11 乳房の悪性新生物＜腫瘍＞,2013,4,2013-04-01,0,0,0,0,0,1,7,13,38,55,93,97,153,114,116,106,78,78,44,14,1,0,0,1,20,93,190,267,222,215,0,1008
Se12 子宮の悪性新生物＜腫瘍＞,2013,4,2013-04-01,0,0,0,0,0,2,4,12,17,18,41,32,60,57,52,38,59,48,28,7,1,0,0,2,16,35,73,117,90,143,1,477
Se13 白血病,2013,4,2013-04-01,5,3,3,6,3,4,10,7,11,9,18,24,55,76,91,122,104,74,30,6,0,8,9,7,17,20,42,131,213,214,0,661
Se14 糖尿病,2013,4,2013-04-01,0,0,0,0,0,0,1,4,8,18,21,39,70,100,130,197,249,181,110,37,7,0,0,0,5,26,60,170,327,584,0,1172
Se15 高血圧性疾患,2013,4,2013-04-01,0,0,0,0,0,0,0,0,1,5,1,12,15,16,27,49,88,145,127,80,28,0,0,0,0,6,13,31,76,468,0,594
Se16 心疾患（高血圧性を除く）,2013,4,2013-04-01,9,1,2,6,9,14,23,50,108,145,213,298,632,753,1139,1771,2880,3478,2772,1453,320,10,8,23,73,253,511,1385,2910,10903,4,16080
Se17 急性心筋梗塞,2013,4,2013-04-01,1,0,0,0,1,3,3,15,30,46,72,89,185,234,303,435,622,629,339,156,34,1,0,4,18,76,161,419,738,1780,0,3197
Se18 その他の虚血性心疾患,2013,4,2013-04-01,0,0,0,0,0,3,5,8,18,27,58,82,136,187,282,406,522,506,336,160,28,0,0,3,13,45,140,323,688,1552,3,2767
Se19 不整脈及び伝導障害,2013,4,2013-04-01,1,0,1,3,3,4,8,12,21,22,28,42,107,118,162,254,428,524,385,181,25,1,4,7,20,43,70,225,416,1543,1,2330
Se20 心不全,2013,4,2013-04-01,2,1,0,2,2,0,1,12,24,37,37,55,139,143,271,482,982,1397,1394,819,210,3,2,2,13,61,92,282,753,4802,0,6010
Se21 脳血管疾患,2013,4,2013-04-01,1,0,2,0,3,3,17,23,66,101,147,202,374,497,751,1178,1925,2158,1643,737,178,1,2,6,40,167,349,871,1929,6641,5,10011
Se22 くも膜下出血,2013,4,2013-04-01,0,0,1,0,0,1,7,10,32,41,49,47,84,98,121,136,164,157,84,20,4,0,1,1,17,73,96,182,257,429,0,1056
Se23 脳内出血,2013,4,2013-04-01,0,0,1,0,2,2,9,10,27,47,79,120,190,221,292,363,548,487,254,96,21,0,1,4,19,74,199,411,655,1406,3,2772
Se24 脳梗塞,2013,4,2013-04-01,0,0,0,0,0,0,0,2,7,8,13,30,95,161,322,653,1166,1467,1264,597,147,0,0,0,2,15,43,256,975,4641,2,5934
Se25 大動脈瘤及び解離,2013,4,2013-04-01,0,0,0,0,1,1,0,6,10,17,22,41,51,84,119,204,272,280,167,42,6,0,0,2,6,27,63,135,323,767,0,1323
Se26 肺炎,2013,4,2013-04-01,7,2,1,2,1,5,4,7,17,15,28,50,164,309,566,1066,2013,2606,2045,1030,243,9,3,6,11,32,78,473,1632,7937,2,10183
Se27 慢性閉塞性肺疾患,2013,4,2013-04-01,0,0,0,0,0,1,0,1,0,0,3,9,31,54,91,213,351,355,163,68,14,0,0,1,1,0,12,85,304,951,0,1354
Se28 喘息,2013,4,2013-04-01,0,0,0,0,0,0,1,3,4,2,1,5,8,7,17,20,29,34,39,14,5,0,0,0,4,6,6,15,37,121,0,189
Se29 肝疾患,2013,4,2013-04-01,0,0,0,0,1,0,4,11,35,47,85,102,133,136,173,161,179,116,64,18,2,0,0,1,15,82,187,269,334,379,0,1267
Se30 腎不全,2013,4,2013-04-01,0,0,0,0,0,0,3,4,3,6,5,17,40,78,140,290,436,535,469,168,30,0,0,0,7,9,22,118,430,1638,1,2225
Se31 老衰,2013,4,2013-04-01,0,0,0,0,0,0,0,0,0,0,0,0,2,4,40,126,486,1187,1673,1373,547,0,0,0,0,0,0,6,166,5266,1,5439
Se32 不慮の事故,2013,4,2013-04-01,17,11,4,29,42,23,30,41,58,55,80,114,143,215,289,412,571,531,301,155,20,28,33,65,71,113,194,358,701,1578,4,3145
Se33 交通事故,2013,4,2013-04-01,3,4,2,21,24,14,13,19,24,25,23,26,34,37,51,51,55,36,9,0,0,7,23,38,32,49,49,71,102,100,0,471
Se34 自殺,2013,4,2013-04-01,0,0,4,52,119,134,150,160,161,173,193,178,232,192,166,135,103,55,29,9,0,0,56,253,310,334,371,424,301,196,5,2250
総数,2013,5,2013-05-01,267,29,35,100,218,262,337,540,863,1197,1669,2612,5050,6800,8842,13270,18068,19579,14226,6840,1781,296,135,480,877,2060,4281,11850,22112,60494,56,102641
Se01 結核,2013,5,2013-05-01,0,0,0,0,0,0,1,1,1,1,0,1,12,6,13,22,40,49,27,8,0,0,0,0,2,2,1,18,35,124,1,183
Se02 悪性新生物＜腫瘍＞,2013,5,2013-05-01,6,6,9,17,15,25,49,116,267,385,656,1226,2534,3345,3966,5089,5321,4193,2038,579,99,12,26,40,165,652,1882,5879,9055,12230,1,29942
Se03 食道の悪性新生物＜腫瘍＞,2013,5,2013-05-01,0,0,0,0,0,0,0,1,4,6,22,48,120,167,174,168,127,81,25,7,0,0,0,0,1,10,70,287,342,240,0,950
Se04 胃の悪性新生物＜腫瘍＞,2013,5,2013-05-01,0,0,0,1,3,5,4,15,26,55,57,172,347,410,571,688,723,566,289,79,13,0,1,8,19,81,229,757,1259,1670,0,4024
Se05 結腸の悪性新生物＜腫瘍＞,2013,5,2013-05-01,0,0,0,1,0,1,4,6,24,27,56,113,182,261,350,423,456,460,253,85,14,0,1,1,10,51,169,443,773,1268,0,2716
Se06 直腸Ｓ状結腸移行部及び直腸の悪性新生物＜腫瘍＞,2013,5,2013-05-01,0,0,0,0,1,0,0,1,18,17,39,74,149,156,149,211,187,147,55,21,2,0,0,1,1,35,113,305,360,412,0,1227
Se07 肝及び肝内胆管の悪性新生物＜腫瘍＞,2013,5,2013-05-01,1,0,0,1,0,1,1,0,8,20,39,76,211,280,353,503,479,322,118,24,4,1,1,1,1,28,115,491,856,947,0,2441
Se08 胆のう及びその他の胆道の悪性新生物＜腫瘍＞,2013,5,2013-05-01,0,0,0,0,0,0,0,3,4,3,15,31,83,120,171,268,305,288,150,49,6,0,0,0,3,7,46,203,439,798,0,1496
Se09 膵の悪性新生物＜腫瘍＞,2013,5,2013-05-01,0,0,0,0,1,1,2,5,12,31,56,107,250,325,355,394,393,306,165,33,9,0,0,2,7,43,163,575,749,906,0,2445
Se10 気管，気管支及び肺の悪性新生物＜腫瘍＞,2013,5,2013-05-01,0,0,0,0,0,0,3,11,30,52,79,214,496,724,870,1115,1167,836,377,89,15,0,0,0,14,82,293,1220,1985,2484,1,6079
Se11 乳房の悪性新生物＜腫瘍＞,2013,5,2013-05-01,0,0,0,0,0,1,9,27,52,59,95,109,148,128,130,110,110,84,52,19,7,0,0,1,36,111,204,276,240,272,0,1140
Se12 子宮の悪性新生物＜腫瘍＞,2013,5,2013-05-01,0,0,0,0,1,2,5,14,18,23,36,31,59,59,41,57,67,43,31,10,2,0,0,3,19,41,67,118,98,153,0,499
Se13 白血病,2013,5,2013-05-01,2,1,4,4,4,5,5,10,12,12,17,32,52,75,96,120,118,81,31,13,1,3,8,9,15,24,49,127,216,244,0,695
Se14 糖尿病,2013,5,2013-05-01,0,0,1,1,2,2,2,3,14,16,17,36,68,87,122,187,215,206,141,41,3,0,2,4,5,30,53,155,309,606,1,1165
Se15 高血圧性疾患,2013,5,2013-05-01,0,0,0,0,0,0,0,2,1,2,2,12,11,25,35,46,71,103,122,81,22,0,0,0,2,3,14,36,81,399,0,535
Se16 心疾患（高血圧性を除く）,2013,5,2013-05-01,13,1,2,3,12,18,18,45,88,150,203,287,573,778,996,1661,2722,3328,2644,1362,327,14,5,30,63,238,490,1351,2657,10383,3,15234
Se17 急性心筋梗塞,2013,5,2013-05-01,0,0,0,0,1,2,0,13,28,40,71,92,176,213,296,402,551,591,347,139,32,0,0,3,13,68,163,389,698,1660,1,2995
Se18 その他の虚血性心疾患,2013,5,2013-05-01,0,0,0,0,1,5,4,9,22,45,42,65,158,213,216,358,507,438,286,132,11,0,0,6,13,67,107,371,574,1374,2,2514
Se19 不整脈及び伝導障害,2013,5,2013-05-01,3,0,0,1,5,4,3,11,8,28,35,54,75,120,179,266,425,484,349,170,41,3,1,9,14,36,89,195,445,1469,0,2261
Se20 心不全,2013,5,2013-05-01,2,0,0,1,3,3,6,7,14,22,41,56,108,162,203,465,930,1412,1321,776,213,2,1,6,13,36,97,270,668,4652,0,5745
Se21 脳血管疾患,2013,5,2013-05-01,1,0,2,1,0,2,12,34,57,96,130,184,375,498,693,1224,1896,2160,1588,655,160,1,3,2,46,153,314,873,1917,6459,1,9769
Se22 くも膜下出血,2013,5,2013-05-01,0,0,0,1,0,2,6,17,25,39,46,51,96,96,93,118,171,130,69,23,4,0,1,2,23,64,97,192,211,397,0,987
Se23 脳内出血,2013,5,2013-05-01,0,0,2,0,0,0,4,14,25,50,69,97,176,215,239,391,548,514,245,91,18,0,2,0,18,75,166,391,630,1416,1,2699
Se24 脳梗塞,2013,5,2013-05-01,1,0,0,0,0,0,1,2,5,6,11,32,96,177,345,686,1139,1468,1230,522,133,1,0,0,3,11,43,273,1031,4492,0,5854
Se25 大動脈瘤及び解離,2013,5,2013-05-01,0,0,1,0,1,1,1,2,5,11,14,42,51,77,103,158,254,279,156,50,5,0,1,2,3,16,56,128,261,744,0,1211
Se26 肺炎,2013,5,2013-05-01,8,1,0,2,3,7,7,9,14,16,31,59,173,296,545,1075,2024,2651,2138,1042,228,9,2,10,16,30,90,469,1620,8083,2,10331
Se27 慢性閉塞性肺疾患,2013,5,2013-05-01,1,0,0,0,0,2,0,0,0,2,5,7,27,60,103,240,333,372,181,54,9,1,0,2,0,2,12,87,343,949,0,1396
Se28 喘息,2013,5,2013-05-01,0,0,0,0,0,0,0,0,2,0,2,5,3,5,7,12,30,35,34,8,5,0,0,0,0,2,7,8,19,112,0,148
Se29 肝疾患,2013,5,2013-05-01,0,0,0,0,1,0,4,10,26,57,92,99,129,154,160,175,154,126,69,19,1,0,0,1,14,83,191,283,335,369,1,1277
Se30 腎不全,2013,5,2013-05-01,1,0,0,0,1,1,0,2,0,2,11,10,51,83,130,240,418,521,376,180,28,1,0,2,2,2,21,134,370,1523,0,2055
Se31 老衰,2013,5,2013-05-01,0,0,0,0,0,0,0,0,0,0,0,0,1,7,38,130,503,1164,1611,1290,576,0,0,0,0,0,0,8,168,5144,0,5320
Se32 不慮の事故,2013,5,2013-05-01,22,8,4,31,24,30,29,34,47,64,71,99,169,201,269,394,488,433,268,126,30,30,35,54,63,111,170,370,663,1345,5,2846
Se33 交通事故,2013,5,2013-05-01,6,5,2,22,9,17,13,17,11,26,25,28,37,37,52,57,52,23,7,3,0,11,24,26,30,37,53,74,109,85,0,449
Se34 自殺,2013,5,2013-05-01,0,0,6,29,116,135,151,200,189,224,208,184,202,204,203,168,121,77,29,10,0,0,35,251,351,413,392,406,371,237,14,2470
総数,2013,6,2013-06-01,222,48,34,89,204,242,278,508,737,1048,1594,2420,4778,6122,8205,11690,16368,17493,12430,5950,1538,270,123,446,786,1785,4014,10900,19895,53779,48,92046
Se01 結核,2013,6,2013-06-01,0,0,0,0,0,0,0,0,0,2,0,4,7,4,14,13,47,33,23,6,1,0,0,0,0,2,4,11,27,110,1,155
Se02 悪性新生物＜腫瘍＞,2013,6,2013-06-01,3,13,5,14,15,25,49,133,222,380,661,1132,2449,3187,3956,4853,5357,4135,1920,582,89,16,19,40,182,602,1793,5636,8809,12083,2,29182
Se03 食道の悪性新生物＜腫瘍＞,2013,6,2013-06-01,0,0,0,0,0,0,0,1,1,7,30,47,129,138,185,139,139,74,38,5,1,0,0,0,1,8,77,267,324,257,0,934
Se04 胃の悪性新生物＜腫瘍＞,2013,6,2013-06-01,0,0,0,0,2,2,6,13,24,41,71,126,305,422,542,641,710,577,262,86,9,0,0,4,19,65,197,727,1183,1644,0,3839
Se05 結腸の悪性新生物＜腫瘍＞,2013,6,2013-06-01,0,0,0,1,1,3,5,2,14,39,49,95,194,253,310,393,458,420,241,99,18,0,1,4,7,53,144,447,703,1236,0,2595
Se06 直腸Ｓ状結腸移行部及び直腸の悪性新生物＜腫瘍＞,2013,6,2013-06-01,0,0,0,0,0,0,3,10,9,24,32,78,153,182,174,206,158,154,61,14,4,0,0,0,13,33,110,335,380,391,1,1263
Se07 肝及び肝内胆管の悪性新生物＜腫瘍＞,2013,6,2013-06-01,0,0,0,1,1,0,2,3,12,14,39,75,191,252,356,529,512,307,113,42,3,0,1,1,5,26,114,443,885,977,1,2453
Se08 胆のう及びその他の胆道の悪性新生物＜腫瘍＞,2013,6,2013-06-01,0,0,0,0,0,0,0,1,2,9,16,28,65,140,164,248,315,274,159,55,9,0,0,0,1,11,44,205,412,812,0,1485
Se09 膵の悪性新生物＜腫瘍＞,2013,6,2013-06-01,0,0,0,0,1,3,0,5,13,27,38,100,240,304,400,458,435,296,146,38,5,0,0,4,5,40,138,544,858,920,0,2509
Se10 気管，気管支及び肺の悪性新生物＜腫瘍＞,2013,6,2013-06-01,0,0,0,0,0,1,3,14,24,46,93,176,477,668,799,1031,1151,850,319,69,11,0,0,1,17,70,269,1145,1830,2400,0,5732
Se11 乳房の悪性新生物＜腫瘍＞,2013,6,2013-06-01,0,0,0,0,0,1,6,28,45,50,88,109,133,121,112,104,98,85,51,22,6,0,0,1,34,95,197,254,216,262,0,1059
Se12 子宮の悪性新生物＜腫瘍＞,2013,6,2013-06-01,0,0,0,0,0,2,8,13,12,26,27,49,59,54,37,53,53,50,26,8,2,0,0,2,21,38,76,113,90,139,0,479
Se13 白血病,2013,6,2013-06-01,2,2,1,5,5,3,3,9,11,8,18,24,54,74,103,109,99,69,23,6,1,4,6,8,12,19,42,128,212,198,0,629
Se14 糖尿病,2013,6,2013-06-01,0,0,0,0,1,0,0,4,4,17,16,31,61,88,98,145,183,162,108,37,3,0,0,1,4,21,47,149,243,493,0,958
Se15 高血圧性疾患,2013,6,2013-06-01,0,0,0,0,0,0,0,0,1,3,3,8,17,14,19,32,71,103,99,83,12,0,0,0,0,4,11,31,51,368,0,465
Se16 心疾患（高血圧性を除く）,2013,6,2013-06-01,8,4,3,4,4,13,19,50,90,128,192,248,498,598,845,1362,2136,2810,2263,1097,243,12,7,17,69,218,440,1096,2207,8549,6,12621
Se17 急性心筋梗塞,2013,6,2013-06-01,0,1,0,0,1,1,4,14,23,44,52,65,134,175,223,347,506,493,301,116,17,1,0,2,18,67,117,309,570,1433,1,2518
Se18 その他の虚血性心疾患,2013,6,2013-06-01,1,0,0,1,0,4,3,11,28,25,51,65,121,155,204,280,355,414,220,102,27,1,1,4,14,53,116,276,484,1118,4,2071
Se19 不整脈及び伝導障害,2013,6,2013-06-01,1,1,1,1,0,6,3,14,18,20,36,48,94,99,112,206,309,427,314,118,22,2,2,6,17,38,84,193,318,1190,1,1851
Se20 心不全,2013,6,2013-06-01,1,0,0,1,0,2,6,5,11,21,28,44,89,111,206,370,711,1161,1155,645,155,1,1,2,11,32,72,200,576,3827,0,4722
Se21 脳血管疾患,2013,6,2013-06-01,1,1,2,2,3,5,10,24,57,77,109,190,306,418,606,993,1649,1870,1316,637,131,2,4,8,34,134,299,724,1599,5603,1,8408
Se22 くも膜下出血,2013,6,2013-06-01,1,0,1,1,2,1,7,18,30,28,48,68,75,82,86,96,126,128,59,18,2,1,2,3,25,58,116,157,182,333,0,877
Se23 脳内出血,2013,6,2013-06-01,0,0,1,1,1,2,3,5,22,42,47,98,145,174,240,312,452,439,218,100,17,0,2,3,8,64,145,319,552,1226,0,2319
Se24 脳梗塞,2013,6,2013-06-01,0,1,0,0,0,1,0,0,2,6,10,20,79,150,268,565,1030,1265,1011,509,110,1,0,1,0,8,30,229,833,3925,1,5028
Se25 大動脈瘤及び解離,2013,6,2013-06-01,0,0,1,0,1,0,1,5,10,10,13,30,44,73,105,138,217,236,160,46,6,0,1,1,6,20,43,117,243,665,0,1096
Se26 肺炎,2013,6,2013-06-01,3,0,0,0,3,3,7,5,7,17,25,52,169,233,474,893,1663,2184,1746,826,200,3,0,6,12,24,77,402,1367,6619,3,8513
Se27 慢性閉塞性肺疾患,2013,6,2013-06-01,0,0,0,0,0,0,0,0,0,0,2,9,30,46,99,185,302,328,152,56,9,0,0,0,0,0,11,76,284,847,1,1219
Se28 喘息,2013,6,2013-06-01,0,0,0,0,0,1,2,1,0,2,2,2,6,6,9,17,25,23,18,15,4,0,0,1,3,2,4,12,26,85,0,133
Se29 肝疾患,2013,6,2013-06-01,1,0,0,0,1,2,3,10,30,43,79,89,119,117,160,199,154,111,61,13,0,1,0,3,13,73,168,236,359,339,2,1194
Se30 腎不全,2013,6,2013-06-01,0,0,0,0,1,1,0,1,2,6,9,19,40,81,116,192,379,465,343,139,29,0,0,2,1,8,28,121,308,1355,0,1823
Se31 老衰,2013,6,2013-06-01,0,0,0,0,0,0,0,0,0,0,0,1,0,6,31,118,405,1022,1473,1190,514,0,0,0,0,0,1,6,149,4604,0,4760
Se32 不慮の事故,2013,6,2013-06-01,15,15,5,20,40,31,34,30,50,46,60,97,153,176,181,325,395,385,244,92,11,30,25,71,64,96,157,329,506,1127,2,2407
Se33 交通事故,2013,6,2013-06-01,3,9,3,17,26,17,18,10,23,18,17,27,40,38,39,67,43,19,13,0,0,12,20,43,28,41,44,78,106,75,0,447
Se34 自殺,2013,6,2013-06-01,0,0,13,42,103,114,114,162,157,171,197,188,210,178,172,141,125,80,35,3,0,0,55,217,276,328,385,388,313,243,5,2210
総数,2013,7,2013-07-01,266,55,53,138,172,246,328,551,823,1197,1737,2451,5025,6532,8724,12432,16894,18145,13260,6321,1653,321,191,418,879,2020,4188,11557,21156,56273,43,97046
Se01 結核,2013,7,2013-07-01,0,0,0,0,0,0,0,0,2,5,2,4,5,3,13,17,41,50,26,9,0,0,0,0,0,7,6,8,30,126,0,177
Se02 悪性新生物＜腫瘍＞,2013,7,2013-07-01,9,11,15,18,11,26,54,148,255,393,716,1143,2637,3405,4165,5054,5438,4249,2062,657,104,20,33,37,202,648,1859,6042,9219,12510,4,30574
Se03 食道の悪性新生物＜腫瘍＞,2013,7,2013-07-01,0,0,0,1,0,0,0,1,4,14,21,59,117,156,169,166,118,78,31,6,1,0,1,0,1,18,80,273,335,234,1,943
Se04 胃の悪性新生物＜腫瘍＞,2013,7,2013-07-01,0,0,0,0,1,1,13,10,37,53,82,138,344,459,532,664,715,597,314,88,11,0,0,2,23,90,220,803,1196,1725,1,4060
Se05 結腸の悪性新生物＜腫瘍＞,2013,7,2013-07-01,0,0,0,0,1,1,4,10,23,21,42,94,209,247,353,446,492,414,270,102,23,0,0,2,14,44,136,456,799,1301,0,2752
Se06 直腸Ｓ状結腸移行部及び直腸の悪性新生物＜腫瘍＞,2013,7,2013-07-01,0,0,0,0,0,1,4,5,12,16,47,66,156,161,194,179,175,141,62,25,3,0,0,1,9,28,113,317,373,406,0,1247
Se07 肝及び肝内胆管の悪性新生物＜腫瘍＞,2013,7,2013-07-01,1,1,0,0,0,2,2,4,5,22,48,84,194,254,352,510,525,289,130,36,3,2,0,2,6,27,132,448,862,983,0,2462
Se08 胆のう及びその他の胆道の悪性新生物＜腫瘍＞,2013,7,2013-07-01,0,0,0,0,0,1,1,2,4,6,13,39,92,131,178,267,314,304,137,65,8,0,0,1,3,10,52,223,445,828,0,1562
Se09 膵の悪性新生物＜腫瘍＞,2013,7,2013-07-01,0,0,0,1,0,2,2,9,9,37,60,90,258,347,398,444,438,307,145,49,8,0,1,2,11,46,150,605,842,947,0,2604
Se10 気管，気管支及び肺の悪性新生物＜腫瘍＞,2013,7,2013-07-01,0,0,0,0,0,0,3,13,24,49,106,178,492,738,928,1067,1181,857,360,92,11,0,0,0,16,73,284,1230,1995,2501,0,6099
Se11 乳房の悪性新生物＜腫瘍＞,2013,7,2013-07-01,0,0,0,0,0,0,8,20,30,57,93,118,155,127,120,109,95,85,54,24,5,0,0,0,28,87,211,282,229,263,0,1100
Se12 子宮の悪性新生物＜腫瘍＞,2013,7,2013-07-01,0,0,0,0,0,2,4,21,15,29,32,41,76,59,50,51,43,57,20,3,1,0,0,2,25,44,73,135,101,124,1,505
Se13 白血病,2013,7,2013-07-01,2,3,6,5,4,8,2,9,14,16,27,23,65,80,90,104,104,77,27,5,0,5,11,12,11,30,50,145,194,213,0,671
Se14 糖尿病,2013,7,2013-07-01,0,0,1,0,1,1,0,6,3,7,16,30,65,75,104,173,205,175,105,39,5,0,1,2,6,10,46,140,277,529,0,1011
Se15 高血圧性疾患,2013,7,2013-07-01,0,0,0,0,0,0,0,0,1,5,6,5,13,18,21,44,70,109,121,65,16,0,0,0,0,6,11,31,65,381,1,495
Se16 心疾患（高血圧性を除く）,2013,7,2013-07-01,14,4,1,5,7,16,37,57,80,138,199,298,532,718,961,1453,2396,2943,2369,1215,284,18,6,23,94,218,497,1250,2414,9207,1,13728
Se17 急性心筋梗塞,2013,7,2013-07-01,0,0,0,0,0,1,1,17,17,47,68,110,171,200,252,355,505,494,304,113,17,0,0,1,18,64,178,371,607,1433,0,2672
Se18 その他の虚血性心疾患,2013,7,2013-07-01,0,0,0,0,2,3,10,8,18,32,53,74,147,220,248,324,412,459,251,128,27,0,0,5,18,50,127,367,572,1277,1,2417
Se19 不整脈及び伝導障害,2013,7,2013-07-01,2,0,0,1,4,3,14,11,14,25,29,45,69,91,133,220,360,426,359,169,30,2,1,7,25,39,74,160,353,1344,0,2005
Se20 心不全,2013,7,2013-07-01,1,0,1,0,0,5,4,13,18,21,30,45,98,128,223,407,838,1225,1214,704,195,1,1,5,17,39,75,226,630,4176,0,5170
Se21 脳血管疾患,2013,7,2013-07-01,1,0,2,1,2,8,9,19,59,113,120,169,286,412,638,1087,1640,1958,1440,580,144,1,3,10,28,172,289,698,1725,5762,0,8688
Se22 くも膜下出血,2013,7,2013-07-01,0,0,1,1,1,5,3,10,31,55,37,48,60,79,94,129,138,133,64,17,5,0,2,6,13,86,85,139,223,357,0,911
Se23 脳内出血,2013,7,2013-07-01,1,0,1,0,1,3,5,7,23,51,71,86,139,186,220,346,448,447,267,76,19,1,1,4,12,74,157,325,566,1257,0,2397
Se24 脳梗塞,2013,7,2013-07-01,0,0,0,0,0,0,0,1,5,3,10,31,73,134,306,586,1012,1334,1076,475,116,0,0,0,1,8,41,207,892,4013,0,5162
Se25 大動脈瘤及び解離,2013,7,2013-07-01,0,0,0,0,0,0,1,1,11,11,27,24,53,62,111,150,208,232,127,38,5,0,0,0,2,22,51,115,261,610,0,1061
Se26 肺炎,2013,7,2013-07-01,7,4,1,0,1,3,0,6,10,13,27,54,138,238,489,980,1743,2273,1814,907,202,11,1,4,6,23,81,376,1469,6939,2,8912
Se27 慢性閉塞性肺疾患,2013,7,2013-07-01,1,0,0,0,1,1,0,0,0,0,3,9,20,51,91,175,315,313,191,39,12,1,0,2,0,0,12,71,266,870,0,1222
Se28 喘息,2013,7,2013-07-01,1,0,0,0,0,0,0,3,2,4,3,1,5,4,7,18,24,28,18,18,7,1,0,0,3,6,4,9,25,95,0,143
Se29 肝疾患,2013,7,2013-07-01,1,0,1,1,0,0,0,13,30,66,75,88,129,133,138,176,157,117,53,18,3,1,2,0,13,96,163,262,314,348,3,1202
Se30 腎不全,2013,7,2013-07-01,0,0,1,0,0,0,0,1,4,10,13,18,42,70,113,214,345,465,349,165,21,0,1,0,1,14,31,112,327,1345,0,1831
Se31 老衰,2013,7,2013-07-01,0,0,0,0,0,0,0,0,0,0,0,0,2,9,32,127,467,1083,1605,1276,572,0,0,0,0,0,0,11,159,5003,0,5173
Se32 不慮の事故,2013,7,2013-07-01,12,13,8,45,23,32,37,39,54,70,84,95,179,202,252,350,438,418,257,109,22,25,53,55,76,124,179,381,602,1244,0,2739
Se33 交通事故,2013,7,2013-07-01,5,3,3,31,12,13,14,16,19,22,20,20,52,44,45,56,48,21,11,2,0,8,34,25,30,41,40,96,101,82,0,457
Se34 自殺,2013,7,2013-07-01,0,0,7,49,100,123,143,167,189,167,198,151,175,176,153,158,110,82,37,6,1,0,56,223,310,356,349,351,311,236,5,2197
総数,2013,8,2013-08-01,232,37,39,131,184,273,327,543,895,1166,1664,2547,5088,6813,8927,12547,17166,18932,13288,6434,1674,269,170,457,870,2061,4211,11901,21474,57494,68,98975
Se01 結核,2013,8,2013-08-01,0,0,0,0,0,0,0,1,0,1,1,3,2,16,9,21,31,63,27,13,1,0,0,0,1,1,4,18,30,135,0,189
Se02 悪性新生物＜腫瘍＞,2013,8,2013-08-01,14,10,4,12,17,34,64,132,240,411,695,1192,2507,3475,4213,5048,5547,4530,2000,624,86,24,16,51,196,651,1887,5982,9261,12787,1,30856
Se03 食道の悪性新生物＜腫瘍＞,2013,8,2013-08-01,0,0,0,0,0,0,0,0,4,6,26,63,125,164,200,173,115,87,26,12,0,0,0,0,0,10,89,289,373,240,0,1001
Se04 胃の悪性新生物＜腫瘍＞,2013,8,2013-08-01,0,0,0,0,2,6,12,14,32,38,91,137,310,462,564,699,700,583,294,110,14,0,0,8,26,70,228,772,1263,1701,0,4068
Se05 結腸の悪性新生物＜腫瘍＞,2013,8,2013-08-01,0,0,0,2,0,2,5,4,22,39,48,84,195,263,325,436,458,452,262,92,14,0,2,2,9,61,132,458,761,1278,0,2703
Se06 直腸Ｓ状結腸移行部及び直腸の悪性新生物＜腫瘍＞,2013,8,2013-08-01,0,0,0,0,0,0,3,6,10,29,38,65,132,198,169,182,164,144,61,24,3,0,0,0,9,39,103,330,351,396,0,1228
Se07 肝及び肝内胆管の悪性新生物＜腫瘍＞,2013,8,2013-08-01,1,0,0,0,1,0,2,4,11,15,37,67,188,290,356,478,535,341,108,38,7,1,0,1,6,26,104,478,834,1029,0,2479
Se08 胆のう及びその他の胆道の悪性新生物＜腫瘍＞,2013,8,2013-08-01,0,0,0,0,0,0,0,2,4,7,21,24,76,114,176,236,341,322,149,42,7,0,0,0,2,11,45,190,412,861,0,1521
Se09 膵の悪性新生物＜腫瘍＞,2013,8,2013-08-01,0,0,0,0,0,0,0,1,18,29,50,140,279,339,415,428,464,375,155,39,5,0,0,0,1,47,190,618,843,1038,0,2737
Se10 気管，気管支及び肺の悪性新生物＜腫瘍＞,2013,8,2013-08-01,0,0,0,0,1,0,5,12,22,42,95,198,507,738,894,1058,1177,932,366,86,11,0,0,1,17,64,293,1245,1952,2572,1,6145
Se11 乳房の悪性新生物＜腫瘍＞,2013,8,2013-08-01,0,0,0,0,0,5,6,17,41,68,97,123,152,149,108,106,93,95,39,22,4,0,0,5,23,109,220,301,214,253,0,1125
Se12 子宮の悪性新生物＜腫瘍＞,2013,8,2013-08-01,0,0,0,0,0,3,3,16,21,31,50,36,52,55,60,56,58,58,25,10,2,0,0,3,19,52,86,107,116,153,0,536
Se13 白血病,2013,8,2013-08-01,4,3,2,2,2,10,5,15,9,14,12,27,54,78,117,114,112,105,29,5,0,7,4,12,20,23,39,132,231,251,0,719
Se14 糖尿病,2013,8,2013-08-01,0,0,0,0,1,1,3,2,6,12,14,27,63,96,110,188,199,187,118,34,6,0,0,2,5,18,41,159,298,544,0,1067
Se15 高血圧性疾患,2013,8,2013-08-01,0,0,0,0,0,0,0,2,0,3,7,10,17,28,26,50,80,108,113,79,17,0,0,0,2,3,17,45,76,397,0,540
Se16 心疾患（高血圧性を除く）,2013,8,2013-08-01,10,1,2,9,7,16,22,48,107,133,213,314,609,737,1020,1480,2435,2964,2414,1228,272,11,11,23,70,240,527,1346,2500,9313,4,14045
Se17 急性心筋梗塞,2013,8,2013-08-01,0,0,0,2,1,2,4,7,32,42,74,85,181,220,258,344,486,515,282,120,18,0,2,3,11,74,159,401,602,1421,0,2673
Se18 その他の虚血性心疾患,2013,8,2013-08-01,0,0,0,0,1,4,4,13,19,29,51,87,168,194,295,343,463,467,310,111,19,0,0,5,17,48,138,362,638,1370,4,2582
Se19 不整脈及び伝導障害,2013,8,2013-08-01,2,0,1,3,3,2,5,17,24,22,39,49,95,94,127,234,358,422,329,150,35,2,4,5,22,46,88,189,361,1294,0,2011
Se20 心不全,2013,8,2013-08-01,2,0,0,4,0,5,5,8,18,23,27,53,101,160,224,395,843,1209,1240,720,174,2,4,5,13,41,80,261,619,4186,0,5211
Se21 脳血管疾患,2013,8,2013-08-01,0,2,0,0,2,3,9,35,60,74,126,185,318,445,666,1050,1626,1910,1429,589,130,2,0,5,44,134,311,763,1716,5684,1,8660
Se22 くも膜下出血,2013,8,2013-08-01,0,1,0,0,2,0,4,15,27,28,41,60,74,96,105,127,150,141,75,9,5,1,0,2,19,55,101,170,232,380,0,960
Se23 脳内出血,2013,8,2013-08-01,0,1,0,0,0,3,5,12,32,34,69,88,152,185,233,323,425,382,229,88,9,1,0,3,17,66,157,337,556,1133,0,2270
Se24 脳梗塞,2013,8,2013-08-01,0,0,0,0,0,0,0,5,0,7,14,28,85,154,307,567,1011,1349,1099,472,112,0,0,0,5,7,42,239,874,4043,0,5210
Se25 大動脈瘤及び解離,2013,8,2013-08-01,0,0,0,0,0,2,2,4,10,13,9,19,49,70,82,147,224,233,108,44,5,0,0,2,6,23,28,119,229,614,0,1021
Se26 肺炎,2013,8,2013-08-01,4,1,1,1,1,3,3,8,10,13,21,42,136,250,472,1004,1800,2343,1756,880,221,5,2,4,11,23,63,386,1476,7000,0,8970
Se27 慢性閉塞性肺疾患,2013,8,2013-08-01,0,0,0,0,0,1,0,0,0,2,1,8,16,41,90,180,339,367,174,62,13,0,0,1,0,2,9,57,270,955,0,1294
Se28 喘息,2013,8,2013-08-01,0,0,1,0,1,0,0,0,0,2,4,2,1,3,3,16,16,17,11,4,2,0,1,1,0,2,6,4,19,50,0,83
Se29 肝疾患,2013,8,2013-08-01,1,0,0,0,0,1,2,13,42,51,63,102,136,150,156,159,160,117,62,17,2,1,0,1,15,93,165,286,315,358,0,1234
Se30 腎不全,2013,8,2013-08-01,1,0,0,1,0,0,0,2,5,6,11,22,47,76,145,201,346,484,329,144,30,1,1,0,2,11,33,123,346,1333,0,1850
Se31 老衰,2013,8,2013-08-01,0,0,0,0,0,0,0,0,0,0,0,0,2,4,25,138,467,1205,1680,1311,593,0,0,0,0,0,0,6,163,5256,2,5427
Se32 不慮の事故,2013,8,2013-08-01,17,14,9,38,39,38,42,39,70,66,98,108,195,201,295,381,476,509,298,130,26,31,47,77,81,136,206,396,676,1439,8,3097
Se33 交通事故,2013,8,2013-08-01,3,5,4,19,19,15,16,14,23,15,25,31,50,46,57,58,51,37,13,2,0,8,23,34,30,38,56,96,115,103,1,504
Se34 自殺,2013,8,2013-08-01,0,0,13,40,83,124,125,168,185,195,152,136,161,192,142,135,97,70,27,8,0,0,53,207,293,380,288,353,277,202,10,2063
総数,2013,9,2013-09-01,256,34,40,114,218,228,308,497,783,1047,1626,2356,4859,6399,8644,12054,16771,18464,13501,6444,1688,290,154,446,805,1830,3982,11258,20698,56868,52,96383
Se01 結核,2013,9,2013-09-01,0,0,0,0,0,0,0,0,0,0,2,1,4,6,11,25,44,53,23,9,0,0,0,0,0,0,3,10,36,129,0,178
Se02 悪性新生物＜腫瘍＞,2013,9,2013-09-01,6,8,10,13,18,24,49,121,238,362,713,1127,2534,3372,4248,5023,5531,4275,2095,643,94,14,23,42,170,600,1840,5906,9271,12638,3,30507
Se03 食道の悪性新生物＜腫瘍＞,2013,9,2013-09-01,0,0,0,0,0,0,0,0,3,5,32,52,110,148,181,174,121,75,38,6,1,0,0,0,0,8,84,258,355,241,0,946
Se04 胃の悪性新生物＜腫瘍＞,2013,9,2013-09-01,0,0,0,0,0,2,7,8,30,40,61,161,334,453,563,634,663,628,312,75,10,0,0,2,15,70,222,787,1197,1688,1,3982
Se05 結腸の悪性新生物＜腫瘍＞,2013,9,2013-09-01,0,0,0,0,1,3,6,13,18,28,64,97,222,304,340,430,515,436,246,100,14,0,0,4,19,46,161,526,770,1311,0,2837
Se06 直腸Ｓ状結腸移行部及び直腸の悪性新生物＜腫瘍＞,2013,9,2013-09-01,0,0,0,0,0,0,3,4,8,16,47,59,138,162,194,192,182,136,60,17,8,0,0,0,7,24,106,300,386,403,0,1226
Se07 肝及び肝内胆管の悪性新生物＜腫瘍＞,2013,9,2013-09-01,1,1,0,1,0,2,1,4,12,16,50,76,187,251,385,482,499,351,120,30,3,2,1,2,5,28,126,438,867,1003,0,2472
Se08 胆のう及びその他の胆道の悪性新生物＜腫瘍＞,2013,9,2013-09-01,0,0,0,0,0,0,0,3,6,6,11,22,91,121,194,239,330,272,187,56,6,0,0,0,3,12,33,212,433,851,0,1544
Se09 膵の悪性新生物＜腫瘍＞,2013,9,2013-09-01,0,0,1,0,0,0,1,4,14,36,67,87,217,312,392,467,483,348,151,58,6,0,1,0,5,50,154,529,859,1046,0,2644
Se10 気管，気管支及び肺の悪性新生物＜腫瘍＞,2013,9,2013-09-01,0,0,0,0,0,0,2,11,28,41,95,199,529,719,937,1037,1175,823,377,106,13,0,0,0,13,69,294,1248,1974,2494,1,6093
Se11 乳房の悪性新生物＜腫瘍＞,2013,9,2013-09-01,0,0,0,0,0,2,5,15,40,55,100,110,153,140,124,114,107,80,45,22,7,0,0,2,20,95,210,293,238,261,0,1119
Se12 子宮の悪性新生物＜腫瘍＞,2013,9,2013-09-01,0,0,0,0,0,2,5,15,19,23,40,30,64,67,47,58,66,44,27,6,2,0,0,2,20,42,70,131,105,145,0,515
Se13 白血病,2013,9,2013-09-01,3,1,3,6,7,4,8,6,10,16,16,31,52,76,88,115,98,87,23,8,0,4,9,11,14,26,47,128,203,216,0,658
Se14 糖尿病,2013,9,2013-09-01,0,0,0,0,0,0,0,1,5,6,12,26,63,70,132,132,188,189,108,36,1,0,0,0,1,11,38,133,264,522,1,970
Se15 高血圧性疾患,2013,9,2013-09-01,0,0,0,0,0,0,0,0,1,0,5,10,15,24,21,26,69,117,111,63,23,0,0,0,0,1,15,39,47,383,0,485
Se16 心疾患（高血圧性を除く）,2013,9,2013-09-01,4,2,1,5,9,11,23,44,85,109,173,232,502,712,911,1355,2244,2794,2370,1149,281,6,6,20,67,194,405,1214,2266,8838,6,13022
Se17 急性心筋梗塞,2013,9,2013-09-01,0,0,0,0,1,1,4,10,28,27,59,67,155,218,231,360,458,483,341,108,11,0,0,2,14,55,126,373,591,1401,0,2562
Se18 その他の虚血性心疾患,2013,9,2013-09-01,0,0,0,1,0,3,5,13,24,29,46,62,128,196,215,288,390,382,257,100,30,0,1,3,18,53,108,324,503,1159,5,2174
Se19 不整脈及び伝導障害,2013,9,2013-09-01,0,0,0,2,5,1,5,9,13,22,18,33,78,98,138,200,322,423,323,162,34,0,2,6,14,35,51,176,338,1264,0,1886
Se20 心不全,2013,9,2013-09-01,2,0,1,2,2,3,6,6,10,20,29,44,91,126,219,356,807,1162,1196,668,180,2,3,5,12,30,73,217,575,4013,1,4931
Se21 脳血管疾患,2013,9,2013-09-01,0,2,1,2,3,9,9,24,55,91,135,185,320,429,597,1013,1656,2004,1429,636,132,2,3,12,33,146,320,749,1610,5857,1,8733
Se22 くも膜下出血,2013,9,2013-09-01,0,1,0,0,1,6,4,16,18,35,51,60,72,90,90,116,151,139,69,24,5,1,0,7,20,53,111,162,206,388,0,948
Se23 脳内出血,2013,9,2013-09-01,0,1,0,2,2,3,2,8,32,46,68,88,169,177,219,309,420,452,260,88,15,1,2,5,10,78,156,346,528,1235,0,2361
Se24 脳梗塞,2013,9,2013-09-01,0,0,0,0,0,0,2,0,3,7,8,28,73,143,269,564,1055,1381,1081,512,108,0,0,0,2,10,36,216,833,4137,1,5235
Se25 大動脈瘤及び解離,2013,9,2013-09-01,0,0,0,0,0,1,0,3,8,11,9,26,49,81,111,167,252,274,135,35,8,0,0,1,3,19,35,130,278,704,0,1170
Se26 肺炎,2013,9,2013-09-01,5,1,0,4,1,3,1,6,9,18,29,45,141,211,467,919,1728,2403,1775,877,220,6,4,4,7,27,74,352,1386,7003,1,8864
Se27 慢性閉塞性肺疾患,2013,9,2013-09-01,1,0,0,0,0,0,0,0,2,2,0,7,20,45,99,190,327,330,163,57,7,1,0,0,0,4,7,65,289,884,0,1250
Se28 喘息,2013,9,2013-09-01,3,0,0,0,0,0,0,0,0,0,0,0,3,5,4,13,16,25,29,6,2,3,0,0,0,0,0,8,17,78,0,106
Se29 肝疾患,2013,9,2013-09-01,2,0,0,0,0,2,0,10,35,55,68,94,122,151,152,162,155,123,49,10,4,2,0,2,10,90,162,273,314,341,0,1194
Se30 腎不全,2013,9,2013-09-01,0,0,0,1,1,0,1,0,1,9,11,17,38,68,108,213,308,427,360,162,28,0,1,1,1,10,28,106,321,1285,0,1753
Se31 老衰,2013,9,2013-09-01,0,0,0,0,0,0,0,0,0,0,0,0,1,5,32,129,417,1181,1740,1374,594,0,0,0,0,0,0,6,161,5306,0,5473
Se32 不慮の事故,2013,9,2013-09-01,18,13,9,34,40,30,38,36,53,59,63,72,138,154,216,303,398,375,256,97,28,31,43,70,74,112,135,292,519,1154,3,2433
Se33 交通事故,2013,9,2013-09-01,4,8,2,21,30,17,22,15,27,24,23,28,38,30,48,64,55,35,16,4,0,12,23,47,37,51,51,68,112,110,0,511
Se34 自殺,2013,9,2013-09-01,0,0,10,38,114,115,135,162,176,159,184,168,210,174,174,150,101,72,24,8,0,0,48,229,297,335,352,384,324,205,9,2183
総数,2013,10,2013-10-01,222,24,30,96,197,201,352,509,843,1116,1667,2565,5076,6786,9151,12803,18027,20001,14625,7000,1807,246,126,398,861,1959,4232,11862,21954,61460,44,103142
Se01 結核,2013,10,2013-10-01,0,0,0,0,0,0,2,0,1,0,1,0,2,7,7,15,40,52,26,7,2,0,0,0,2,1,1,9,22,127,1,163
Se02 悪性新生物＜腫瘍＞,2013,10,2013-10-01,10,7,6,11,13,20,61,119,264,385,697,1226,2629,3469,4313,5212,5727,4638,2261,653,66,17,17,33,180,649,1923,6098,9525,13345,1,31788
Se03 食道の悪性新生物＜腫瘍＞,2013,10,2013-10-01,0,0,0,0,0,0,0,1,4,9,19,56,115,146,206,191,140,83,37,6,1,0,0,0,1,13,75,261,397,267,0,1014
Se04 胃の悪性新生物＜腫瘍＞,2013,10,2013-10-01,0,0,0,0,0,1,5,14,26,35,79,120,364,436,572,722,801,639,327,88,8,0,0,1,19,61,199,800,1294,1863,0,4237
Se05 結腸の悪性新生物＜腫瘍＞,2013,10,2013-10-01,0,0,0,0,0,1,4,11,16,37,44,112,210,289,335,442,517,466,281,99,9,0,0,1,15,53,156,499,777,1372,0,2873
Se06 直腸Ｓ状結腸移行部及び直腸の悪性新生物＜腫瘍＞,2013,10,2013-10-01,0,0,0,0,0,1,5,5,15,24,40,70,156,168,193,195,193,154,74,25,3,0,0,1,10,39,110,324,388,449,0,1321
Se07 肝及び肝内胆管の悪性新生物＜腫瘍＞,2013,10,2013-10-01,0,0,0,1,0,0,0,0,10,15,39,99,205,300,374,498,514,288,145,26,0,0,1,0,0,25,138,505,872,973,0,2514
Se08 胆のう及びその他の胆道の悪性新生物＜腫瘍＞,2013,10,2013-10-01,0,0,0,0,0,0,0,0,4,8,13,35,109,119,177,264,326,304,145,64,8,0,0,0,0,12,48,228,441,847,0,1576
Se09 膵の悪性新生物＜腫瘍＞,2013,10,2013-10-01,0,0,0,0,1,0,3,4,15,26,62,89,249,337,431,438,454,365,161,46,4,0,0,1,7,41,151,586,869,1030,0,2685
Se10 気管，気管支及び肺の悪性新生物＜腫瘍＞,2013,10,2013-10-01,0,0,0,0,0,2,1,12,29,43,89,205,474,771,962,1107,1165,944,373,104,8,0,0,2,13,72,294,1245,2069,2594,1,6290
Se11 乳房の悪性新生物＜腫瘍＞,2013,10,2013-10-01,0,0,0,0,0,1,6,23,38,56,98,106,146,135,145,101,101,70,63,24,4,0,0,1,29,94,204,281,246,262,0,1117
Se12 子宮の悪性新生物＜腫瘍＞,2013,10,2013-10-01,0,0,0,0,0,1,8,13,30,31,41,45,46,51,40,58,62,62,31,8,0,0,0,1,21,61,86,97,98,163,0,527
Se13 白血病,2013,10,2013-10-01,4,3,2,4,2,2,2,9,10,12,25,33,65,83,81,127,132,88,39,3,1,7,6,4,11,22,58,148,208,263,0,727
Se14 糖尿病,2013,10,2013-10-01,0,0,0,0,1,2,0,1,11,12,23,22,56,98,117,159,193,184,114,52,8,0,0,3,1,23,45,154,276,551,0,1053
Se15 高血圧性疾患,2013,10,2013-10-01,0,0,0,0,0,0,0,0,2,0,4,2,10,28,21,40,71,128,122,87,29,0,0,0,0,2,6,38,61,437,0,544
Se16 心疾患（高血圧性を除く）,2013,10,2013-10-01,12,0,2,2,9,8,21,45,84,126,160,280,550,742,986,1567,2550,3241,2660,1296,300,12,4,17,66,210,440,1292,2553,10047,5,14646
Se17 急性心筋梗塞,2013,10,2013-10-01,0,0,0,0,0,0,5,15,25,38,53,97,180,219,255,409,568,599,362,148,25,0,0,0,20,63,150,399,664,1702,2,3000
Se18 その他の虚血性心疾患,2013,10,2013-10-01,0,0,0,0,1,2,4,5,23,30,44,70,132,178,228,317,439,453,337,114,38,0,0,3,9,53,114,310,545,1381,3,2418
Se19 不整脈及び伝導障害,2013,10,2013-10-01,1,0,0,1,3,0,4,13,7,20,22,36,76,110,124,250,396,491,356,174,31,1,1,3,17,27,58,186,374,1448,0,2115
Se20 心不全,2013,10,2013-10-01,4,0,1,0,1,4,4,8,13,23,21,47,99,157,255,429,859,1336,1317,742,182,4,1,5,12,36,68,256,684,4436,0,5502
Se21 脳血管疾患,2013,10,2013-10-01,0,0,0,0,2,3,14,36,71,95,139,201,337,500,714,1133,1816,2121,1554,721,151,0,0,5,50,166,340,837,1847,6363,1,9609
Se22 くも膜下出血,2013,10,2013-10-01,0,0,0,0,1,2,11,17,31,48,54,64,77,112,109,119,170,136,73,17,7,0,0,3,28,79,118,189,228,403,1,1049
Se23 脳内出血,2013,10,2013-10-01,0,0,0,0,0,0,3,18,33,39,74,106,169,219,272,368,521,474,279,94,19,0,0,0,21,72,180,388,640,1387,0,2688
Se24 脳梗塞,2013,10,2013-10-01,0,0,0,0,0,0,0,1,3,5,10,26,77,158,308,627,1087,1464,1165,593,119,0,0,0,1,8,36,235,935,4428,0,5643
Se25 大動脈瘤及び解離,2013,10,2013-10-01,0,0,0,0,0,1,2,1,10,18,20,34,68,98,145,187,297,313,180,42,6,0,0,1,3,28,54,166,332,838,0,1422
Se26 肺炎,2013,10,2013-10-01,1,1,1,1,3,2,2,5,11,12,29,52,156,263,519,1054,1814,2489,1970,942,240,2,2,5,7,23,81,419,1573,7455,1,9568
Se27 慢性閉塞性肺疾患,2013,10,2013-10-01,0,0,0,0,0,0,1,1,2,1,5,5,18,43,95,174,331,353,171,48,8,0,0,0,2,3,10,61,269,911,0,1256
Se28 喘息,2013,10,2013-10-01,0,0,0,0,0,0,0,2,0,3,0,4,0,7,8,12,17,28,27,10,4,0,0,0,2,3,4,7,20,86,0,122
Se29 肝疾患,2013,10,2013-10-01,2,1,1,0,0,2,12,14,41,63,90,105,168,146,147,153,153,132,58,21,3,3,1,2,26,104,195,314,300,367,0,1312
Se30 腎不全,2013,10,2013-10-01,0,0,0,0,1,1,2,0,2,8,16,18,50,73,115,196,381,509,380,157,23,0,0,2,2,10,34,123,311,1450,0,1932
Se31 老衰,2013,10,2013-10-01,0,0,0,0,0,0,0,0,0,0,0,0,3,8,30,117,526,1321,1935,1501,646,0,0,0,0,0,0,11,147,5929,0,6087
Se32 不慮の事故,2013,10,2013-10-01,17,7,4,25,19,24,27,50,55,56,64,99,151,200,267,378,527,477,254,126,19,24,29,43,77,111,163,351,645,1403,2,2848
Se33 交通事故,2013,10,2013-10-01,2,5,3,14,12,14,7,17,16,24,21,25,43,49,58,70,77,36,10,2,0,7,17,26,24,40,46,92,128,125,0,505
Se34 自殺,2013,10,2013-10-01,0,0,7,43,103,98,144,153,170,176,164,160,187,167,162,115,105,72,29,8,1,0,50,201,297,346,324,354,277,215,6,2070
総数,2013,11,2013-11-01,261,32,47,99,178,245,296,521,830,1202,1633,2552,5173,7057,9580,13811,19355,21101,15575,7222,1931,293,146,423,817,2032,4185,12230,23391,65184,37,108738
Se01 結核,2013,11,2013-11-01,0,0,0,0,0,0,0,1,0,0,0,0,4,6,9,19,32,42,38,13,0,0,0,0,1,0,0,10,28,125,1,165
Se02 悪性新生物＜腫瘍＞,2013,11,2013-11-01,12,7,11,9,17,23,58,118,210,423,662,1159,2533,3450,4226,5196,5521,4465,2117,658,93,19,20,40,176,633,1821,5983,9422,12854,2,30970
Se03 食道の悪性新生物＜腫瘍＞,2013,11,2013-11-01,0,0,0,0,0,0,0,1,2,8,24,52,114,153,190,177,122,86,30,7,1,0,0,0,1,10,76,267,367,246,0,967
Se04 胃の悪性新生物＜腫瘍＞,2013,11,2013-11-01,0,0,0,0,0,1,8,13,25,44,81,128,311,455,558,722,738,590,292,90,11,0,0,1,21,69,209,766,1280,1721,1,4068
Se05 結腸の悪性新生物＜腫瘍＞,2013,11,2013-11-01,0,0,0,0,1,2,4,12,19,30,62,97,201,275,365,414,474,437,271,74,19,0,0,3,16,49,159,476,779,1275,0,2757
Se06 直腸Ｓ状結腸移行部及び直腸の悪性新生物＜腫瘍＞,2013,11,2013-11-01,0,0,0,0,0,0,2,5,9,16,41,61,152,167,197,202,178,133,58,23,5,0,0,0,7,25,102,319,399,397,0,1249
Se07 肝及び肝内胆管の悪性新生物＜腫瘍＞,2013,11,2013-11-01,1,1,1,0,0,0,3,2,7,15,45,76,181,281,332,508,555,316,137,32,0,2,1,0,5,22,121,462,840,1040,0,2493
Se08 胆のう及びその他の胆道の悪性新生物＜腫瘍＞,2013,11,2013-11-01,0,0,0,0,0,1,0,1,1,6,14,31,86,125,168,271,299,270,142,47,6,0,0,1,1,7,45,211,439,764,0,1468
Se09 膵の悪性新生物＜腫瘍＞,2013,11,2013-11-01,0,0,0,0,0,0,2,2,15,27,45,110,225,341,380,482,438,318,138,58,8,0,0,0,4,42,155,566,862,960,0,2589
Se10 気管，気管支及び肺の悪性新生物＜腫瘍＞,2013,11,2013-11-01,0,0,0,0,2,0,4,20,19,42,86,201,512,762,930,1030,1175,924,422,104,10,0,0,2,24,61,287,1274,1960,2635,0,6243
Se11 乳房の悪性新生物＜腫瘍＞,2013,11,2013-11-01,0,0,0,0,0,2,7,19,32,94,79,118,150,131,140,121,87,85,60,19,5,0,0,2,26,126,197,281,261,256,0,1149
Se12 子宮の悪性新生物＜腫瘍＞,2013,11,2013-11-01,0,0,0,0,1,2,6,8,15,25,36,34,54,68,52,54,57,55,22,7,1,0,0,3,14,40,70,122,106,142,0,497
Se13 白血病,2013,11,2013-11-01,2,3,5,2,6,7,8,4,13,21,12,28,55,77,99,123,129,99,30,8,0,5,7,13,12,34,40,132,222,266,0,731
Se14 糖尿病,2013,11,2013-11-01,0,0,1,0,0,1,1,4,15,8,15,26,72,96,131,177,227,203,120,33,9,0,1,1,5,23,41,168,308,592,0,1139
Se15 高血圧性疾患,2013,11,2013-11-01,0,0,0,0,0,0,0,1,2,2,6,7,14,23,32,49,92,133,145,83,27,0,0,0,1,4,13,37,81,480,0,616
Se16 心疾患（高血圧性を除く）,2013,11,2013-11-01,10,1,3,2,8,16,23,62,98,125,211,312,616,877,1207,1942,3026,3731,3009,1374,351,11,5,24,85,223,523,1493,3149,11491,1,17005
Se17 急性心筋梗塞,2013,11,2013-11-01,1,0,0,0,1,4,3,14,25,27,68,89,200,275,321,521,653,683,403,151,25,1,0,5,17,52,157,475,842,1915,0,3464
Se18 その他の虚血性心疾患,2013,11,2013-11-01,0,0,0,2,2,3,6,16,33,33,50,85,155,205,306,418,570,562,378,142,40,0,2,5,22,66,135,360,724,1692,0,3006
Se19 不整脈及び伝導障害,2013,11,2013-11-01,0,0,1,0,4,7,8,15,18,28,45,59,91,124,188,271,488,580,397,164,32,0,1,11,23,46,104,215,459,1661,0,2520
Se20 心不全,2013,11,2013-11-01,2,0,0,0,1,1,3,8,11,18,30,55,107,186,264,534,996,1487,1474,777,219,2,0,2,11,29,85,293,798,4953,0,6173
Se21 脳血管疾患,2013,11,2013-11-01,1,1,3,2,2,5,8,40,88,108,147,214,413,514,746,1196,1940,2180,1632,695,160,2,5,7,48,196,361,927,1942,6607,2,10097
Se22 くも膜下出血,2013,11,2013-11-01,0,1,1,1,2,3,3,17,42,44,55,77,94,88,133,124,185,144,73,20,0,1,2,5,20,86,132,182,257,422,1,1108
Se23 脳内出血,2013,11,2013-11-01,1,0,1,1,0,2,3,16,41,57,76,108,206,239,291,378,523,489,278,81,15,1,2,2,19,98,184,445,669,1386,1,2807
Se24 脳梗塞,2013,11,2013-11-01,0,0,1,0,0,0,2,5,5,6,13,26,94,174,310,668,1178,1487,1249,579,137,0,1,0,7,11,39,268,978,4630,0,5934
Se25 大動脈瘤及び解離,2013,11,2013-11-01,0,0,0,0,0,2,1,4,9,17,22,33,68,113,149,236,342,321,160,55,4,0,0,2,5,26,55,181,385,882,1,1537
Se26 肺炎,2013,11,2013-11-01,12,4,1,2,3,5,3,7,14,20,31,65,157,274,570,1143,2041,2705,2135,1004,241,16,3,8,10,34,96,431,1713,8126,2,10439
Se27 慢性閉塞性肺疾患,2013,11,2013-11-01,0,0,0,0,0,0,0,0,1,0,3,8,19,48,112,204,357,339,177,40,10,0,0,0,0,1,11,67,316,923,0,1318
Se28 喘息,2013,11,2013-11-01,0,0,0,0,1,0,0,0,1,1,3,4,3,9,8,12,21,35,25,11,1,0,0,1,0,2,7,12,20,93,0,135
Se29 肝疾患,2013,11,2013-11-01,1,0,0,0,2,2,3,13,37,53,68,105,140,149,161,189,188,111,43,13,2,1,0,4,16,90,173,289,350,357,0,1280
Se30 腎不全,2013,11,2013-11-01,0,0,0,0,0,0,0,5,4,8,12,24,38,98,130,250,426,547,400,158,27,0,0,0,5,12,36,136,380,1558,1,2128
Se31 老衰,2013,11,2013-11-01,0,0,0,0,0,0,0,0,0,0,0,0,3,10,52,161,574,1366,2038,1581,682,0,0,0,0,0,0,13,213,6241,1,6468
Se32 不慮の事故,2013,11,2013-11-01,18,4,5,24,33,33,37,47,57,62,77,91,197,254,350,462,630,636,352,141,30,22,29,66,84,119,168,451,812,1789,2,3542
Se33 交通事故,2013,11,2013-11-01,4,3,1,19,17,14,17,17,21,23,20,20,43,57,73,75,71,53,19,5,0,7,20,31,34,44,40,100,148,148,0,572
Se34 自殺,2013,11,2013-11-01,0,0,9,38,85,113,109,137,166,197,148,152,151,169,144,129,105,55,26,5,0,0,47,198,246,363,300,320,273,191,5,1943
総数,2013,12,2013-12-01,264,43,31,87,209,219,347,545,934,1313,1853,2814,5487,7714,10492,14854,20912,23366,17162,7994,2102,307,118,428,892,2247,4667,13201,25346,71536,94,118836
Se01 結核,2013,12,2013-12-01,0,0,0,0,0,0,1,1,0,0,1,2,2,13,13,21,42,50,23,4,1,0,0,0,2,0,3,15,34,120,0,174
Se02 悪性新生物＜腫瘍＞,2013,12,2013-12-01,6,11,4,3,19,26,51,134,250,448,673,1219,2514,3533,4354,5200,5719,4708,2250,646,89,17,7,45,185,698,1892,6047,9554,13412,4,31861
Se03 食道の悪性新生物＜腫瘍＞,2013,12,2013-12-01,0,0,0,0,0,1,0,1,4,8,27,51,112,159,198,168,162,87,29,6,1,0,0,1,1,12,78,271,366,285,0,1014
Se04 胃の悪性新生物＜腫瘍＞,2013,12,2013-12-01,0,0,0,0,1,2,5,12,31,47,75,157,278,443,583,665,751,657,350,96,9,0,0,3,17,78,232,721,1248,1863,0,4162
Se05 結腸の悪性新生物＜腫瘍＞,2013,12,2013-12-01,0,0,0,0,2,2,2,12,16,35,58,95,194,278,338,417,498,505,313,97,15,0,0,4,14,51,153,472,755,1428,1,2878
Se06 直腸Ｓ状結腸移行部及び直腸の悪性新生物＜腫瘍＞,2013,12,2013-12-01,0,0,0,0,0,1,1,6,13,21,23,92,160,158,186,192,183,166,71,24,2,0,0,1,7,34,115,318,378,446,1,1300
Se07 肝及び肝内胆管の悪性新生物＜腫瘍＞,2013,12,2013-12-01,0,0,0,0,0,0,2,0,6,26,39,88,220,259,379,510,556,378,126,36,3,0,0,0,2,32,127,479,889,1099,0,2628
Se08 胆のう及びその他の胆道の悪性新生物＜腫瘍＞,2013,12,2013-12-01,0,0,0,0,0,0,1,1,6,15,15,38,82,114,194,253,334,296,155,55,9,0,0,0,2,21,53,196,447,849,0,1568
Se09 膵の悪性新生物＜腫瘍＞,2013,12,2013-12-01,0,0,0,0,0,0,1,6,9,37,53,97,219,368,453,447,459,334,156,35,6,0,0,0,7,46,150,587,900,990,1,2681
Se10 気管，気管支及び肺の悪性新生物＜腫瘍＞,2013,12,2013-12-01,0,0,0,0,0,1,2,12,21,56,93,198,496,779,937,1154,1255,954,400,92,16,0,0,1,14,77,291,1275,2091,2717,1,6467
Se11 乳房の悪性新生物＜腫瘍＞,2013,12,2013-12-01,0,0,0,0,1,0,7,23,45,62,84,123,171,142,117,123,103,93,72,21,4,0,0,1,30,107,207,313,240,293,0,1191
Se12 子宮の悪性新生物＜腫瘍＞,2013,12,2013-12-01,0,0,0,0,0,0,6,14,25,28,49,38,57,61,61,57,54,57,20,7,0,0,0,0,20,53,87,118,118,138,0,534
Se13 白血病,2013,12,2013-12-01,3,5,1,1,3,7,5,8,18,18,21,31,50,73,82,94,119,74,25,8,1,8,2,10,13,36,52,123,176,227,0,647
Se14 糖尿病,2013,12,2013-12-01,0,0,0,0,1,1,2,4,9,13,29,39,68,111,140,218,219,251,156,49,9,0,0,2,6,22,68,179,358,684,1,1320
Se15 高血圧性疾患,2013,12,2013-12-01,0,0,0,0,0,0,3,1,4,3,5,10,15,40,35,67,105,177,164,100,29,0,0,0,4,7,15,55,102,575,0,758
Se16 心疾患（高血圧性を除く）,2013,12,2013-12-01,13,1,3,5,9,15,32,50,118,186,261,391,739,1057,1567,2315,3525,4390,3464,1639,376,14,8,24,82,304,652,1796,3882,13394,5,20161
Se17 急性心筋梗塞,2013,12,2013-12-01,0,0,0,1,1,1,3,11,32,63,92,127,227,310,435,616,788,856,511,171,32,0,1,2,14,95,219,537,1051,2358,0,4277
Se18 その他の虚血性心疾患,2013,12,2013-12-01,0,0,0,1,3,0,3,9,40,45,60,109,192,269,399,476,717,675,434,153,36,0,1,3,12,85,169,461,875,2015,3,3624
Se19 不整脈及び伝導障害,2013,12,2013-12-01,2,0,1,0,1,3,10,7,18,28,40,64,102,151,236,369,570,641,465,241,33,2,1,4,17,46,104,253,605,1950,1,2983
Se20 心不全,2013,12,2013-12-01,4,0,1,2,2,4,7,11,15,30,40,49,138,212,336,598,1082,1724,1712,909,254,4,3,6,18,45,89,350,934,5681,1,7131
Se21 脳血管疾患,2013,12,2013-12-01,0,0,1,2,1,6,6,30,78,125,168,234,420,587,858,1362,2041,2326,1823,754,177,0,3,7,36,203,402,1007,2220,7121,5,11004
Se22 くも膜下出血,2013,12,2013-12-01,0,0,0,2,0,3,4,14,35,58,65,73,101,125,121,163,169,159,85,27,2,0,2,3,18,93,138,226,284,442,0,1206
Se23 脳内出血,2013,12,2013-12-01,0,0,1,0,1,3,1,12,39,50,89,128,196,263,345,475,617,554,343,110,15,0,1,4,13,89,217,459,820,1639,3,3245
Se24 脳梗塞,2013,12,2013-12-01,0,0,0,0,0,0,1,3,3,11,10,25,103,179,370,699,1188,1560,1352,596,154,0,0,0,4,14,35,282,1069,4850,2,6256
Se25 大動脈瘤及び解離,2013,12,2013-12-01,0,0,0,0,0,1,2,8,12,24,31,44,94,143,159,221,360,363,200,56,7,0,0,1,10,36,75,237,380,986,1,1726
Se26 肺炎,2013,12,2013-12-01,12,1,0,1,3,3,3,13,12,19,46,60,163,311,586,1172,2233,2929,2305,1163,256,13,1,6,16,31,106,474,1758,8886,1,11292
Se27 慢性閉塞性肺疾患,2013,12,2013-12-01,0,0,0,1,0,0,0,0,0,1,2,8,24,59,123,231,382,389,217,64,14,0,1,0,0,1,10,83,354,1066,0,1515
Se28 喘息,2013,12,2013-12-01,0,0,0,0,1,0,0,1,0,4,3,4,4,4,13,20,23,30,30,19,2,0,0,1,1,4,7,8,33,104,0,158
Se29 肝疾患,2013,12,2013-12-01,1,0,0,1,2,0,4,11,39,66,97,114,169,213,200,181,206,163,51,16,3,1,1,2,15,105,211,382,381,439,1,1538
Se30 腎不全,2013,12,2013-12-01,1,0,0,0,0,0,1,2,1,7,17,23,60,87,139,259,469,608,470,178,46,1,0,0,3,8,40,147,398,1771,0,2368
Se31 老衰,2013,12,2013-12-01,0,0,0,0,0,0,0,0,0,0,0,0,2,14,42,171,595,1495,2245,1675,712,0,0,0,0,0,0,16,213,6722,0,6951
Se32 不慮の事故,2013,12,2013-12-01,20,4,4,22,36,33,48,65,70,74,95,132,209,277,440,598,771,699,445,170,37,24,26,69,113,144,227,486,1038,2122,10,4259
Se33 交通事故,2013,12,2013-12-01,1,2,1,18,23,20,16,26,33,27,30,33,50,51,81,85,73,48,11,4,0,3,19,43,42,60,63,101,166,136,4,637
Se34 自殺,2013,12,2013-12-01,0,1,3,27,116,105,141,138,190,163,163,150,184,158,151,115,79,43,23,8,0,1,30,221,279,353,313,342,266,153,18,1976
総数,2014,1,2014-01-01,238,44,45,94,199,257,370,576,907,1254,1785,2865,5548,7958,10967,15327,21690,24387,18045,8310,2225,282,139,456,946,2161,4650,13506,26294,74657,35,123126
Se01 結核,2014,1,2014-01-01,0,0,0,0,0,0,0,1,0,0,0,1,2,6,10,19,34,53,28,15,1,0,0,0,1,0,1,8,29,131,0,170
Se02 悪性新生物＜腫瘍＞,2014,1,2014-01-01,4,9,6,8,16,28,73,139,244,415,674,1209,2516,3623,4521,5036,5594,4604,2270,629,112,13,14,44,212,659,1883,6139,9557,13209,6,31736
Se03 食道の悪性新生物＜腫瘍＞,2014,1,2014-01-01,0,0,0,0,0,1,2,0,4,9,24,48,105,194,191,147,138,90,36,5,2,0,0,1,2,13,72,299,338,271,0,996
Se04 胃の悪性新生物＜腫瘍＞,2014,1,2014-01-01,0,0,0,0,0,4,12,20,36,39,62,143,350,433,595,669,764,596,330,77,14,0,0,4,32,75,205,783,1264,1781,2,4146
Se05 結腸の悪性新生物＜腫瘍＞,2014,1,2014-01-01,0,0,0,0,1,2,3,8,23,35,69,86,224,288,342,426,472,504,304,86,11,0,0,3,11,58,155,512,768,1377,1,2885
Se06 直腸Ｓ状結腸移行部及び直腸の悪性新生物＜腫瘍＞,2014,1,2014-01-01,0,0,0,0,0,1,0,7,15,23,38,68,142,190,197,189,171,165,80,14,5,0,0,1,7,38,106,332,386,435,0,1305
Se07 肝及び肝内胆管の悪性新生物＜腫瘍＞,2014,1,2014-01-01,1,0,0,0,0,0,2,3,11,25,35,100,211,256,385,517,531,345,135,40,5,1,0,0,5,36,135,467,902,1056,0,2602
Se08 胆のう及びその他の胆道の悪性新生物＜腫瘍＞,2014,1,2014-01-01,0,0,0,0,0,0,0,2,2,7,14,37,72,117,188,239,341,304,147,41,11,0,0,0,2,9,51,189,427,844,0,1522
Se09 膵の悪性新生物＜腫瘍＞,2014,1,2014-01-01,0,0,0,0,0,2,1,5,10,34,54,107,235,368,428,450,464,356,165,38,7,0,0,2,6,44,161,603,878,1030,0,2724
Se10 気管，気管支及び肺の悪性新生物＜腫瘍＞,2014,1,2014-01-01,0,0,0,0,1,0,1,17,29,56,93,208,468,767,968,1048,1137,945,377,108,21,0,0,1,18,85,301,1235,2016,2588,2,6246
Se11 乳房の悪性新生物＜腫瘍＞,2014,1,2014-01-01,0,0,0,0,0,0,8,21,24,61,82,105,163,148,170,111,84,89,56,24,0,0,0,0,29,85,187,311,281,253,0,1146
Se12 子宮の悪性新生物＜腫瘍＞,2014,1,2014-01-01,0,0,0,0,0,0,10,11,18,27,40,52,63,74,59,53,57,47,26,9,1,0,0,0,21,45,92,137,112,140,0,547
Se13 白血病,2014,1,2014-01-01,3,1,5,0,6,4,6,9,14,17,12,19,45,94,119,127,124,69,35,5,2,4,5,10,15,31,31,139,246,235,1,717
Se14 糖尿病,2014,1,2014-01-01,0,0,1,0,0,1,2,11,17,21,27,45,68,118,139,202,276,228,156,63,8,0,1,1,13,38,72,186,341,731,0,1383
Se15 高血圧性疾患,2014,1,2014-01-01,0,0,0,0,0,0,0,0,2,5,2,7,17,27,43,76,122,154,162,99,31,0,0,0,0,7,9,44,119,568,0,747
Se16 心疾患（高血圧性を除く）,2014,1,2014-01-01,6,2,3,5,11,13,36,62,127,186,264,423,804,1126,1613,2452,3772,4803,3685,1684,399,8,8,24,98,313,687,1930,4065,14343,2,21478
Se17 急性心筋梗塞,2014,1,2014-01-01,0,0,0,0,0,1,9,14,35,46,73,136,259,332,462,640,871,937,549,177,32,0,0,1,23,81,209,591,1102,2566,1,4574
Se18 その他の虚血性心疾患,2014,1,2014-01-01,1,0,1,0,3,0,6,14,30,49,73,108,195,291,406,549,751,808,466,161,42,1,1,3,20,79,181,486,955,2228,0,3954
Se19 不整脈及び伝導障害,2014,1,2014-01-01,1,2,2,3,2,6,8,9,19,33,51,70,138,167,253,354,568,753,523,227,55,3,5,8,17,52,121,305,607,2126,1,3245
Se20 心不全,2014,1,2014-01-01,0,0,0,0,3,2,8,19,21,27,43,67,133,217,335,665,1229,1785,1710,959,239,0,0,5,27,48,110,350,1000,5922,0,7462
Se21 脳血管疾患,2014,1,2014-01-01,0,1,1,1,2,8,7,28,84,102,168,223,430,576,913,1447,2134,2519,1813,799,167,1,2,10,35,186,391,1006,2360,7432,0,11423
Se22 くも膜下出血,2014,1,2014-01-01,0,1,1,1,0,5,4,20,32,45,65,66,118,115,144,158,219,166,108,22,5,1,2,5,24,77,131,233,302,520,0,1295
Se23 脳内出血,2014,1,2014-01-01,0,0,0,0,2,3,2,8,45,44,83,119,198,270,334,491,641,623,324,111,11,0,0,5,10,89,202,468,825,1710,0,3309
Se24 脳梗塞,2014,1,2014-01-01,0,0,0,0,0,0,1,0,6,6,17,30,105,181,411,767,1215,1668,1331,643,144,0,0,0,1,12,47,286,1178,5001,0,6525
Se25 大動脈瘤及び解離,2014,1,2014-01-01,0,0,0,1,0,2,3,3,16,17,26,46,74,139,163,230,368,348,225,52,9,0,1,2,6,33,72,213,393,1002,0,1722
Se26 肺炎,2014,1,2014-01-01,8,0,3,0,2,2,1,7,14,32,47,97,224,359,689,1360,2458,3347,2606,1196,286,8,3,4,8,46,144,583,2049,9893,1,12739
Se27 慢性閉塞性肺疾患,2014,1,2014-01-01,0,0,0,0,0,1,0,0,0,2,2,5,21,61,135,194,367,392,216,72,8,0,0,1,0,2,7,82,329,1055,0,1476
Se28 喘息,2014,1,2014-01-01,0,0,0,0,0,1,2,1,2,0,2,3,6,8,9,18,30,27,39,18,3,0,0,1,3,2,5,14,27,117,0,169
Se29 肝疾患,2014,1,2014-01-01,0,0,0,1,0,2,7,22,28,56,84,117,164,193,206,201,209,146,64,14,5,0,1,2,29,84,201,357,407,438,1,1520
Se30 腎不全,2014,1,2014-01-01,1,1,0,0,0,0,2,1,2,7,11,27,68,86,166,280,500,648,466,186,37,2,0,0,3,9,38,154,446,1837,0,2489
Se31 老衰,2014,1,2014-01-01,0,0,0,0,0,0,0,0,0,0,0,0,1,12,49,204,639,1475,2306,1683,769,0,0,0,0,0,0,13,253,6872,0,7138
Se32 不慮の事故,2014,1,2014-01-01,17,9,8,22,30,25,46,44,72,63,87,141,216,325,437,627,848,794,492,179,28,26,30,55,90,135,228,541,1064,2341,6,4516
Se33 交通事故,2014,1,2014-01-01,3,5,2,15,18,12,19,16,17,14,25,36,35,43,56,59,80,32,14,1,1,8,17,30,35,31,61,78,115,128,0,503
Se34 自殺,2014,1,2014-01-01,0,0,8,39,93,120,125,147,167,186,148,152,162,185,122,105,89,48,20,7,0,0,47,213,272,353,300,347,227,164,8,1931
総数,2014,2,2014-02-01,231,27,34,88,193,243,318,475,802,1138,1662,2596,5099,7282,9836,13680,19458,21610,15832,7413,1974,258,122,436,793,1940,4258,12381,23516,66287,32,110023
Se01 結核,2014,2,2014-02-01,0,0,0,0,0,0,0,0,0,0,0,0,2,9,14,25,29,44,25,9,1,0,0,0,0,0,0,11,39,108,0,158
Se02 悪性新生物＜腫瘍＞,2014,2,2014-02-01,7,4,8,6,16,26,57,117,222,379,591,1094,2236,3335,3958,4568,5182,4162,1932,635,57,11,14,42,174,601,1685,5571,8526,11968,2,28594
Se03 食道の悪性新生物＜腫瘍＞,2014,2,2014-02-01,0,0,0,0,0,1,0,1,5,7,19,54,99,142,170,142,104,97,35,6,1,0,0,1,1,12,73,241,312,243,0,883
Se04 胃の悪性新生物＜腫瘍＞,2014,2,2014-02-01,0,0,0,0,1,3,6,18,22,39,55,111,296,443,523,625,705,590,255,78,6,0,0,4,24,61,166,739,1148,1634,0,3776
Se05 結腸の悪性新生物＜腫瘍＞,2014,2,2014-02-01,0,0,1,0,2,2,4,12,21,33,40,74,188,269,282,393,460,405,233,84,4,0,1,4,16,54,114,457,675,1186,0,2507
Se06 直腸Ｓ状結腸移行部及び直腸の悪性新生物＜腫瘍＞,2014,2,2014-02-01,0,0,0,0,0,0,3,4,10,23,38,55,116,166,175,187,146,139,72,17,1,0,0,0,7,33,93,282,362,375,0,1152
Se07 肝及び肝内胆管の悪性新生物＜腫瘍＞,2014,2,2014-02-01,2,0,1,0,0,2,1,7,6,13,40,74,156,254,358,427,492,313,126,35,1,2,1,2,8,19,114,410,785,967,0,2308
Se08 胆のう及びその他の胆道の悪性新生物＜腫瘍＞,2014,2,2014-02-01,0,0,0,0,0,0,0,0,5,3,13,29,87,122,164,205,308,255,150,52,6,0,0,0,0,8,42,209,369,771,0,1399
Se09 膵の悪性新生物＜腫瘍＞,2014,2,2014-02-01,0,0,0,0,0,0,0,2,12,29,46,112,226,337,360,382,421,310,154,50,4,0,0,0,2,41,158,563,742,939,0,2445
Se10 気管，気管支及び肺の悪性新生物＜腫瘍＞,2014,2,2014-02-01,0,0,0,0,0,0,1,7,30,53,80,214,442,702,851,971,1078,837,308,100,13,0,0,0,8,83,294,1144,1822,2336,0,5687
Se11 乳房の悪性新生物＜腫瘍＞,2014,2,2014-02-01,0,0,0,0,0,2,5,16,26,54,86,112,127,151,115,84,98,75,52,19,3,0,0,2,21,80,198,278,199,247,0,1025
Se12 子宮の悪性新生物＜腫瘍＞,2014,2,2014-02-01,0,0,0,0,2,2,5,7,13,23,27,32,50,49,47,45,62,47,26,10,0,0,0,4,12,36,59,99,92,145,0,447
Se13 白血病,2014,2,2014-02-01,1,2,2,0,3,5,7,5,12,10,19,24,40,74,105,99,112,78,26,13,0,3,2,8,12,22,43,114,204,229,1,638
Se14 糖尿病,2014,2,2014-02-01,0,0,0,1,2,0,4,4,7,11,23,37,79,113,124,180,215,224,141,50,9,0,1,2,8,18,60,192,304,639,0,1224
Se15 高血圧性疾患,2014,2,2014-02-01,0,0,0,0,0,0,0,1,1,2,2,4,15,28,34,72,112,152,128,78,26,0,0,0,1,3,6,43,106,496,0,655
Se16 心疾患（高血圧性を除く）,2014,2,2014-02-01,7,1,1,7,5,11,26,47,111,173,273,375,752,1040,1510,2229,3386,4146,3267,1426,365,8,8,16,73,284,648,1792,3739,12590,5,19163
Se17 急性心筋梗塞,2014,2,2014-02-01,0,0,0,0,0,2,6,13,18,51,81,116,233,322,377,580,790,802,475,167,29,0,0,2,19,69,197,555,957,2263,0,4062
Se18 その他の虚血性心疾患,2014,2,2014-02-01,0,0,0,2,0,0,3,12,35,49,77,92,193,292,414,534,732,715,400,171,46,0,2,0,15,84,169,485,948,2064,1,3768
Se19 不整脈及び伝導障害,2014,2,2014-02-01,2,0,0,1,3,3,7,13,22,30,43,60,133,160,244,342,497,590,432,181,40,2,1,6,20,52,103,293,586,1740,0,2803
Se20 心不全,2014,2,2014-02-01,0,0,0,1,2,2,8,5,21,27,43,65,134,173,329,582,1048,1605,1581,775,218,0,1,4,13,48,108,307,911,5227,4,6623
Se21 脳血管疾患,2014,2,2014-02-01,2,0,3,0,3,5,16,22,74,86,142,205,368,558,826,1262,1937,2146,1627,731,150,2,3,8,38,160,347,926,2088,6591,2,10165
Se22 くも膜下出血,2014,2,2014-02-01,0,0,1,0,1,3,6,8,38,32,50,57,105,104,125,154,195,141,86,16,4,0,1,4,14,70,107,209,279,442,0,1126
Se23 脳内出血,2014,2,2014-02-01,1,0,2,0,2,2,8,11,29,45,71,107,161,240,317,427,558,521,322,102,12,1,2,4,19,74,178,401,744,1515,0,2938
Se24 脳梗塞,2014,2,2014-02-01,0,0,0,0,0,0,2,2,3,8,18,35,95,199,358,643,1127,1442,1176,595,127,0,0,0,4,11,53,294,1001,4467,1,5831
Se25 大動脈瘤及び解離,2014,2,2014-02-01,0,0,0,0,0,1,1,5,10,12,29,33,77,113,162,222,318,312,167,48,6,0,0,1,6,22,62,190,384,851,0,1516
Se26 肺炎,2014,2,2014-02-01,8,1,1,3,2,5,8,12,18,32,56,84,218,328,629,1197,2137,2848,2206,1084,265,9,4,7,20,50,140,546,1826,8540,1,11143
Se27 慢性閉塞性肺疾患,2014,2,2014-02-01,0,0,0,0,0,1,0,1,1,1,2,8,27,50,119,228,329,363,177,63,12,0,0,1,1,2,10,77,347,944,0,1382
Se28 喘息,2014,2,2014-02-01,0,0,0,0,0,1,0,2,3,2,3,4,8,8,9,14,20,28,33,12,3,0,0,1,2,5,7,16,23,96,0,150
Se29 肝疾患,2014,2,2014-02-01,0,0,0,0,1,0,0,14,32,54,77,94,140,158,188,182,177,145,68,26,4,0,0,1,14,86,171,298,370,420,0,1360
Se30 腎不全,2014,2,2014-02-01,1,0,0,1,2,1,0,1,2,13,11,16,42,75,133,258,422,551,449,199,25,1,1,3,1,15,27,117,391,1646,0,2202
Se31 老衰,2014,2,2014-02-01,0,0,0,0,0,0,0,0,0,0,0,0,1,8,34,158,540,1317,2023,1500,686,0,0,0,0,0,0,9,192,6066,0,6267
Se32 不慮の事故,2014,2,2014-02-01,17,8,4,22,26,43,31,47,56,74,69,125,209,283,336,519,680,655,406,129,46,25,26,69,78,130,194,492,855,1916,6,3791
Se33 交通事故,2014,2,2014-02-01,0,4,1,12,13,20,13,15,16,21,27,29,40,40,35,47,46,37,7,1,0,4,13,33,28,37,56,80,82,91,0,424
Se34 自殺,2014,2,2014-02-01,0,1,3,29,101,114,113,114,144,141,167,145,153,133,142,85,73,47,29,5,0,1,32,215,227,285,312,286,227,154,7,1746
総数,2014,3,2014-03-01,235,45,47,109,203,265,359,538,854,1215,1845,2589,5237,7294,10062,14188,19722,22499,16747,7639,2111,280,156,468,897,2069,4434,12531,24250,68718,31,113834
Se01 結核,2014,3,2014-03-01,0,0,0,0,1,0,1,0,3,2,1,2,6,14,7,25,31,57,26,7,2,0,0,1,1,5,3,20,32,123,0,185
Se02 悪性新生物＜腫瘍＞,2014,3,2014-03-01,7,12,10,23,12,29,50,120,233,357,683,1145,2437,3425,4381,4979,5504,4489,2222,602,86,19,33,41,170,590,1828,5862,9360,12903,3,30809
Se03 食道の悪性新生物＜腫瘍＞,2014,3,2014-03-01,0,0,0,0,0,0,0,1,4,10,19,51,112,135,170,151,141,79,27,10,1,0,0,0,1,14,70,247,321,258,0,911
Se04 胃の悪性新生物＜腫瘍＞,2014,3,2014-03-01,0,0,0,0,0,2,9,16,32,33,68,147,302,441,560,654,720,628,331,90,10,0,0,2,25,65,215,743,1214,1779,1,4044
Se05 結腸の悪性新生物＜腫瘍＞,2014,3,2014-03-01,0,0,0,1,0,0,3,7,23,32,56,84,195,262,358,424,504,450,276,78,18,0,1,0,10,55,140,457,782,1326,0,2771
Se06 直腸Ｓ状結腸移行部及び直腸の悪性新生物＜腫瘍＞,2014,3,2014-03-01,0,0,0,0,0,0,4,4,12,11,36,68,151,188,178,183,146,126,81,20,6,0,0,0,8,23,104,339,361,379,0,1214
Se07 肝及び肝内胆管の悪性新生物＜腫瘍＞,2014,3,2014-03-01,0,0,0,1,0,3,1,6,6,19,45,93,182,285,358,508,538,358,126,28,3,0,1,3,7,25,138,467,866,1053,0,2560
Se08 胆のう及びその他の胆道の悪性新生物＜腫瘍＞,2014,3,2014-03-01,0,0,0,0,0,1,0,1,4,4,14,33,72,118,208,260,324,290,190,32,9,0,0,1,1,8,47,190,468,845,0,1560
Se09 膵の悪性新生物＜腫瘍＞,2014,3,2014-03-01,0,0,0,0,0,1,2,6,19,28,47,84,196,350,421,447,444,334,166,49,7,0,0,1,8,47,131,546,868,1000,0,2601
Se10 気管，気管支及び肺の悪性新生物＜腫瘍＞,2014,3,2014-03-01,0,0,0,0,0,2,3,11,23,50,97,187,487,743,956,1054,1207,939,334,85,9,0,0,2,14,73,284,1230,2010,2574,1,6188
Se11 乳房の悪性新生物＜腫瘍＞,2014,3,2014-03-01,0,0,0,0,0,0,6,21,32,45,92,105,152,145,121,98,84,79,60,24,1,0,0,0,27,77,197,297,219,248,0,1065
Se12 子宮の悪性新生物＜腫瘍＞,2014,3,2014-03-01,0,0,0,0,0,3,3,11,25,30,48,34,60,63,55,52,62,49,41,10,2,0,0,3,14,55,82,123,107,164,0,548
Se13 白血病,2014,3,2014-03-01,3,5,1,8,3,3,4,7,10,14,15,16,60,79,86,118,117,58,32,14,0,8,9,6,11,24,31,139,204,221,0,653
Se14 糖尿病,2014,3,2014-03-01,0,0,0,0,1,0,2,7,9,18,20,29,83,101,144,195,240,229,151,56,12,0,0,1,9,27,49,184,339,688,0,1297
Se15 高血圧性疾患,2014,3,2014-03-01,0,0,0,0,0,0,0,1,0,3,6,7,17,23,39,55,108,151,157,83,40,0,0,0,1,3,13,40,94,539,0,690
Se16 心疾患（高血圧性を除く）,2014,3,2014-03-01,9,4,1,4,9,16,38,50,98,169,257,346,688,930,1334,2124,3333,4108,3366,1515,362,13,5,25,88,267,603,1618,3458,12684,4,18765
Se17 急性心筋梗塞,2014,3,2014-03-01,0,0,0,0,0,4,5,15,31,45,84,100,197,287,346,565,711,719,503,166,22,0,0,4,20,76,184,484,911,2121,0,3800
Se18 その他の虚血性心疾患,2014,3,2014-03-01,0,0,0,1,1,0,6,9,19,51,66,95,190,218,346,478,661,615,408,146,46,0,1,1,15,70,161,408,824,1876,2,3358
Se19 不整脈及び伝導障害,2014,3,2014-03-01,1,1,0,1,4,3,8,9,19,25,37,64,105,165,211,345,543,615,444,196,38,2,1,7,17,44,101,270,556,1836,1,2835
Se20 心不全,2014,3,2014-03-01,2,0,1,0,2,3,12,9,18,31,39,50,131,166,302,521,1022,1657,1656,842,232,2,1,5,21,49,89,297,823,5409,1,6697
Se21 脳血管疾患,2014,3,2014-03-01,0,0,1,1,3,3,11,22,71,104,163,199,381,553,795,1315,1891,2346,1687,725,157,0,2,6,33,175,362,934,2110,6806,4,10432
Se22 くも膜下出血,2014,3,2014-03-01,0,0,0,0,2,3,1,11,34,48,60,46,101,92,120,174,177,156,84,18,4,0,0,5,12,82,106,193,294,439,1,1132
Se23 脳内出血,2014,3,2014-03-01,0,0,1,1,1,0,8,10,31,46,87,124,178,262,296,403,510,592,303,112,17,0,2,1,18,77,211,440,699,1534,1,2983
Se24 脳梗塞,2014,3,2014-03-01,0,0,0,0,0,0,2,1,6,8,16,27,93,182,353,694,1149,1539,1257,576,130,0,0,0,3,14,43,275,1047,4651,2,6035
Se25 大動脈瘤及び解離,2014,3,2014-03-01,0,0,2,1,0,0,3,4,7,18,18,37,74,117,149,199,311,331,204,61,5,0,3,0,7,25,55,191,348,912,0,1541
Se26 肺炎,2014,3,2014-03-01,5,1,4,1,1,3,5,14,15,22,46,67,189,331,586,1207,2090,2863,2242,1083,276,6,5,4,19,37,113,520,1793,8554,1,11052
Se27 慢性閉塞性肺疾患,2014,3,2014-03-01,0,0,0,0,0,0,0,1,0,1,4,5,30,52,115,229,336,432,217,62,12,0,0,0,1,1,9,82,344,1059,0,1496
Se28 喘息,2014,3,2014-03-01,0,0,0,0,0,0,2,0,0,1,4,2,2,2,6,16,30,33,39,11,2,0,0,0,2,1,6,4,22,115,0,150
Se29 肝疾患,2014,3,2014-03-01,0,0,0,0,1,0,6,9,34,51,82,90,170,163,187,209,199,158,73,22,6,0,0,1,15,85,172,333,396,458,0,1460
Se30 腎不全,2014,3,2014-03-01,0,0,0,0,1,0,2,3,3,14,13,27,38,91,158,228,426,562,470,188,36,0,0,1,5,17,40,129,386,1682,1,2261
Se31 老衰,2014,3,2014-03-01,0,0,0,0,0,0,0,0,0,0,0,0,3,13,46,152,544,1450,2120,1645,746,0,0,0,0,0,0,16,198,6505,0,6719
Se32 不慮の事故,2014,3,2014-03-01,14,10,5,24,26,47,39,45,68,72,101,107,178,247,346,483,626,675,386,130,26,24,29,73,84,140,208,425,829,1843,6,3661
Se33 交通事故,2014,3,2014-03-01,1,4,2,17,11,18,8,20,20,18,26,20,36,40,43,47,54,39,8,1,0,5,19,29,28,38,46,76,90,102,0,433
Se34 自殺,2014,3,2014-03-01,0,1,15,38,114,127,146,177,166,208,187,179,176,191,139,121,100,71,19,5,1,1,53,241,323,374,366,367,260,196,1,2182
総数,2014,4,2014-04-01,236,40,29,105,208,243,342,479,831,1077,1621,2493,4810,6918,9302,12905,18221,20395,15233,6801,1972,276,134,451,821,1908,4114,11728,22207,62622,30,104291
Se01 結核,2014,4,2014-04-01,0,0,0,0,0,0,0,0,1,0,2,4,4,9,14,10,34,51,23,10,1,0,0,0,0,1,6,13,24,119,0,163
Se02 悪性新生物＜腫瘍＞,2014,4,2014-04-01,6,10,8,10,18,24,66,118,239,398,599,1155,2358,3455,4160,4958,5359,4289,2205,615,84,16,18,42,184,637,1754,5813,9118,12552,1,30135
Se03 食道の悪性新生物＜腫瘍＞,2014,4,2014-04-01,0,0,0,0,0,0,1,1,8,6,22,51,116,154,184,153,150,77,39,11,1,0,0,0,2,14,73,270,337,278,0,974
Se04 胃の悪性新生物＜腫瘍＞,2014,4,2014-04-01,0,0,0,1,1,2,5,13,25,45,55,142,299,432,542,643,670,581,319,92,12,0,1,3,18,70,197,731,1185,1674,0,3879
Se05 結腸の悪性新生物＜腫瘍＞,2014,4,2014-04-01,0,0,0,0,1,0,1,12,20,35,60,98,204,300,339,402,465,471,267,86,11,0,0,1,13,55,158,504,741,1300,0,2772
Se06 直腸Ｓ状結腸移行部及び直腸の悪性新生物＜腫瘍＞,2014,4,2014-04-01,0,0,0,0,0,2,3,7,8,20,41,75,111,177,167,187,158,144,64,17,4,0,0,2,10,28,116,288,354,387,0,1185
Se07 肝及び肝内胆管の悪性新生物＜腫瘍＞,2014,4,2014-04-01,0,0,0,0,0,0,3,3,7,20,43,71,186,274,359,453,537,301,174,30,7,0,0,0,6,27,114,460,812,1049,0,2468
Se08 胆のう及びその他の胆道の悪性新生物＜腫瘍＞,2014,4,2014-04-01,0,0,0,0,0,0,0,0,6,8,16,25,65,128,153,255,309,294,163,44,7,0,0,0,0,14,41,193,408,817,0,1473
Se09 膵の悪性新生物＜腫瘍＞,2014,4,2014-04-01,0,0,0,0,0,0,2,3,15,26,38,90,245,359,402,447,445,350,176,35,2,0,0,0,5,41,128,604,849,1008,0,2635
Se10 気管，気管支及び肺の悪性新生物＜腫瘍＞,2014,4,2014-04-01,0,0,0,1,2,0,5,5,16,63,79,180,447,713,879,1047,1150,846,358,94,14,0,1,2,10,79,259,1160,1926,2462,1,5900
Se11 乳房の悪性新生物＜腫瘍＞,2014,4,2014-04-01,0,0,0,0,0,1,7,19,40,56,76,121,165,146,117,127,87,87,46,17,2,0,0,1,26,96,197,311,244,239,0,1114
Se12 子宮の悪性新生物＜腫瘍＞,2014,4,2014-04-01,0,0,0,0,1,1,5,12,20,28,26,44,48,59,58,57,56,54,23,12,1,0,0,2,17,48,70,107,115,146,0,505
Se13 白血病,2014,4,2014-04-01,3,4,2,3,2,7,4,4,14,13,13,26,65,69,99,123,121,70,31,11,0,7,5,9,8,27,39,134,222,233,0,684
Se14 糖尿病,2014,4,2014-04-01,0,0,0,0,1,0,0,4,9,10,18,36,61,87,116,178,215,208,135,45,9,0,0,1,4,19,54,148,294,612,0,1132
Se15 高血圧性疾患,2014,4,2014-04-01,0,0,0,0,0,0,0,0,1,2,2,11,12,17,26,47,76,125,129,65,27,0,0,0,0,3,13,29,73,422,0,540
Se16 心疾患（高血圧性を除く）,2014,4,2014-04-01,8,4,3,5,12,11,25,55,89,128,229,283,595,818,1203,1762,2786,3546,2972,1338,346,12,8,23,80,217,512,1413,2965,10988,4,16222
Se17 急性心筋梗塞,2014,4,2014-04-01,0,0,0,0,1,1,2,10,29,44,64,98,185,208,336,410,582,583,392,146,27,0,0,2,12,73,162,393,746,1730,1,3119
Se18 その他の虚血性心疾患,2014,4,2014-04-01,0,0,0,0,2,4,1,17,26,29,57,63,127,226,293,392,540,551,339,152,27,0,0,6,18,55,120,353,685,1609,2,2848
Se19 不整脈及び伝導障害,2014,4,2014-04-01,2,1,1,1,4,0,8,15,12,17,46,40,113,121,188,281,443,538,438,159,40,3,2,4,23,29,86,234,469,1618,0,2468
Se20 心不全,2014,4,2014-04-01,1,1,0,0,3,2,9,7,14,20,37,40,112,161,257,468,904,1454,1443,751,222,2,0,5,16,34,77,273,725,4774,0,5906
Se21 脳血管疾患,2014,4,2014-04-01,2,2,0,1,2,5,10,24,64,97,140,176,336,479,681,1121,1765,2077,1588,682,144,4,1,7,34,161,316,815,1802,6256,1,9397
Se22 くも膜下出血,2014,4,2014-04-01,0,1,0,1,1,1,5,12,26,38,54,57,84,93,113,117,146,140,76,16,2,1,1,2,17,64,111,177,230,380,0,983
Se23 脳内出血,2014,4,2014-04-01,2,0,0,0,0,4,3,11,32,47,77,83,156,194,243,348,527,484,311,97,13,2,0,4,14,79,160,350,591,1432,1,2633
Se24 脳梗塞,2014,4,2014-04-01,0,1,0,0,0,0,1,1,5,7,6,29,85,173,310,630,1051,1404,1168,555,125,1,0,0,2,12,35,258,940,4303,0,5551
Se25 大動脈瘤及び解離,2014,4,2014-04-01,0,0,0,0,1,0,0,4,16,14,24,35,59,95,116,202,285,281,144,41,2,0,0,1,4,30,59,154,318,753,0,1319
Se26 肺炎,2014,4,2014-04-01,7,0,1,1,1,1,5,7,11,20,39,48,152,269,521,1004,1881,2568,2092,918,251,7,2,2,12,31,87,421,1525,7710,1,9798
Se27 慢性閉塞性肺疾患,2014,4,2014-04-01,0,0,0,0,0,1,0,0,0,2,2,12,21,52,117,184,341,343,187,54,12,0,0,1,0,2,14,73,301,937,0,1328
Se28 喘息,2014,4,2014-04-01,2,0,0,0,0,0,0,1,2,1,0,0,4,3,10,17,16,36,35,15,1,2,0,0,1,3,0,7,27,103,0,143
Se29 肝疾患,2014,4,2014-04-01,0,0,1,0,1,1,5,13,19,40,74,99,154,162,186,191,174,138,52,11,1,0,1,2,18,59,173,316,377,376,0,1322
Se30 腎不全,2014,4,2014-04-01,0,0,0,0,0,1,1,0,1,5,9,11,48,75,130,228,419,560,374,165,32,0,0,1,1,6,20,123,358,1550,0,2059
Se31 老衰,2014,4,2014-04-01,0,0,0,0,0,0,0,0,0,0,0,0,1,9,34,129,530,1290,1901,1423,719,0,0,0,0,0,0,10,163,5863,0,6036
Se32 不慮の事故,2014,4,2014-04-01,16,9,6,29,30,28,34,34,58,63,75,94,151,206,281,412,543,553,331,126,26,25,35,58,68,121,169,357,693,1579,2,3107
Se33 交通事故,2014,4,2014-04-01,4,6,2,23,18,14,15,9,25,20,20,24,26,47,47,60,35,44,8,2,0,10,25,32,24,45,44,73,107,89,0,449
Se34 自殺,2014,4,2014-04-01,0,0,7,38,117,120,127,131,192,160,181,177,168,186,175,134,98,58,28,3,0,0,45,237,258,352,358,354,309,187,1,2101
総数,2014,5,2014-05-01,240,34,41,99,194,253,343,498,840,1188,1626,2445,4652,6875,9120,12502,17481,19581,14572,6632,1810,274,140,447,841,2028,4071,11527,21622,60076,56,101082
Se01 結核,2014,5,2014-05-01,0,0,0,0,0,0,0,0,0,1,1,5,4,7,8,25,50,41,31,6,1,0,0,0,0,1,6,11,33,129,1,181
Se02 悪性新生物＜腫瘍＞,2014,5,2014-05-01,4,4,8,16,16,31,65,120,253,429,657,1145,2350,3503,4227,4853,5460,4398,2084,604,92,8,24,47,185,682,1802,5853,9080,12638,1,30320
Se03 食道の悪性新生物＜腫瘍＞,2014,5,2014-05-01,0,0,0,0,0,0,0,0,7,8,23,55,106,157,182,150,151,91,29,6,1,0,0,0,0,15,78,263,332,278,0,966
Se04 胃の悪性新生物＜腫瘍＞,2014,5,2014-05-01,0,0,0,0,0,2,4,16,30,45,64,134,278,483,518,638,734,601,297,96,10,0,0,2,20,75,198,761,1156,1738,0,3950
Se05 結腸の悪性新生物＜腫瘍＞,2014,5,2014-05-01,0,0,0,0,2,1,6,9,33,31,52,84,205,293,354,411,476,442,266,71,16,0,0,3,15,64,136,498,765,1271,0,2752
Se06 直腸Ｓ状結腸移行部及び直腸の悪性新生物＜腫瘍＞,2014,5,2014-05-01,0,0,0,1,1,1,5,6,11,27,40,64,161,162,186,187,178,144,69,23,4,0,1,2,11,38,104,323,373,418,0,1270
Se07 肝及び肝内胆管の悪性新生物＜腫瘍＞,2014,5,2014-05-01,1,0,0,1,0,0,2,4,10,23,38,82,174,280,356,452,522,331,146,33,1,1,1,0,6,33,120,454,808,1033,0,2456
Se08 胆のう及びその他の胆道の悪性新生物＜腫瘍＞,2014,5,2014-05-01,0,0,0,0,0,0,1,1,6,4,15,41,95,113,182,259,307,277,148,36,8,0,0,0,2,10,56,208,441,776,0,1493
Se09 膵の悪性新生物＜腫瘍＞,2014,5,2014-05-01,0,0,1,0,0,0,1,2,14,25,49,98,213,320,426,437,451,354,165,50,5,0,1,0,3,39,147,533,863,1025,0,2611
Se10 気管，気管支及び肺の悪性新生物＜腫瘍＞,2014,5,2014-05-01,0,0,0,0,0,1,2,5,22,46,98,176,443,793,967,1016,1139,885,375,83,12,0,0,1,7,68,274,1236,1983,2494,1,6064
Se11 乳房の悪性新生物＜腫瘍＞,2014,5,2014-05-01,0,0,0,0,0,1,8,23,38,70,87,106,149,130,131,128,109,76,48,21,6,0,0,1,31,108,193,279,259,260,0,1131
Se12 子宮の悪性新生物＜腫瘍＞,2014,5,2014-05-01,0,0,0,0,0,3,8,16,28,35,37,41,47,62,57,41,73,50,28,6,0,0,0,3,24,63,78,109,98,157,0,532
Se13 白血病,2014,5,2014-05-01,1,2,5,5,4,3,6,4,7,19,15,16,59,73,82,107,104,82,32,9,2,3,10,7,10,26,31,132,189,229,0,637
Se14 糖尿病,2014,5,2014-05-01,0,0,0,0,3,0,0,2,9,10,25,36,57,92,118,163,219,200,153,45,5,0,0,3,2,19,61,149,281,622,0,1137
Se15 高血圧性疾患,2014,5,2014-05-01,0,0,0,0,0,0,1,0,1,4,7,6,14,23,25,37,76,116,131,73,23,0,0,0,1,5,13,37,62,419,0,537
Se16 心疾患（高血圧性を除く）,2014,5,2014-05-01,12,3,5,2,6,13,29,40,96,144,187,272,512,740,1123,1629,2591,3354,2717,1321,307,15,7,19,69,240,459,1252,2752,10290,6,15109
Se17 急性心筋梗塞,2014,5,2014-05-01,1,0,0,0,1,0,4,8,31,39,55,93,168,217,280,386,549,565,350,139,26,1,0,1,12,70,148,385,666,1629,2,2914
Se18 その他の虚血性心疾患,2014,5,2014-05-01,0,0,1,0,1,3,9,10,24,33,47,59,131,183,266,348,460,475,336,113,26,0,1,4,19,57,106,314,614,1410,1,2526
Se19 不整脈及び伝導障害,2014,5,2014-05-01,4,0,1,0,2,2,7,10,20,29,30,37,75,118,189,258,396,543,361,184,26,4,1,4,17,49,67,193,447,1510,2,2294
Se20 心不全,2014,5,2014-05-01,0,2,2,1,0,4,4,6,15,21,33,53,86,128,255,443,898,1368,1367,745,203,2,3,4,10,36,86,214,698,4581,1,5635
Se21 脳血管疾患,2014,5,2014-05-01,1,3,3,1,1,4,15,28,65,104,124,177,298,493,642,1079,1711,1938,1544,639,148,4,4,5,43,169,301,791,1721,5980,1,9019
Se22 くも膜下出血,2014,5,2014-05-01,0,0,1,1,1,1,3,15,39,44,39,58,66,98,96,108,162,154,69,23,2,0,2,2,18,83,97,164,204,410,0,980
Se23 脳内出血,2014,5,2014-05-01,0,2,2,0,0,2,9,11,24,52,70,92,160,224,233,372,491,431,273,92,12,2,2,2,20,76,162,384,605,1299,1,2553
Se24 脳梗塞,2014,5,2014-05-01,0,1,0,0,0,0,2,2,1,6,10,24,62,159,299,569,1018,1311,1165,498,129,1,0,0,4,7,34,221,868,4121,0,5256
Se25 大動脈瘤及び解離,2014,5,2014-05-01,0,0,0,1,0,0,1,2,9,9,13,33,42,78,99,154,243,247,182,42,8,0,1,0,3,18,46,120,253,722,0,1163
Se26 肺炎,2014,5,2014-05-01,13,2,1,1,1,0,6,8,12,15,39,55,155,271,506,990,1818,2479,1967,869,208,15,2,1,14,27,94,426,1496,7341,1,9417
Se27 慢性閉塞性肺疾患,2014,5,2014-05-01,0,0,0,0,0,1,0,1,0,3,5,8,22,46,106,200,320,340,195,70,6,0,0,1,1,3,13,68,306,931,1,1324
Se28 喘息,2014,5,2014-05-01,0,0,0,0,1,0,0,2,0,2,3,1,1,7,6,17,20,28,29,11,2,0,0,1,2,2,4,8,23,90,0,130
Se29 肝疾患,2014,5,2014-05-01,1,0,0,0,0,0,4,12,27,55,72,75,140,147,163,169,172,106,58,10,2,1,0,0,16,82,147,287,332,348,0,1213
Se30 腎不全,2014,5,2014-05-01,0,0,1,0,0,1,2,1,2,4,8,15,47,72,137,196,370,524,389,169,42,0,1,1,3,6,23,119,333,1494,0,1980
Se31 老衰,2014,5,2014-05-01,0,0,0,0,0,0,0,0,0,0,0,0,2,8,29,131,462,1197,1826,1349,626,0,0,0,0,0,0,10,160,5460,0,5630
Se32 不慮の事故,2014,5,2014-05-01,14,5,8,19,30,38,31,31,56,64,71,87,147,193,268,370,448,490,287,129,34,19,27,68,62,120,158,340,638,1388,6,2826
Se33 交通事故,2014,5,2014-05-01,2,2,3,16,18,18,11,9,18,20,21,24,39,51,57,55,45,37,9,2,1,4,19,36,20,38,45,90,112,94,0,458
Se34 自殺,2014,5,2014-05-01,0,0,5,42,106,128,133,168,179,170,163,187,198,180,153,137,106,65,26,9,0,0,47,234,301,349,350,378,290,206,11,2166
総数,2014,6,2014-06-01,243,55,38,86,209,226,328,445,747,1056,1473,2328,4323,6341,8513,11391,16060,17956,13168,5997,1701,298,124,435,773,1803,3801,10664,19904,54882,34,92718
Se01 結核,2014,6,2014-06-01,0,0,0,0,0,0,0,1,0,1,1,0,9,5,8,22,46,51,33,8,1,0,0,0,1,1,1,14,30,139,0,186
Se02 悪性新生物＜腫瘍＞,2014,6,2014-06-01,6,8,9,12,13,24,50,109,222,377,612,1160,2273,3382,4137,4691,5260,4320,2000,602,92,14,21,37,159,599,1772,5655,8828,12274,1,29360
Se03 食道の悪性新生物＜腫瘍＞,2014,6,2014-06-01,0,0,0,0,0,0,0,0,5,4,26,52,106,167,207,162,134,82,29,5,0,0,0,0,0,9,78,273,369,250,0,979
Se04 胃の悪性新生物＜腫瘍＞,2014,6,2014-06-01,0,0,0,1,3,3,9,16,29,48,70,128,323,463,502,612,651,573,292,83,8,0,1,6,25,77,198,786,1114,1607,0,3814
Se05 結腸の悪性新生物＜腫瘍＞,2014,6,2014-06-01,0,0,0,0,1,1,1,9,22,29,55,112,200,273,353,375,456,432,232,93,14,0,0,2,10,51,167,473,728,1227,0,2658
Se06 直腸Ｓ状結腸移行部及び直腸の悪性新生物＜腫瘍＞,2014,6,2014-06-01,0,0,0,0,0,0,0,9,9,11,35,74,135,170,195,183,186,163,67,19,1,0,0,0,9,20,109,305,378,436,1,1258
Se07 肝及び肝内胆管の悪性新生物＜腫瘍＞,2014,6,2014-06-01,0,0,0,0,0,0,0,3,6,16,42,65,186,265,368,467,533,341,111,25,3,0,0,0,3,22,107,451,835,1013,0,2431
Se08 胆のう及びその他の胆道の悪性新生物＜腫瘍＞,2014,6,2014-06-01,0,0,0,0,0,2,0,2,4,4,9,30,64,114,187,233,315,271,167,45,6,0,0,2,2,8,39,178,420,804,0,1453
Se09 膵の悪性新生物＜腫瘍＞,2014,6,2014-06-01,0,0,0,0,0,0,0,4,13,34,47,92,191,331,376,395,448,310,166,43,5,0,0,0,4,47,139,522,771,972,0,2455
Se10 気管，気管支及び肺の悪性新生物＜腫瘍＞,2014,6,2014-06-01,0,0,0,0,0,2,0,5,18,45,89,173,405,732,912,979,1085,891,348,107,14,0,0,2,5,63,262,1137,1891,2445,0,5805
Se11 乳房の悪性新生物＜腫瘍＞,2014,6,2014-06-01,0,0,0,0,0,1,8,15,33,54,67,115,134,131,113,98,107,75,42,11,6,0,0,1,23,87,182,265,211,241,0,1010
Se12 子宮の悪性新生物＜腫瘍＞,2014,6,2014-06-01,0,0,0,0,0,2,4,15,14,36,42,43,55,59,64,58,57,50,28,5,1,0,0,2,19,50,85,114,122,141,0,533
Se13 白血病,2014,6,2014-06-01,0,1,3,5,1,3,8,4,14,14,15,39,54,60,87,115,118,84,36,11,0,1,8,4,12,28,54,114,202,249,0,672
Se14 糖尿病,2014,6,2014-06-01,0,0,0,0,2,0,2,2,4,10,16,32,57,72,114,137,171,162,107,39,7,0,0,2,4,14,48,129,251,486,0,934
Se15 高血圧性疾患,2014,6,2014-06-01,0,0,0,0,0,0,0,3,0,3,9,4,15,15,23,32,67,99,122,62,17,0,0,0,3,3,13,30,55,367,0,471
Se16 心疾患（高血圧性を除く）,2014,6,2014-06-01,5,1,1,5,14,12,24,42,83,107,164,241,449,671,901,1415,2187,2897,2363,1211,254,6,6,26,66,190,405,1120,2316,8912,5,13052
Se17 急性心筋梗塞,2014,6,2014-06-01,0,0,0,1,0,1,1,11,21,25,54,65,133,182,219,356,460,449,279,108,18,0,1,1,12,46,119,315,575,1314,1,2384
Se18 その他の虚血性心疾患,2014,6,2014-06-01,0,0,0,2,3,3,5,6,31,26,39,67,110,202,213,299,372,450,283,93,26,0,2,6,11,57,106,312,512,1224,2,2232
Se19 不整脈及び伝導障害,2014,6,2014-06-01,1,0,0,0,3,6,9,12,13,24,27,43,63,92,129,195,330,406,368,153,31,1,0,9,21,37,70,155,324,1288,1,1906
Se20 心不全,2014,6,2014-06-01,1,0,0,1,4,2,5,7,11,17,27,41,83,112,229,394,765,1250,1158,753,158,1,1,6,12,28,68,195,623,4084,1,5019
Se21 脳血管疾患,2014,6,2014-06-01,0,2,3,0,0,5,17,30,64,92,121,151,252,374,620,986,1570,1843,1445,573,132,2,3,5,47,156,272,626,1606,5563,3,8283
Se22 くも膜下出血,2014,6,2014-06-01,0,0,2,0,0,3,8,16,23,47,53,48,67,88,90,115,159,126,74,26,2,0,2,3,24,70,101,155,205,387,1,948
Se23 脳内出血,2014,6,2014-06-01,0,2,1,0,0,1,9,11,36,38,55,84,124,159,220,345,458,418,249,84,14,2,1,1,20,74,139,283,565,1223,1,2309
Se24 脳梗塞,2014,6,2014-06-01,0,0,0,0,0,1,0,2,2,4,9,16,56,120,294,499,917,1261,1088,445,110,0,0,1,2,6,25,176,793,3821,1,4825
Se25 大動脈瘤及び解離,2014,6,2014-06-01,0,0,0,0,0,0,1,1,5,12,11,32,50,92,101,144,237,216,143,43,4,0,0,0,2,17,43,142,245,643,0,1092
Se26 肺炎,2014,6,2014-06-01,4,1,1,0,1,0,2,3,8,11,27,55,135,239,454,821,1615,2165,1728,717,210,5,1,1,5,19,82,374,1275,6435,1,8198
Se27 慢性閉塞性肺疾患,2014,6,2014-06-01,0,0,0,0,0,0,1,1,1,1,2,2,21,52,96,146,319,351,151,60,9,0,0,0,2,2,4,73,242,890,0,1213
Se28 喘息,2014,6,2014-06-01,0,1,0,0,0,0,0,0,2,1,3,1,3,4,4,7,15,22,10,9,5,1,0,0,0,3,4,7,11,61,0,87
Se29 肝疾患,2014,6,2014-06-01,1,0,0,0,1,1,4,10,22,41,63,71,125,144,149,152,143,142,64,19,1,1,0,2,14,63,134,269,301,369,0,1153
Se30 腎不全,2014,6,2014-06-01,0,1,0,0,0,0,0,1,6,4,6,11,43,70,122,197,310,432,342,147,22,1,0,0,1,10,17,113,319,1253,0,1714
Se31 老衰,2014,6,2014-06-01,0,0,0,0,0,0,0,0,0,0,0,0,0,7,30,104,459,1113,1704,1223,619,0,0,0,0,0,0,7,134,5118,0,5259
Se32 不慮の事故,2014,6,2014-06-01,20,12,11,23,34,29,36,35,42,69,77,81,121,161,205,307,394,410,262,113,18,32,34,63,71,111,158,282,512,1197,1,2461
Se33 交通事故,2014,6,2014-06-01,5,5,5,17,22,12,13,13,20,26,21,25,31,37,38,53,40,28,10,1,0,10,22,34,26,46,46,68,91,79,0,422
Se34 自殺,2014,6,2014-06-01,0,0,6,35,116,116,140,134,186,177,153,168,159,160,150,112,106,56,25,6,3,0,41,232,274,363,321,319,262,196,4,2012
総数,2014,7,2014-07-01,229,45,41,98,185,234,326,470,821,1083,1534,2449,4501,6792,8857,11777,16468,18725,13504,6149,1698,274,139,419,796,1904,3983,11293,20634,56544,37,96023
Se01 結核,2014,7,2014-07-01,0,0,0,0,0,0,0,0,1,0,1,1,6,6,22,20,35,53,36,10,0,0,0,0,0,1,2,12,42,134,0,191
Se02 悪性新生物＜腫瘍＞,2014,7,2014-07-01,15,16,6,9,10,31,72,113,257,386,658,1176,2295,3573,4328,4931,5360,4635,2176,590,92,31,15,41,185,643,1834,5868,9259,12853,5,30734
Se03 食道の悪性新生物＜腫瘍＞,2014,7,2014-07-01,0,0,0,0,0,0,0,0,2,5,30,42,105,152,171,157,127,75,37,12,0,0,0,0,0,7,72,257,328,251,2,917
Se04 胃の悪性新生物＜腫瘍＞,2014,7,2014-07-01,0,0,0,1,1,3,9,15,32,41,67,141,300,454,563,646,675,604,317,70,21,0,1,4,24,73,208,754,1209,1687,0,3960
Se05 結腸の悪性新生物＜腫瘍＞,2014,7,2014-07-01,0,0,0,0,0,1,2,9,18,36,46,109,200,302,316,413,448,483,286,88,18,0,0,1,11,54,155,502,729,1323,0,2775
Se06 直腸Ｓ状結腸移行部及び直腸の悪性新生物＜腫瘍＞,2014,7,2014-07-01,0,0,0,0,0,0,4,8,14,15,45,65,131,178,241,190,169,154,82,21,3,0,0,0,12,29,110,309,431,429,0,1320
Se07 肝及び肝内胆管の悪性新生物＜腫瘍＞,2014,7,2014-07-01,0,0,0,0,0,0,2,2,5,16,33,70,183,275,353,469,487,340,132,29,1,0,0,0,4,21,103,458,822,989,0,2397
Se08 胆のう及びその他の胆道の悪性新生物＜腫瘍＞,2014,7,2014-07-01,0,0,0,0,0,0,0,1,5,6,18,31,90,119,197,272,343,255,143,37,9,0,0,0,1,11,49,209,469,787,0,1526
Se09 膵の悪性新生物＜腫瘍＞,2014,7,2014-07-01,0,0,0,0,0,1,3,4,14,24,49,111,205,344,387,434,454,377,144,47,4,0,0,1,7,38,160,549,821,1026,0,2602
Se10 気管，気管支及び肺の悪性新生物＜腫瘍＞,2014,7,2014-07-01,0,0,0,1,0,3,4,7,28,45,85,214,425,813,976,1019,1158,975,378,86,13,0,1,3,11,73,299,1238,1995,2610,0,6230
Se11 乳房の悪性新生物＜腫瘍＞,2014,7,2014-07-01,0,0,0,0,0,1,7,18,46,59,87,104,144,157,133,103,93,84,59,22,4,0,0,1,25,105,191,301,236,262,1,1122
Se12 子宮の悪性新生物＜腫瘍＞,2014,7,2014-07-01,0,0,0,0,0,3,8,8,23,36,33,41,58,70,50,51,61,54,28,10,1,0,0,3,16,59,74,128,101,154,2,537
Se13 白血病,2014,7,2014-07-01,6,3,3,1,3,5,7,7,10,15,15,33,56,73,120,114,120,79,35,11,1,9,4,8,14,25,48,129,234,246,0,717
Se14 糖尿病,2014,7,2014-07-01,0,0,1,0,1,1,2,3,10,10,18,26,46,72,120,150,173,193,110,40,2,0,1,2,5,20,44,118,270,518,1,979
Se15 高血圧性疾患,2014,7,2014-07-01,0,0,0,0,0,0,0,3,0,3,2,7,17,22,36,32,74,114,115,71,19,0,0,0,3,3,9,39,68,393,0,515
Se16 心疾患（高血圧性を除く）,2014,7,2014-07-01,5,1,0,3,7,10,27,51,91,139,184,289,491,737,913,1420,2213,2964,2423,1199,293,6,3,17,78,230,473,1228,2333,9092,1,13461
Se17 急性心筋梗塞,2014,7,2014-07-01,0,0,0,0,0,0,6,8,31,35,57,89,139,221,241,310,430,489,297,114,14,0,0,0,14,66,146,360,551,1344,1,2482
Se18 その他の虚血性心疾患,2014,7,2014-07-01,0,0,0,1,2,3,4,14,15,35,47,68,127,189,237,295,410,442,267,108,26,0,1,5,18,50,115,316,532,1253,0,2290
Se19 不整脈及び伝導障害,2014,7,2014-07-01,1,0,0,0,1,1,6,11,16,28,32,57,71,118,132,209,342,485,323,166,41,1,0,2,17,44,89,189,341,1357,0,2040
Se20 心不全,2014,7,2014-07-01,0,0,0,1,3,3,3,12,13,23,26,36,96,127,202,419,741,1182,1249,684,189,0,1,6,15,36,62,223,621,4045,0,5009
Se21 脳血管疾患,2014,7,2014-07-01,0,0,3,0,5,6,15,27,66,101,115,165,256,423,596,951,1557,1836,1339,578,125,0,3,11,42,167,280,679,1547,5435,0,8164
Se22 くも膜下出血,2014,7,2014-07-01,0,0,1,0,2,5,9,10,37,48,43,52,54,78,115,124,138,123,63,27,3,0,1,7,19,85,95,132,239,354,0,932
Se23 脳内出血,2014,7,2014-07-01,0,0,2,0,3,1,5,13,26,43,58,84,121,193,205,308,444,450,236,89,15,0,2,4,18,69,142,314,513,1234,0,2296
Se24 脳梗塞,2014,7,2014-07-01,0,0,0,0,0,0,1,3,2,6,12,28,76,140,260,506,939,1226,1002,445,105,0,0,0,4,8,40,216,766,3717,0,4751
Se25 大動脈瘤及び解離,2014,7,2014-07-01,0,0,0,0,0,1,1,2,4,12,17,27,42,80,98,117,196,219,119,29,4,0,0,1,3,16,44,122,215,567,1,969
Se26 肺炎,2014,7,2014-07-01,6,0,0,2,1,2,3,9,11,10,22,48,138,236,476,841,1646,2256,1706,773,187,6,2,3,12,21,70,374,1317,6568,2,8375
Se27 慢性閉塞性肺疾患,2014,7,2014-07-01,0,0,0,0,0,0,0,0,1,1,1,9,26,56,106,186,269,355,153,55,14,0,0,0,0,2,10,82,292,846,0,1232
Se28 喘息,2014,7,2014-07-01,0,0,0,0,0,1,0,1,1,3,3,2,2,3,6,16,18,24,23,7,1,0,0,1,1,4,5,5,22,73,0,111
Se29 肝疾患,2014,7,2014-07-01,1,0,0,0,0,1,4,7,28,41,74,81,130,136,160,160,152,102,59,12,4,1,0,1,11,69,155,266,320,329,3,1155
Se30 腎不全,2014,7,2014-07-01,0,0,0,0,0,0,1,1,3,6,15,18,39,77,118,203,388,433,359,144,23,0,0,0,2,9,33,116,321,1347,0,1828
Se31 老衰,2014,7,2014-07-01,0,0,0,0,0,0,0,0,0,0,0,0,0,2,25,119,484,1199,1771,1323,616,0,0,0,0,0,0,2,144,5393,1,5540
Se32 不慮の事故,2014,7,2014-07-01,18,17,7,32,32,28,37,46,55,64,68,98,141,176,220,289,422,431,263,113,19,35,39,60,83,119,166,317,509,1248,3,2579
Se33 交通事故,2014,7,2014-07-01,4,3,3,21,20,14,11,18,15,20,19,22,40,43,43,45,52,16,12,0,0,7,24,34,29,35,41,83,88,80,1,422
Se34 自殺,2014,7,2014-07-01,0,0,12,33,95,114,120,139,149,146,146,165,152,199,142,120,100,60,24,6,1,0,45,209,259,295,311,351,262,191,2,1925
総数,2014,8,2014-08-01,239,33,43,121,162,247,285,491,861,1098,1593,2420,4535,6667,9052,12009,16927,18793,14191,6286,1781,272,164,409,776,1959,4013,11202,21061,57978,40,97874
Se01 結核,2014,8,2014-08-01,0,0,0,0,0,0,0,0,0,0,1,1,3,2,13,14,42,44,29,10,2,0,0,0,0,0,2,5,27,127,0,161
Se02 悪性新生物＜腫瘍＞,2014,8,2014-08-01,8,6,8,8,12,28,45,114,264,360,641,1122,2348,3431,4381,5026,5605,4661,2162,638,80,14,16,40,159,624,1763,5779,9407,13146,2,30950
Se03 食道の悪性新生物＜腫瘍＞,2014,8,2014-08-01,0,0,0,0,0,0,0,2,6,7,23,48,120,156,190,174,140,91,33,8,0,0,0,0,2,13,71,276,364,272,0,998
Se04 胃の悪性新生物＜腫瘍＞,2014,8,2014-08-01,0,0,0,1,1,1,6,18,35,38,59,114,313,464,532,689,751,603,335,94,13,0,1,2,24,73,173,777,1221,1796,1,4068
Se05 結腸の悪性新生物＜腫瘍＞,2014,8,2014-08-01,0,0,0,0,1,2,7,10,27,34,54,87,177,295,362,414,496,504,283,101,5,0,0,3,17,61,141,472,776,1389,0,2859
Se06 直腸Ｓ状結腸移行部及び直腸の悪性新生物＜腫瘍＞,2014,8,2014-08-01,0,0,0,0,0,0,3,5,20,21,40,76,149,181,188,195,180,124,65,23,5,0,0,0,8,41,116,330,383,397,0,1275
Se07 肝及び肝内胆管の悪性新生物＜腫瘍＞,2014,8,2014-08-01,2,0,0,0,0,0,0,2,11,16,39,66,182,259,373,471,492,319,126,31,3,2,0,0,2,27,105,441,844,971,0,2392
Se08 胆のう及びその他の胆道の悪性新生物＜腫瘍＞,2014,8,2014-08-01,0,0,0,0,0,0,0,1,1,2,4,21,74,115,183,282,294,328,164,38,8,0,0,0,1,3,25,189,465,832,0,1515
Se09 膵の悪性新生物＜腫瘍＞,2014,8,2014-08-01,0,0,0,0,0,0,2,5,16,29,55,117,221,315,415,433,476,361,179,42,5,0,0,0,7,45,172,536,848,1063,0,2671
Se10 気管，気管支及び肺の悪性新生物＜腫瘍＞,2014,8,2014-08-01,0,0,0,0,1,2,1,1,26,42,90,191,464,741,962,1052,1219,962,381,94,9,0,0,3,2,68,281,1205,2014,2665,0,6238
Se11 乳房の悪性新生物＜腫瘍＞,2014,8,2014-08-01,0,0,0,0,0,2,6,20,35,37,75,111,149,141,136,120,105,88,62,22,4,0,0,2,26,72,186,290,256,281,0,1113
Se12 子宮の悪性新生物＜腫瘍＞,2014,8,2014-08-01,0,0,0,0,0,1,3,12,22,34,43,46,57,60,50,51,62,60,25,4,2,0,0,1,15,56,89,117,101,153,0,532
Se13 白血病,2014,8,2014-08-01,2,3,2,1,3,6,2,7,8,9,14,30,39,78,110,104,107,92,25,6,2,5,3,9,9,17,44,117,214,232,0,650
Se14 糖尿病,2014,8,2014-08-01,0,0,0,0,0,1,1,3,6,14,17,15,65,83,105,162,195,168,120,53,11,0,0,1,4,20,32,148,267,547,0,1019
Se15 高血圧性疾患,2014,8,2014-08-01,0,0,0,0,0,0,1,1,1,1,5,6,12,17,20,32,71,110,120,54,16,0,0,0,2,2,11,29,52,371,0,467
Se16 心疾患（高血圧性を除く）,2014,8,2014-08-01,14,0,2,4,7,8,30,45,111,128,186,283,499,721,981,1397,2272,2906,2600,1195,313,14,6,15,75,239,469,1220,2378,9286,4,13706
Se17 急性心筋梗塞,2014,8,2014-08-01,0,0,0,0,0,0,3,8,31,35,65,85,147,197,266,337,459,469,315,121,24,0,0,0,11,66,150,344,603,1388,3,2565
Se18 その他の虚血性心疾患,2014,8,2014-08-01,0,0,0,0,1,1,7,15,33,35,36,66,133,179,238,315,398,414,308,121,21,0,0,2,22,68,102,312,553,1262,1,2322
Se19 不整脈及び伝導障害,2014,8,2014-08-01,0,0,0,1,3,3,9,11,16,22,33,46,75,111,136,216,337,396,363,155,41,0,1,6,20,38,79,186,352,1292,0,1974
Se20 心不全,2014,8,2014-08-01,1,0,0,1,2,0,7,5,20,20,30,48,102,145,225,387,812,1276,1349,668,212,1,1,2,12,40,78,247,612,4317,0,5310
Se21 脳血管疾患,2014,8,2014-08-01,0,0,0,2,1,5,10,26,73,96,148,174,294,454,632,993,1639,1865,1398,591,159,0,2,6,36,169,322,748,1625,5652,1,8561
Se22 くも膜下出血,2014,8,2014-08-01,0,0,0,2,1,2,5,15,37,40,57,49,70,90,102,101,160,110,66,16,4,0,2,3,20,77,106,160,203,356,0,927
Se23 脳内出血,2014,8,2014-08-01,0,0,0,0,0,2,4,9,29,36,70,82,140,194,228,329,458,440,267,93,11,0,0,2,13,65,152,334,557,1269,1,2393
Se24 脳梗塞,2014,8,2014-08-01,0,0,0,0,0,0,0,0,7,17,13,36,72,155,288,537,986,1287,1033,467,137,0,0,0,0,24,49,227,825,3910,0,5035
Se25 大動脈瘤及び解離,2014,8,2014-08-01,0,0,0,0,0,2,2,2,11,9,16,31,34,79,97,148,228,236,136,50,12,0,0,2,4,20,47,113,245,662,0,1093
Se26 肺炎,2014,8,2014-08-01,4,0,0,1,1,2,1,8,8,12,24,52,132,244,466,910,1636,2285,1806,839,198,4,1,3,9,20,76,376,1376,6764,0,8629
Se27 慢性閉塞性肺疾患,2014,8,2014-08-01,0,0,0,1,0,0,0,0,0,2,0,7,27,39,97,166,315,348,175,44,10,0,1,0,0,2,7,66,263,892,0,1231
Se28 喘息,2014,8,2014-08-01,0,0,0,0,0,1,0,1,1,3,2,2,2,4,5,10,21,23,18,9,1,0,0,1,1,4,4,6,15,72,0,103
Se29 肝疾患,2014,8,2014-08-01,0,0,0,0,0,0,4,13,30,55,76,93,125,121,143,150,167,119,68,17,3,0,0,0,17,85,169,246,293,374,0,1184
Se30 腎不全,2014,8,2014-08-01,0,1,0,0,0,0,1,0,4,3,5,16,44,85,123,169,370,440,366,135,25,1,0,0,1,7,21,129,292,1336,0,1787
Se31 老衰,2014,8,2014-08-01,0,0,0,0,0,0,0,0,0,0,0,0,2,5,26,138,480,1179,1907,1300,615,0,0,0,0,0,0,7,164,5481,0,5652
Se32 不慮の事故,2014,8,2014-08-01,23,14,11,44,38,34,28,49,53,68,82,89,135,185,231,303,425,417,300,82,35,37,55,72,77,121,171,320,534,1259,1,2647
Se33 交通事故,2014,8,2014-08-01,2,5,4,21,19,13,10,20,13,25,22,27,24,36,43,51,49,29,10,1,0,7,25,32,30,38,49,60,94,89,0,424
Se34 自殺,2014,8,2014-08-01,0,0,13,42,81,122,120,153,181,173,178,183,186,179,161,156,104,73,27,10,1,0,55,203,273,354,361,365,317,215,7,2150
総数,2014,9,2014-09-01,224,37,43,113,211,249,303,495,783,1022,1586,2458,4228,6540,9011,12194,16662,19153,14182,6425,1803,261,156,460,798,1805,4044,10768,21205,58225,39,97761
Se01 結核,2014,9,2014-09-01,0,0,0,0,0,0,0,0,1,0,0,0,7,6,14,14,28,43,41,2,2,0,0,0,0,1,0,13,28,116,0,158
Se02 悪性新生物＜腫瘍＞,2014,9,2014-09-01,13,9,8,12,20,30,46,112,246,384,638,1198,2191,3555,4288,5027,5390,4596,2241,645,98,22,20,50,158,630,1836,5746,9315,12970,2,30749
Se03 食道の悪性新生物＜腫瘍＞,2014,9,2014-09-01,0,0,0,0,0,0,0,1,7,12,27,53,96,155,193,155,119,99,36,7,0,0,0,0,1,19,80,251,348,261,0,960
Se04 胃の悪性新生物＜腫瘍＞,2014,9,2014-09-01,0,0,0,0,1,3,7,15,24,28,71,142,263,447,554,655,706,648,310,81,8,0,0,4,22,52,213,710,1209,1753,0,3963
Se05 結腸の悪性新生物＜腫瘍＞,2014,9,2014-09-01,0,0,0,0,2,2,2,11,14,29,50,94,190,279,324,420,435,444,272,99,13,0,0,4,13,43,144,469,744,1263,0,2680
Se06 直腸Ｓ状結腸移行部及び直腸の悪性新生物＜腫瘍＞,2014,9,2014-09-01,0,0,0,0,0,0,1,6,11,22,36,82,133,179,178,227,169,134,78,12,7,0,0,0,7,33,118,312,405,400,0,1275
Se07 肝及び肝内胆管の悪性新生物＜腫瘍＞,2014,9,2014-09-01,1,0,0,0,0,2,0,4,12,14,32,86,156,277,337,457,527,339,150,43,4,1,0,2,4,26,118,433,794,1063,1,2442
Se08 胆のう及びその他の胆道の悪性新生物＜腫瘍＞,2014,9,2014-09-01,0,0,0,0,0,0,1,2,4,6,15,32,75,140,180,272,316,276,157,62,10,0,0,0,3,10,47,215,452,821,0,1548
Se09 膵の悪性新生物＜腫瘍＞,2014,9,2014-09-01,0,0,0,0,0,1,3,3,10,34,40,98,212,357,429,455,460,353,163,39,5,0,0,1,6,44,138,569,884,1020,0,2662
Se10 気管，気管支及び肺の悪性新生物＜腫瘍＞,2014,9,2014-09-01,0,0,0,0,0,0,4,13,27,48,103,196,400,770,941,1114,1153,960,396,93,16,0,0,0,17,75,299,1170,2055,2618,1,6235
Se11 乳房の悪性新生物＜腫瘍＞,2014,9,2014-09-01,0,0,0,0,1,0,2,14,45,64,76,121,143,140,136,108,95,94,57,26,3,0,0,1,16,109,197,283,244,275,0,1125
Se12 子宮の悪性新生物＜腫瘍＞,2014,9,2014-09-01,0,0,0,0,0,2,5,12,22,35,39,45,59,59,59,64,61,61,32,8,2,0,0,2,17,57,84,118,123,164,0,565
Se13 白血病,2014,9,2014-09-01,4,2,1,5,6,6,5,5,12,8,17,36,43,81,115,106,129,89,27,7,2,6,6,12,10,20,53,124,221,254,0,706
Se14 糖尿病,2014,9,2014-09-01,0,0,0,0,0,0,2,3,8,8,23,26,56,79,116,156,209,186,109,45,4,0,0,0,5,16,49,135,272,553,0,1030
Se15 高血圧性疾患,2014,9,2014-09-01,0,0,0,0,0,0,0,2,1,1,9,3,14,17,10,24,47,126,113,81,20,0,0,0,2,2,12,31,34,387,0,468
Se16 心疾患（高血圧性を除く）,2014,9,2014-09-01,5,1,1,11,15,10,24,36,82,102,189,241,449,617,947,1434,2169,2887,2512,1207,280,6,12,25,60,184,430,1066,2381,9055,5,13224
Se17 急性心筋梗塞,2014,9,2014-09-01,0,0,0,1,0,1,4,4,25,34,59,82,132,193,261,340,441,494,316,130,20,0,1,1,8,59,141,325,601,1401,2,2539
Se18 その他の虚血性心疾患,2014,9,2014-09-01,0,0,0,0,2,4,4,15,16,27,54,53,121,144,218,278,361,402,248,104,21,0,0,6,19,43,107,265,496,1136,2,2074
Se19 不整脈及び伝導障害,2014,9,2014-09-01,0,1,0,3,4,1,9,7,15,14,26,44,65,105,144,234,325,466,350,135,21,1,3,5,16,29,70,170,378,1297,0,1969
Se20 心不全,2014,9,2014-09-01,0,0,0,3,1,1,3,8,14,17,21,35,77,111,231,424,770,1197,1317,715,198,0,3,2,11,31,56,188,655,4197,1,5144
Se21 脳血管疾患,2014,9,2014-09-01,0,1,0,2,2,6,6,27,55,71,142,173,269,396,656,1022,1562,1887,1390,578,134,1,2,8,33,126,315,665,1678,5551,2,8381
Se22 くも膜下出血,2014,9,2014-09-01,0,1,0,1,2,3,3,12,30,28,53,54,63,85,81,125,164,132,81,22,2,1,1,5,15,58,107,148,206,401,1,943
Se23 脳内出血,2014,9,2014-09-01,0,0,0,1,0,0,3,12,22,34,77,85,128,156,244,328,442,467,220,83,11,0,1,0,15,56,162,284,572,1223,0,2313
Se24 脳梗塞,2014,9,2014-09-01,0,0,0,0,0,3,0,2,3,7,8,31,72,149,309,541,922,1238,1059,456,119,0,0,3,2,10,39,221,850,3794,1,4920
Se25 大動脈瘤及び解離,2014,9,2014-09-01,0,0,0,0,0,0,4,3,4,9,16,30,52,89,123,155,243,276,151,44,10,0,0,0,7,13,46,141,278,724,0,1209
Se26 肺炎,2014,9,2014-09-01,8,0,0,1,0,2,2,7,5,12,21,56,120,233,495,925,1701,2376,1789,860,191,8,1,2,9,17,77,353,1420,6917,2,8806
Se27 慢性閉塞性肺疾患,2014,9,2014-09-01,0,0,0,0,0,0,1,1,1,0,2,3,12,60,98,172,304,319,196,42,5,0,0,0,2,1,5,72,270,866,0,1216
Se28 喘息,2014,9,2014-09-01,0,1,0,0,0,0,0,0,2,0,2,5,3,5,8,10,8,16,11,11,4,1,0,0,0,2,7,8,18,50,0,86
Se29 肝疾患,2014,9,2014-09-01,2,0,0,0,1,1,9,20,41,48,77,82,132,110,138,160,150,136,44,9,7,2,0,2,29,89,159,242,298,346,0,1167
Se30 腎不全,2014,9,2014-09-01,1,0,0,0,1,0,0,2,5,2,7,21,42,68,113,240,342,496,359,150,21,1,0,1,2,7,28,110,353,1368,0,1870
Se31 老衰,2014,9,2014-09-01,0,0,0,0,0,0,0,0,0,0,0,0,1,9,36,141,536,1261,1998,1400,695,0,0,0,0,0,0,10,177,5890,0,6077
Se32 不慮の事故,2014,9,2014-09-01,14,7,7,24,39,35,49,42,52,62,74,87,133,190,257,288,411,426,247,108,26,21,31,74,91,114,161,323,545,1218,5,2583
Se33 交通事故,2014,9,2014-09-01,2,5,3,16,21,15,20,12,24,16,25,22,38,45,47,57,72,34,11,1,0,7,19,36,32,40,47,83,104,118,0,486
Se34 自殺,2014,9,2014-09-01,0,0,16,43,105,132,114,158,168,164,167,162,159,168,192,160,113,79,31,6,0,0,59,237,272,332,329,327,352,229,2,2139
総数,2014,10,2014-10-01,223,37,46,98,197,240,344,467,824,1189,1652,2395,4681,6988,9405,12731,18005,20483,15530,6804,1896,260,144,437,811,2013,4047,11669,22136,62718,47,104282
Se01 結核,2014,10,2014-10-01,0,0,0,0,0,0,0,0,0,0,2,7,5,3,11,16,38,52,35,7,0,0,0,0,0,0,9,8,27,132,1,177
Se02 悪性新生物＜腫瘍＞,2014,10,2014-10-01,10,8,14,8,18,31,77,99,231,411,682,1134,2338,3580,4387,5064,5690,4640,2375,642,86,18,22,49,176,642,1816,5918,9451,13433,5,31530
Se03 食道の悪性新生物＜腫瘍＞,2014,10,2014-10-01,0,0,0,0,0,0,0,0,6,6,23,51,108,154,223,168,145,63,33,5,1,0,0,0,0,12,74,262,391,247,0,986
Se04 胃の悪性新生物＜腫瘍＞,2014,10,2014-10-01,0,0,0,0,2,7,10,7,22,40,66,132,295,458,562,716,739,650,312,84,13,0,0,9,17,62,198,753,1278,1798,1,4116
Se05 結腸の悪性新生物＜腫瘍＞,2014,10,2014-10-01,0,0,0,1,0,1,6,9,28,41,61,105,214,289,364,428,474,464,320,92,14,0,1,1,15,69,166,503,792,1364,1,2912
Se06 直腸Ｓ状結腸移行部及び直腸の悪性新生物＜腫瘍＞,2014,10,2014-10-01,0,0,0,0,0,0,2,5,16,28,40,67,152,186,189,193,190,160,70,19,3,0,0,0,7,44,107,338,382,442,1,1321
Se07 肝及び肝内胆管の悪性新生物＜腫瘍＞,2014,10,2014-10-01,0,0,0,1,0,0,1,3,5,28,28,80,171,285,357,494,536,354,145,47,5,0,1,0,4,33,108,456,851,1087,1,2541
Se08 胆のう及びその他の胆道の悪性新生物＜腫瘍＞,2014,10,2014-10-01,0,0,0,0,1,0,1,1,4,8,18,23,70,125,180,252,337,321,177,45,8,0,0,1,2,12,41,195,432,888,0,1571
Se09 膵の悪性新生物＜腫瘍＞,2014,10,2014-10-01,0,0,0,0,0,0,2,6,12,31,63,100,217,354,423,422,465,366,167,44,5,0,0,0,8,43,163,571,845,1047,0,2677
Se10 気管，気管支及び肺の悪性新生物＜腫瘍＞,2014,10,2014-10-01,0,0,0,0,0,0,2,10,18,41,98,182,440,774,963,1067,1216,919,425,97,8,0,0,0,12,59,280,1214,2030,2665,0,6260
Se11 乳房の悪性新生物＜腫瘍＞,2014,10,2014-10-01,0,0,0,0,0,2,3,23,38,67,84,96,139,148,130,127,107,93,59,29,7,0,0,2,26,105,180,287,257,295,0,1152
Se12 子宮の悪性新生物＜腫瘍＞,2014,10,2014-10-01,0,0,0,0,1,3,9,9,28,35,29,51,62,56,61,65,61,47,35,10,1,0,0,4,18,63,80,118,126,154,1,564
Se13 白血病,2014,10,2014-10-01,5,3,4,2,5,7,8,6,11,16,24,21,51,99,121,127,122,78,32,10,0,8,6,12,14,27,45,150,248,242,0,752
Se14 糖尿病,2014,10,2014-10-01,0,0,0,0,3,2,1,1,4,13,11,23,44,77,119,156,194,192,135,47,7,0,0,5,2,17,34,121,275,575,1,1030
Se15 高血圧性疾患,2014,10,2014-10-01,0,0,0,0,0,0,0,1,3,4,4,6,12,16,20,46,64,121,125,81,27,0,0,0,1,7,10,28,66,418,0,530
Se16 心疾患（高血圧性を除く）,2014,10,2014-10-01,5,0,0,8,15,13,26,38,98,135,178,246,525,744,1114,1577,2410,3283,2706,1265,314,5,8,28,64,233,424,1269,2691,9978,1,14701
Se17 急性心筋梗塞,2014,10,2014-10-01,0,0,0,0,0,2,3,4,26,45,61,77,156,220,300,392,516,580,401,118,15,0,0,2,7,71,138,376,692,1630,0,2916
Se18 その他の虚血性心疾患,2014,10,2014-10-01,0,0,0,0,3,3,6,6,25,39,49,54,116,187,278,331,412,449,291,121,29,0,0,6,12,64,103,303,609,1302,0,2399
Se19 不整脈及び伝導障害,2014,10,2014-10-01,2,0,0,2,4,3,6,7,13,22,28,45,99,110,147,241,392,533,371,182,34,2,2,7,13,35,73,209,388,1512,1,2242
Se20 心不全,2014,10,2014-10-01,1,0,0,2,2,3,7,8,15,12,22,38,97,155,270,432,819,1326,1361,726,209,1,2,5,15,27,60,252,702,4441,0,5505
Se21 脳血管疾患,2014,10,2014-10-01,2,1,1,2,3,4,9,20,75,99,135,176,313,532,743,1071,1718,2076,1568,586,150,3,3,7,29,174,311,845,1814,6098,1,9285
Se22 くも膜下出血,2014,10,2014-10-01,0,0,1,2,1,2,5,11,34,32,41,55,77,99,101,143,150,156,81,20,4,0,3,3,16,66,96,176,244,411,0,1015
Se23 脳内出血,2014,10,2014-10-01,2,1,0,0,2,2,3,8,38,57,77,88,165,237,272,359,478,508,290,87,21,3,0,4,11,95,165,402,631,1384,1,2696
Se24 脳梗塞,2014,10,2014-10-01,0,0,0,0,0,0,1,1,2,7,13,28,61,179,346,549,1047,1362,1163,467,120,0,0,0,2,9,41,240,895,4159,0,5346
Se25 大動脈瘤及び解離,2014,10,2014-10-01,0,0,0,1,1,0,1,3,9,15,22,42,64,83,123,219,275,323,192,54,5,0,1,1,4,24,64,147,342,849,1,1433
Se26 肺炎,2014,10,2014-10-01,5,3,4,0,3,1,0,6,8,19,20,44,133,248,512,939,1818,2563,2044,907,243,8,4,4,6,27,64,381,1451,7575,1,9521
Se27 慢性閉塞性肺疾患,2014,10,2014-10-01,1,1,0,0,0,0,0,0,1,0,2,4,27,48,113,189,316,357,200,48,7,2,0,0,0,1,6,75,302,928,0,1314
Se28 喘息,2014,10,2014-10-01,0,0,0,0,1,0,1,2,2,3,2,3,6,3,7,5,19,31,21,17,6,0,0,1,3,5,5,9,12,94,0,129
Se29 肝疾患,2014,10,2014-10-01,1,0,0,0,1,0,2,20,35,65,86,94,134,155,148,157,163,140,58,10,2,1,0,1,22,100,180,289,305,373,0,1271
Se30 腎不全,2014,10,2014-10-01,0,0,0,0,0,0,3,3,2,3,13,24,58,76,131,226,375,479,362,142,31,0,0,0,6,5,37,134,357,1389,0,1928
Se31 老衰,2014,10,2014-10-01,0,0,0,0,0,0,0,0,0,0,0,0,2,8,47,171,583,1430,2173,1521,668,0,0,0,0,0,0,10,218,6375,1,6604
Se32 不慮の事故,2014,10,2014-10-01,13,6,7,30,32,22,29,37,54,62,65,80,146,177,268,379,543,517,319,126,36,19,37,54,66,116,145,323,647,1541,3,2951
Se33 交通事故,2014,10,2014-10-01,3,6,4,24,19,14,11,16,28,21,22,18,41,40,56,60,92,30,15,2,1,9,28,33,27,49,40,81,116,140,0,523
Se34 自殺,2014,10,2014-10-01,0,0,6,32,84,126,142,166,182,187,200,174,186,197,160,147,103,74,20,5,1,0,38,210,308,369,374,383,307,203,5,2197
総数,2014,11,2014-11-01,245,26,45,92,182,209,294,449,870,1134,1661,2445,4530,7247,9670,12871,18906,21289,16358,7372,2058,271,137,391,743,2004,4106,11777,22541,65983,43,107996
Se01 結核,2014,11,2014-11-01,0,0,0,0,0,0,0,0,2,0,3,2,3,4,11,18,24,56,28,11,2,0,0,0,0,2,5,7,29,121,0,164
Se02 悪性新生物＜腫瘍＞,2014,11,2014-11-01,7,7,7,15,16,16,53,115,250,374,668,1114,2190,3537,4354,4774,5624,4530,2321,605,109,14,22,32,168,624,1782,5727,9128,13189,3,30689
Se03 食道の悪性新生物＜腫瘍＞,2014,11,2014-11-01,0,0,0,0,0,0,1,0,3,8,26,56,114,173,164,168,132,94,50,5,3,0,0,0,1,11,82,287,332,284,0,997
Se04 胃の悪性新生物＜腫瘍＞,2014,11,2014-11-01,0,0,0,0,3,0,10,18,27,44,64,131,250,478,602,637,737,606,336,76,9,0,0,3,28,71,195,728,1239,1764,0,4028
Se05 結腸の悪性新生物＜腫瘍＞,2014,11,2014-11-01,0,0,0,0,1,2,1,7,20,31,42,87,172,269,377,420,478,485,286,81,13,0,0,3,8,51,129,441,797,1343,0,2772
Se06 直腸Ｓ状結腸移行部及び直腸の悪性新生物＜腫瘍＞,2014,11,2014-11-01,0,0,0,0,0,0,3,5,11,27,38,69,152,187,183,189,207,132,69,20,6,0,0,0,8,38,107,339,372,434,0,1298
Se07 肝及び肝内胆管の悪性新生物＜腫瘍＞,2014,11,2014-11-01,0,0,1,0,0,0,1,0,9,9,38,69,149,268,336,435,552,311,142,28,4,0,1,0,1,18,107,417,771,1037,0,2352
Se08 胆のう及びその他の胆道の悪性新生物＜腫瘍＞,2014,11,2014-11-01,0,0,0,0,0,0,0,1,1,2,16,42,80,132,190,212,323,298,180,42,13,0,0,0,1,3,58,212,402,856,0,1532
Se09 膵の悪性新生物＜腫瘍＞,2014,11,2014-11-01,0,0,0,1,0,0,1,3,17,30,49,103,198,378,404,459,492,404,194,49,11,0,1,0,4,47,152,576,863,1150,1,2794
Se10 気管，気管支及び肺の悪性新生物＜腫瘍＞,2014,11,2014-11-01,0,0,0,0,2,2,4,5,27,48,90,154,448,733,997,1037,1156,861,356,108,13,0,0,4,9,75,244,1181,2034,2494,1,6042
Se11 乳房の悪性新生物＜腫瘍＞,2014,11,2014-11-01,0,0,0,0,0,2,5,21,33,51,103,115,123,161,115,92,104,104,68,20,7,0,0,2,26,84,218,284,207,303,0,1124
Se12 子宮の悪性新生物＜腫瘍＞,2014,11,2014-11-01,0,0,0,0,0,2,2,10,22,35,46,49,53,63,68,50,66,55,29,7,1,0,0,2,12,57,95,116,118,158,0,558
Se13 白血病,2014,11,2014-11-01,0,3,2,5,6,1,4,6,8,10,18,21,45,67,104,117,116,67,34,7,1,3,7,7,10,18,39,112,221,225,0,642
Se14 糖尿病,2014,11,2014-11-01,0,0,0,0,0,0,1,1,8,11,20,26,51,109,91,173,214,213,146,37,3,0,0,0,2,19,46,160,264,613,0,1104
Se15 高血圧性疾患,2014,11,2014-11-01,0,0,0,0,0,0,1,1,1,4,5,4,11,22,20,45,77,126,124,78,34,0,0,0,2,5,9,33,65,439,0,553
Se16 心疾患（高血圧性を除く）,2014,11,2014-11-01,8,1,3,5,10,9,14,36,90,145,183,280,582,843,1154,1731,2872,3679,3019,1513,355,9,8,19,50,235,463,1425,2885,11438,3,16535
Se17 急性心筋梗塞,2014,11,2014-11-01,0,0,0,1,0,1,2,13,26,37,58,81,160,255,300,405,629,620,425,157,23,0,1,1,15,63,139,415,705,1854,0,3193
Se18 その他の虚血性心疾患,2014,11,2014-11-01,0,0,0,0,0,2,2,4,25,36,43,62,176,191,295,354,511,576,366,159,32,0,0,2,6,61,105,367,649,1644,1,2835
Se19 不整脈及び伝導障害,2014,11,2014-11-01,0,0,2,1,2,1,4,9,14,22,31,45,94,143,169,304,471,565,437,204,36,0,3,3,13,36,76,237,473,1713,0,2554
Se20 心不全,2014,11,2014-11-01,1,0,0,0,4,1,3,8,12,37,32,51,90,155,263,482,944,1487,1459,848,237,1,0,5,11,49,83,245,745,4975,2,6116
Se21 脳血管疾患,2014,11,2014-11-01,1,2,0,1,8,5,7,26,77,88,162,181,321,568,767,1096,1826,2128,1677,664,146,3,1,13,33,165,343,889,1863,6441,1,9752
Se22 くも膜下出血,2014,11,2014-11-01,1,2,0,0,5,2,4,12,43,38,61,46,88,102,120,132,172,133,90,21,3,3,0,7,16,81,107,190,252,419,0,1075
Se23 脳内出血,2014,11,2014-11-01,0,0,0,0,3,2,3,13,28,46,80,96,157,245,281,388,539,505,291,87,14,0,0,5,16,74,176,402,669,1436,1,2779
Se24 脳梗塞,2014,11,2014-11-01,0,0,0,1,0,1,0,0,4,3,14,33,68,199,342,546,1071,1435,1260,537,123,0,1,1,0,7,47,267,888,4426,0,5637
Se25 大動脈瘤及び解離,2014,11,2014-11-01,0,0,0,0,1,1,1,5,11,17,23,39,68,125,170,235,327,317,180,53,12,0,0,2,6,28,62,193,405,889,0,1585
Se26 肺炎,2014,11,2014-11-01,8,1,4,0,3,5,1,9,12,15,31,63,131,272,550,1036,1947,2719,2161,1017,245,9,4,8,10,27,94,403,1586,8089,1,10231
Se27 慢性閉塞性肺疾患,2014,11,2014-11-01,0,0,0,0,0,0,0,0,0,1,2,6,24,59,121,197,320,326,199,61,4,0,0,0,0,1,8,83,318,910,0,1320
Se28 喘息,2014,11,2014-11-01,0,0,0,0,0,0,2,0,3,2,3,4,8,3,8,11,27,22,27,5,7,0,0,0,2,5,7,11,19,88,0,132
Se29 肝疾患,2014,11,2014-11-01,1,0,0,0,1,2,5,10,42,60,78,89,146,152,161,165,167,128,48,24,3,1,0,3,15,102,167,298,326,370,0,1282
Se30 腎不全,2014,11,2014-11-01,1,0,0,0,0,1,0,4,5,4,16,21,42,90,154,219,428,551,431,195,32,1,0,1,4,9,37,132,373,1637,0,2194
Se31 老衰,2014,11,2014-11-01,0,0,0,0,0,0,0,0,0,0,0,0,3,12,34,157,553,1414,2290,1579,740,0,0,0,0,0,0,15,191,6576,0,6782
Se32 不慮の事故,2014,11,2014-11-01,14,4,8,20,29,26,28,30,35,60,61,110,138,231,320,489,623,602,393,131,20,18,28,55,58,95,171,369,809,1769,4,3376
Se33 交通事故,2014,11,2014-11-01,3,4,2,15,21,11,15,9,15,19,18,31,35,52,59,77,71,42,10,2,0,7,17,32,24,34,49,87,136,125,0,511
Se34 自殺,2014,11,2014-11-01,0,0,4,30,84,112,126,142,172,173,161,152,163,187,161,126,107,61,32,9,0,0,34,196,268,345,313,350,287,209,9,2011
総数,2014,12,2014-12-01,301,37,49,102,177,207,284,494,924,1274,1802,2830,5163,8288,11068,15208,21445,24854,18763,8292,2384,338,151,384,778,2198,4632,13451,26276,75738,64,124010
Se01 結核,2014,12,2014-12-01,0,0,0,0,0,0,0,0,2,1,1,2,9,11,9,25,44,52,35,12,2,0,0,0,0,3,3,20,34,145,0,205
Se02 悪性新生物＜腫瘍＞,2014,12,2014-12-01,11,10,9,14,8,27,44,116,239,412,652,1191,2312,3749,4527,5208,5730,4867,2397,695,119,21,23,35,160,651,1843,6061,9735,13808,0,32337
Se03 食道の悪性新生物＜腫瘍＞,2014,12,2014-12-01,0,0,0,0,0,0,1,0,1,14,25,57,90,159,194,170,142,77,40,9,2,0,0,0,1,15,82,249,364,270,0,981
Se04 胃の悪性新生物＜腫瘍＞,2014,12,2014-12-01,0,0,1,0,0,6,6,13,28,38,69,119,282,491,568,711,735,634,347,83,15,0,1,6,19,66,188,773,1279,1814,0,4146
Se05 結腸の悪性新生物＜腫瘍＞,2014,12,2014-12-01,0,0,0,0,2,1,1,9,17,23,49,106,193,313,387,441,497,498,280,107,15,0,0,3,10,40,155,506,828,1397,0,2939
Se06 直腸Ｓ状結腸移行部及び直腸の悪性新生物＜腫瘍＞,2014,12,2014-12-01,0,0,0,0,0,1,1,4,9,21,40,67,144,196,200,199,162,144,86,27,5,0,0,1,5,30,107,340,399,424,0,1306
Se07 肝及び肝内胆管の悪性新生物＜腫瘍＞,2014,12,2014-12-01,2,0,0,0,0,1,0,5,10,20,37,68,172,290,390,483,534,365,166,32,4,2,0,1,5,30,105,462,873,1101,0,2579
Se08 胆のう及びその他の胆道の悪性新生物＜腫瘍＞,2014,12,2014-12-01,0,0,0,0,0,1,1,2,5,7,14,23,74,98,181,247,342,309,143,61,11,0,0,1,3,12,37,172,428,866,0,1519
Se09 膵の悪性新生物＜腫瘍＞,2014,12,2014-12-01,0,0,0,0,0,0,1,3,15,43,53,113,213,392,402,497,481,358,181,55,8,0,0,0,4,58,166,605,899,1083,0,2815
Se10 気管，気管支及び肺の悪性新生物＜腫瘍＞,2014,12,2014-12-01,0,0,0,0,0,2,1,9,32,55,75,195,447,830,984,1074,1267,967,429,95,16,0,0,2,10,87,270,1277,2058,2774,0,6478
Se11 乳房の悪性新生物＜腫瘍＞,2014,12,2014-12-01,0,0,0,1,0,0,4,19,27,68,82,120,167,163,136,96,103,108,66,22,8,0,1,0,23,95,202,330,232,307,0,1190
Se12 子宮の悪性新生物＜腫瘍＞,2014,12,2014-12-01,0,0,0,0,0,1,5,12,22,30,52,53,53,55,65,59,59,52,29,10,3,0,0,1,17,52,105,108,124,153,0,560
Se13 白血病,2014,12,2014-12-01,5,1,4,2,3,6,2,6,11,16,17,31,57,79,110,110,130,98,28,8,0,6,6,9,8,27,48,136,220,264,0,724
Se14 糖尿病,2014,12,2014-12-01,0,0,0,0,1,0,1,6,13,14,20,49,71,151,134,208,248,257,158,41,6,0,0,1,7,27,69,222,342,710,0,1378
Se15 高血圧性疾患,2014,12,2014-12-01,0,0,0,0,0,0,0,0,2,3,7,10,14,22,43,75,104,172,180,90,33,0,0,0,0,5,17,36,118,579,0,755
Se16 心疾患（高血圧性を除く）,2014,12,2014-12-01,9,1,6,3,6,12,26,48,142,160,264,402,780,1186,1685,2374,3749,4677,3727,1664,419,10,9,18,74,302,666,1966,4059,14236,4,21344
Se17 急性心筋梗塞,2014,12,2014-12-01,0,0,0,0,0,1,3,8,37,47,88,132,234,356,446,553,841,873,567,191,27,0,0,1,11,84,220,590,999,2499,1,4405
Se18 その他の虚血性心疾患,2014,12,2014-12-01,0,0,1,2,3,1,8,10,36,43,71,111,240,365,440,584,797,798,521,173,28,0,3,4,18,79,182,605,1024,2317,1,4233
Se19 不整脈及び伝導障害,2014,12,2014-12-01,1,0,1,0,3,6,7,13,26,29,34,58,132,193,266,387,618,785,550,228,55,1,1,9,20,55,92,325,653,2236,1,3393
Se20 心不全,2014,12,2014-12-01,3,1,1,0,0,2,4,10,24,28,42,62,109,182,372,599,1145,1718,1689,917,277,4,1,2,14,52,104,291,971,5746,1,7186
Se21 脳血管疾患,2014,12,2014-12-01,2,2,3,4,4,4,10,31,74,124,157,247,390,605,887,1346,2111,2431,1902,737,182,4,7,8,41,198,404,995,2233,7363,3,11256
Se22 くも膜下出血,2014,12,2014-12-01,2,0,2,2,1,2,3,15,36,51,59,75,99,117,143,166,201,184,111,21,7,2,4,3,18,87,134,216,309,524,0,1297
Se23 脳内出血,2014,12,2014-12-01,0,2,1,2,2,2,4,11,35,60,85,137,188,282,364,445,635,577,378,99,21,2,3,4,15,95,222,470,809,1710,1,3331
Se24 脳梗塞,2014,12,2014-12-01,0,0,0,0,1,0,2,1,3,10,9,30,90,179,352,686,1207,1602,1367,598,146,0,0,1,3,13,39,269,1038,4920,2,6285
Se25 大動脈瘤及び解離,2014,12,2014-12-01,0,0,0,0,0,3,1,2,7,25,28,51,79,135,188,243,357,368,207,57,9,0,0,3,3,32,79,214,431,998,1,1761
Se26 肺炎,2014,12,2014-12-01,14,1,2,0,3,2,3,4,20,29,38,49,158,349,628,1191,2150,3082,2507,1105,318,15,2,5,7,49,87,507,1819,9162,4,11657
Se27 慢性閉塞性肺疾患,2014,12,2014-12-01,0,0,0,0,0,0,0,0,1,1,3,16,23,56,147,235,402,449,223,63,9,0,0,0,0,2,19,79,382,1146,0,1628
Se28 喘息,2014,12,2014-12-01,1,0,1,0,0,1,0,1,0,4,1,4,3,5,9,18,24,19,36,25,5,1,1,1,1,4,5,8,27,109,0,157
Se29 肝疾患,2014,12,2014-12-01,0,0,0,0,1,2,4,16,38,64,97,118,135,193,231,212,207,159,74,16,2,0,0,3,20,102,215,328,443,458,0,1569
Se30 腎不全,2014,12,2014-12-01,1,0,0,0,0,0,2,3,3,7,16,19,62,94,153,280,472,609,477,197,40,1,0,0,5,10,35,156,433,1795,0,2435
Se31 老衰,2014,12,2014-12-01,0,0,0,0,0,0,0,0,0,0,0,0,4,18,41,183,652,1678,2442,1815,803,0,0,0,0,0,0,22,224,7390,0,7636
Se32 不慮の事故,2014,12,2014-12-01,11,1,4,23,38,31,29,55,59,84,82,119,197,336,449,618,826,834,484,190,39,12,27,69,84,143,201,533,1067,2373,4,4513
Se33 交通事故,2014,12,2014-12-01,0,1,3,16,21,20,9,14,16,29,22,35,44,57,62,70,75,62,12,3,0,1,19,41,23,45,57,101,132,152,0,571
Se34 自殺,2014,12,2014-12-01,0,0,5,32,81,91,112,132,154,160,164,147,134,175,153,99,106,48,22,6,0,0,37,172,244,314,311,309,252,182,17,1838
総数,2015,1,2015-01-01,218,34,40,99,153,211,343,517,922,1269,1880,2774,5223,8236,11529,15827,23373,27000,20707,9333,2586,252,139,364,860,2191,4654,13459,27356,82999,17,132291
Se01 結核,2015,1,2015-01-01,0,0,0,0,0,0,0,0,1,1,1,0,3,6,10,19,41,51,40,14,2,0,0,0,0,2,1,9,29,148,0,189
Se02 悪性新生物＜腫瘍＞,2015,1,2015-01-01,4,6,10,9,12,24,56,104,232,432,648,1150,2226,3630,4646,5065,5801,4907,2470,656,95,10,19,36,160,664,1798,5856,9711,13929,0,32183
Se03 食道の悪性新生物＜腫瘍＞,2015,1,2015-01-01,0,0,0,0,0,0,0,4,7,13,29,52,108,160,190,170,136,97,36,8,0,0,0,0,4,20,81,268,360,277,0,1010
Se04 胃の悪性新生物＜腫瘍＞,2015,1,2015-01-01,0,0,0,0,0,2,3,16,21,46,81,126,259,484,609,692,759,645,325,96,6,0,0,2,19,67,207,743,1301,1831,0,4170
Se05 結腸の悪性新生物＜腫瘍＞,2015,1,2015-01-01,0,0,0,0,0,3,3,6,17,34,65,111,170,256,393,375,514,495,321,110,14,0,0,3,9,51,176,426,768,1454,0,2887
Se06 直腸Ｓ状結腸移行部及び直腸の悪性新生物＜腫瘍＞,2015,1,2015-01-01,0,0,0,0,0,1,1,5,9,27,40,62,136,198,196,188,175,165,77,23,4,0,0,1,6,36,102,334,384,444,0,1307
Se07 肝及び肝内胆管の悪性新生物＜腫瘍＞,2015,1,2015-01-01,0,0,0,1,0,0,0,2,8,13,29,76,177,281,385,463,572,367,148,39,6,0,1,0,2,21,105,458,848,1132,0,2567
Se08 胆のう及びその他の胆道の悪性新生物＜腫瘍＞,2015,1,2015-01-01,1,0,0,0,0,0,0,1,4,11,9,28,94,119,209,240,319,295,173,51,9,1,0,0,1,15,37,213,449,847,0,1563
Se09 膵の悪性新生物＜腫瘍＞,2015,1,2015-01-01,0,0,0,0,0,0,2,2,14,30,56,99,211,391,412,455,473,390,171,32,7,0,0,0,4,44,155,602,867,1073,0,2745
Se10 気管，気管支及び肺の悪性新生物＜腫瘍＞,2015,1,2015-01-01,0,0,0,0,0,1,2,4,18,53,88,204,404,769,1031,1140,1235,975,465,117,11,0,0,1,6,71,292,1173,2171,2803,0,6517
Se11 乳房の悪性新生物＜腫瘍＞,2015,1,2015-01-01,0,0,0,0,0,0,6,16,35,62,81,79,143,163,162,112,129,111,68,18,4,0,0,0,22,97,160,306,274,330,0,1189
Se12 子宮の悪性新生物＜腫瘍＞,2015,1,2015-01-01,0,0,0,0,1,2,8,14,20,26,26,49,51,62,64,48,61,51,41,9,2,0,0,3,22,46,75,113,112,164,0,535
Se13 白血病,2015,1,2015-01-01,3,2,4,3,7,3,7,5,13,14,12,24,52,75,109,129,124,96,41,3,1,5,7,10,12,27,36,127,238,265,0,727
Se14 糖尿病,2015,1,2015-01-01,0,0,0,1,0,0,1,7,10,18,16,39,69,125,162,204,254,262,174,54,7,0,1,0,8,28,55,194,366,751,0,1403
Se15 高血圧性疾患,2015,1,2015-01-01,0,0,0,0,0,1,2,1,6,3,2,7,17,33,52,63,114,174,179,95,49,0,0,1,3,9,9,50,115,611,0,798
Se16 心疾患（高血圧性を除く）,2015,1,2015-01-01,11,4,3,6,5,17,29,60,127,200,317,405,790,1224,1707,2658,4194,5247,4138,1832,463,15,9,22,89,327,722,2014,4365,15874,1,23438
Se17 急性心筋梗塞,2015,1,2015-01-01,0,0,0,0,0,3,7,18,31,66,108,121,224,366,475,626,927,1004,598,214,23,0,0,3,25,97,229,590,1101,2766,1,4812
Se18 その他の虚血性心疾患,2015,1,2015-01-01,0,0,0,1,0,1,5,15,35,38,70,108,217,289,456,639,899,818,562,211,30,0,1,1,20,73,178,506,1095,2520,0,4394
Se19 不整脈及び伝導障害,2015,1,2015-01-01,0,2,0,1,3,3,3,6,29,49,55,64,141,186,267,450,698,858,643,250,64,2,1,6,9,78,119,327,717,2513,0,3772
Se20 心不全,2015,1,2015-01-01,1,0,0,1,2,3,5,11,13,23,49,66,139,259,366,684,1262,1984,1872,972,304,1,1,5,16,36,115,398,1050,6394,0,8016
Se21 脳血管疾患,2015,1,2015-01-01,2,1,0,3,2,5,17,32,81,106,185,232,390,621,868,1386,2143,2580,1965,859,199,3,3,7,49,187,417,1011,2254,7746,1,11678
Se22 くも膜下出血,2015,1,2015-01-01,0,0,0,2,1,0,11,15,42,47,74,67,79,116,128,147,194,182,100,29,3,0,2,1,26,89,141,195,275,508,0,1237
Se23 脳内出血,2015,1,2015-01-01,0,1,0,0,1,4,5,13,33,48,87,123,213,289,347,485,659,624,348,105,19,1,0,5,18,81,210,502,832,1755,0,3404
Se24 脳梗塞,2015,1,2015-01-01,1,0,0,1,0,1,0,2,3,10,16,38,85,191,370,700,1228,1701,1464,706,173,1,1,1,2,13,54,276,1070,5272,1,6691
Se25 大動脈瘤及び解離,2015,1,2015-01-01,0,0,0,0,0,1,0,4,13,16,30,42,81,123,170,244,335,429,207,78,10,0,0,1,4,29,72,204,414,1059,0,1783
Se26 肺炎,2015,1,2015-01-01,5,1,1,0,2,0,4,6,14,17,48,99,226,367,790,1409,2798,3763,3201,1392,352,6,1,2,10,31,147,593,2199,11506,0,14495
Se27 慢性閉塞性肺疾患,2015,1,2015-01-01,0,0,0,0,0,0,0,2,0,1,2,7,33,62,153,238,443,418,251,76,10,0,0,0,2,1,9,95,391,1198,0,1696
Se28 喘息,2015,1,2015-01-01,0,0,0,0,0,0,1,1,1,8,1,1,6,7,8,17,37,40,46,15,3,0,0,0,2,9,2,13,25,141,0,192
Se29 肝疾患,2015,1,2015-01-01,0,0,0,0,1,1,5,14,40,60,95,116,161,198,209,187,217,148,78,16,1,0,0,2,19,100,211,359,396,460,0,1547
Se30 腎不全,2015,1,2015-01-01,1,0,0,0,0,1,0,4,4,7,13,18,51,103,165,260,559,643,535,220,29,1,0,1,4,11,31,154,425,1986,0,2613
Se31 老衰,2015,1,2015-01-01,0,0,0,0,0,0,0,0,0,0,0,0,0,17,52,179,713,1742,2614,1942,886,0,0,0,0,0,0,17,231,7897,0,8145
Se32 不慮の事故,2015,1,2015-01-01,18,6,3,18,21,21,37,49,63,67,91,113,181,300,425,667,905,874,532,223,28,24,21,42,86,130,204,481,1092,2562,5,4647
Se33 交通事故,2015,1,2015-01-01,4,1,1,14,12,12,12,20,23,17,21,16,34,40,48,63,73,35,16,2,0,5,15,24,32,40,37,74,111,126,1,465
Se34 自殺,2015,1,2015-01-01,0,0,8,37,83,105,125,150,173,149,177,146,155,150,137,119,86,44,24,3,2,0,45,188,275,322,323,305,256,159,1,1874
総数,2015,2,2015-02-01,217,39,47,95,174,183,259,406,776,1073,1583,2429,4374,7050,9617,13138,19250,22084,17119,7977,2221,256,142,357,665,1849,4012,11424,22755,68651,29,110140
Se01 結核,2015,2,2015-02-01,0,0,0,0,0,0,0,0,0,0,0,2,3,5,12,17,24,57,41,11,1,0,0,0,0,0,2,8,29,134,0,173
Se02 悪性新生物＜腫瘍＞,2015,2,2015-02-01,3,8,10,9,10,21,54,94,198,339,604,1095,1995,3265,4040,4448,5091,4183,2151,606,96,11,19,31,148,537,1699,5260,8488,12127,3,28323
Se03 食道の悪性新生物＜腫瘍＞,2015,2,2015-02-01,0,0,0,0,0,0,1,0,1,6,22,43,76,160,185,154,138,76,30,5,0,0,0,0,1,7,65,236,339,249,0,897
Se04 胃の悪性新生物＜腫瘍＞,2015,2,2015-02-01,0,0,0,0,0,1,9,12,23,34,54,136,229,440,518,562,653,556,292,72,10,0,0,1,21,57,190,669,1080,1583,0,3601
Se05 結腸の悪性新生物＜腫瘍＞,2015,2,2015-02-01,0,0,0,0,0,2,4,10,15,21,51,104,153,266,316,400,468,439,281,90,14,0,0,2,14,36,155,419,716,1292,0,2634
Se06 直腸Ｓ状結腸移行部及び直腸の悪性新生物＜腫瘍＞,2015,2,2015-02-01,0,0,1,0,0,1,1,2,9,23,34,58,132,157,172,167,177,120,65,26,1,0,1,1,3,32,92,289,339,389,0,1146
Se07 肝及び肝内胆管の悪性新生物＜腫瘍＞,2015,2,2015-02-01,0,0,0,0,0,0,0,5,10,8,38,65,116,248,329,405,474,352,142,26,4,0,0,0,5,18,103,364,734,998,0,2222
Se08 胆のう及びその他の胆道の悪性新生物＜腫瘍＞,2015,2,2015-02-01,0,0,0,0,0,0,0,2,2,8,11,30,54,115,162,212,281,292,154,46,5,0,0,0,2,10,41,169,374,778,0,1374
Se09 膵の悪性新生物＜腫瘍＞,2015,2,2015-02-01,0,0,0,0,0,0,1,3,16,19,44,84,215,324,396,420,434,334,157,31,5,0,0,0,4,35,128,539,816,961,0,2483
Se10 気管，気管支及び肺の悪性新生物＜腫瘍＞,2015,2,2015-02-01,0,0,0,0,0,0,2,6,11,38,77,189,385,673,927,919,1041,814,364,106,17,0,0,0,8,49,266,1058,1846,2342,1,5570
Se11 乳房の悪性新生物＜腫瘍＞,2015,2,2015-02-01,0,0,0,0,0,1,7,17,33,67,78,116,133,149,130,107,90,87,53,22,2,0,0,1,24,100,194,282,237,254,0,1092
Se12 子宮の悪性新生物＜腫瘍＞,2015,2,2015-02-01,0,0,0,0,0,1,3,8,18,36,44,34,61,56,58,48,57,47,27,8,3,0,0,1,11,54,78,117,106,142,0,509
Se13 白血病,2015,2,2015-02-01,1,2,1,4,5,2,3,3,13,9,25,24,51,71,96,118,123,82,37,7,0,3,5,7,6,22,49,122,214,249,0,677
Se14 糖尿病,2015,2,2015-02-01,0,0,0,0,0,1,0,3,14,15,19,24,73,101,126,169,235,228,141,44,8,0,0,1,3,29,43,174,295,656,0,1201
Se15 高血圧性疾患,2015,2,2015-02-01,0,0,0,0,0,0,0,2,1,6,2,2,13,33,34,54,106,141,160,92,32,0,0,0,2,7,4,46,88,531,0,678
Se16 心疾患（高血圧性を除く）,2015,2,2015-02-01,6,1,4,6,6,13,14,40,85,162,207,320,560,969,1373,2062,3293,4157,3394,1588,401,7,10,19,54,247,527,1529,3435,12833,4,18665
Se17 急性心筋梗塞,2015,2,2015-02-01,0,0,1,0,0,0,2,9,19,41,66,96,163,258,371,515,753,741,433,153,24,0,1,0,11,60,162,421,886,2104,1,3646
Se18 その他の虚血性心疾患,2015,2,2015-02-01,1,0,0,1,0,2,5,10,22,42,49,86,158,256,368,493,682,711,440,152,38,1,1,2,15,64,135,414,861,2023,0,3516
Se19 不整脈及び伝導障害,2015,2,2015-02-01,1,0,0,3,1,5,6,7,13,38,32,52,82,163,218,346,498,675,528,229,43,1,3,6,13,51,84,245,564,1973,0,2940
Se20 心不全,2015,2,2015-02-01,0,0,0,0,4,1,0,9,13,22,30,55,99,208,282,514,1000,1560,1638,887,259,0,0,5,9,35,85,307,796,5344,2,6583
Se21 脳血管疾患,2015,2,2015-02-01,0,0,1,2,2,2,7,27,80,110,128,196,349,496,750,1153,1869,2186,1599,751,150,0,3,4,34,190,324,845,1903,6555,2,9860
Se22 くも膜下出血,2015,2,2015-02-01,0,0,1,1,2,2,1,16,37,39,42,58,89,102,128,139,194,156,65,30,4,0,2,4,17,76,100,191,267,449,0,1106
Se23 脳内出血,2015,2,2015-02-01,0,0,0,0,0,0,4,10,38,54,69,102,175,213,276,376,568,523,294,90,27,0,0,0,14,92,171,388,652,1502,1,2820
Se24 脳梗塞,2015,2,2015-02-01,0,0,0,0,0,0,1,0,3,11,14,30,77,164,327,596,1049,1452,1192,606,113,0,0,0,1,14,44,241,923,4412,1,5636
Se25 大動脈瘤及び解離,2015,2,2015-02-01,0,0,0,2,0,1,1,4,14,17,22,35,66,137,141,208,299,347,182,50,8,0,2,1,5,31,57,203,349,886,0,1534
Se26 肺炎,2015,2,2015-02-01,4,4,1,1,1,4,5,10,12,22,35,66,153,321,542,1116,2116,2895,2447,1173,284,8,2,5,15,34,101,474,1658,8915,1,11213
Se27 慢性閉塞性肺疾患,2015,2,2015-02-01,0,1,0,0,0,0,0,1,1,0,4,5,24,46,113,205,317,324,237,63,13,1,0,0,1,1,9,70,318,954,0,1354
Se28 喘息,2015,2,2015-02-01,0,0,0,0,0,1,0,1,2,0,3,1,5,9,9,16,27,33,17,14,3,0,0,1,1,2,4,14,25,94,0,141
Se29 肝疾患,2015,2,2015-02-01,0,0,1,0,0,0,2,10,26,36,75,88,145,166,172,151,182,125,47,15,1,0,1,0,12,62,163,311,323,370,1,1243
Se30 腎不全,2015,2,2015-02-01,0,0,0,0,1,2,0,0,5,7,7,17,58,73,142,251,411,520,440,182,42,0,0,3,0,12,24,131,393,1595,0,2158
Se31 老衰,2015,2,2015-02-01,0,0,0,0,0,0,0,0,0,0,0,0,1,9,40,168,595,1434,2325,1697,777,0,0,0,0,0,0,10,208,6828,0,7046
Se32 不慮の事故,2015,2,2015-02-01,13,4,0,17,36,23,33,36,62,64,77,102,173,245,330,506,640,652,391,162,32,17,17,59,69,126,179,418,836,1877,0,3598
Se33 交通事故,2015,2,2015-02-01,1,1,0,10,18,13,11,15,16,20,19,22,38,38,48,67,52,27,7,1,0,2,10,31,26,36,41,76,115,87,0,424
Se34 自殺,2015,2,2015-02-01,0,0,6,42,74,79,105,114,151,134,168,141,128,134,148,96,88,45,25,6,0,0,48,153,219,285,309,262,244,164,3,1687
総数,2015,3,2015-03-01,229,43,46,106,218,236,320,520,897,1204,1686,2412,4590,7653,10119,13634,19533,22659,17401,7944,2275,272,152,454,840,2101,4098,12243,23753,69812,29,113754
Se01 結核,2015,3,2015-03-01,0,0,0,0,0,0,0,0,0,2,1,2,4,9,11,16,33,52,37,3,1,0,0,0,0,2,3,13,27,126,1,172
Se02 悪性新生物＜腫瘍＞,2015,3,2015-03-01,6,9,11,11,13,27,52,125,234,378,669,1077,2199,3703,4321,4964,5584,4626,2419,629,102,15,22,40,177,612,1746,5902,9285,13360,1,31160
Se03 食道の悪性新生物＜腫瘍＞,2015,3,2015-03-01,0,0,0,0,0,0,0,3,2,9,23,60,85,162,182,178,145,94,37,11,1,0,0,0,3,11,83,247,360,288,1,993
Se04 胃の悪性新生物＜腫瘍＞,2015,3,2015-03-01,0,0,0,0,2,1,5,18,20,34,61,122,289,465,554,650,723,612,335,75,15,0,0,3,23,54,183,754,1204,1760,0,3981
Se05 結腸の悪性新生物＜腫瘍＞,2015,3,2015-03-01,0,0,0,0,0,4,2,10,20,33,53,89,168,290,364,430,510,493,260,87,18,0,0,4,12,53,142,458,794,1368,0,2831
Se06 直腸Ｓ状結腸移行部及び直腸の悪性新生物＜腫瘍＞,2015,3,2015-03-01,0,0,0,0,0,0,3,8,15,17,44,76,111,181,208,188,184,135,82,22,6,0,0,0,11,32,120,292,396,429,0,1280
Se07 肝及び肝内胆管の悪性新生物＜腫瘍＞,2015,3,2015-03-01,0,0,0,0,0,2,0,1,10,26,37,82,160,300,363,418,519,355,150,32,7,0,0,2,1,36,119,460,781,1063,0,2462
Se08 胆のう及びその他の胆道の悪性新生物＜腫瘍＞,2015,3,2015-03-01,0,0,0,0,0,0,0,1,2,2,12,19,78,139,193,237,306,302,182,55,7,0,0,0,1,4,31,217,430,852,0,1535
Se09 膵の悪性新生物＜腫瘍＞,2015,3,2015-03-01,0,0,0,0,0,0,0,6,18,30,60,94,212,352,419,415,500,371,172,51,4,0,0,0,6,48,154,564,834,1098,0,2704
Se10 気管，気管支及び肺の悪性新生物＜腫瘍＞,2015,3,2015-03-01,0,0,0,0,0,1,5,10,28,41,84,154,449,813,946,1110,1141,874,417,111,12,0,0,1,15,69,238,1262,2056,2555,0,6196
Se11 乳房の悪性新生物＜腫瘍＞,2015,3,2015-03-01,0,0,0,0,0,2,7,13,38,55,93,98,139,139,138,109,104,86,67,19,6,0,0,2,20,93,191,278,247,282,0,1113
Se12 子宮の悪性新生物＜腫瘍＞,2015,3,2015-03-01,0,0,0,0,0,1,8,16,18,29,35,56,45,63,62,51,60,61,34,7,0,0,0,1,24,47,91,108,113,162,0,546
Se13 白血病,2015,3,2015-03-01,2,2,6,5,1,2,7,4,12,11,18,29,44,86,99,119,133,89,51,12,1,4,11,3,11,23,47,130,218,286,0,733
Se14 糖尿病,2015,3,2015-03-01,0,0,0,0,0,2,1,3,9,12,14,34,61,116,147,175,218,250,150,53,12,0,0,2,4,21,48,177,322,683,0,1257
Se15 高血圧性疾患,2015,3,2015-03-01,0,0,0,0,0,0,1,3,2,3,10,4,11,31,23,52,98,149,150,93,29,0,0,0,4,5,14,42,75,519,0,659
Se16 心疾患（高血圧性を除く）,2015,3,2015-03-01,8,2,2,5,11,12,18,45,124,165,215,292,600,961,1340,1974,3101,4018,3398,1582,404,10,7,23,63,289,507,1561,3314,12503,3,18280
Se17 急性心筋梗塞,2015,3,2015-03-01,0,0,0,1,1,1,5,14,33,40,72,85,177,252,336,455,644,706,471,150,26,0,1,2,19,73,157,429,791,1997,0,3469
Se18 その他の虚血性心疾患,2015,3,2015-03-01,0,0,0,0,1,1,1,5,39,51,48,91,127,273,334,446,659,622,411,176,33,0,0,2,6,90,139,400,780,1901,3,3321
Se19 不整脈及び伝導障害,2015,3,2015-03-01,1,0,0,2,3,5,6,8,21,33,38,41,114,161,227,322,495,637,475,215,45,1,2,8,14,54,79,275,549,1867,0,2849
Se20 心不全,2015,3,2015-03-01,1,0,1,1,1,3,1,8,15,23,33,41,111,170,299,529,961,1583,1651,907,277,1,2,4,9,38,74,281,828,5379,0,6616
Se21 脳血管疾患,2015,3,2015-03-01,0,0,2,1,1,7,8,32,73,125,131,186,319,539,783,1180,1845,2178,1647,760,200,0,3,8,40,198,317,858,1963,6630,0,10017
Se22 くも膜下出血,2015,3,2015-03-01,0,0,1,1,0,5,5,18,27,61,50,69,68,94,113,131,172,157,87,34,4,0,2,5,23,88,119,162,244,454,0,1097
Se23 脳内出血,2015,3,2015-03-01,0,0,0,0,1,1,3,11,40,51,67,83,174,239,299,424,551,503,317,111,16,0,0,2,14,91,150,413,723,1498,0,2891
Se24 脳梗塞,2015,3,2015-03-01,0,0,1,0,0,1,0,3,5,12,9,30,66,189,355,597,1080,1459,1206,593,173,0,1,1,3,17,39,255,952,4511,0,5779
Se25 大動脈瘤及び解離,2015,3,2015-03-01,0,0,1,2,0,0,3,2,10,17,23,35,60,113,166,209,286,339,184,66,8,0,3,0,5,27,58,173,375,883,0,1524
Se26 肺炎,2015,3,2015-03-01,6,2,1,0,1,4,4,8,12,17,34,53,138,299,559,1091,1960,2841,2348,1044,253,8,1,5,12,29,87,437,1650,8446,1,10676
Se27 慢性閉塞性肺疾患,2015,3,2015-03-01,0,0,0,1,1,0,2,0,1,1,2,6,27,47,124,208,317,381,211,53,8,0,1,1,2,2,8,74,332,970,0,1390
Se28 喘息,2015,3,2015-03-01,0,0,0,0,0,0,1,1,0,3,1,3,3,7,8,20,19,33,33,8,3,0,0,0,2,3,4,10,28,96,0,143
Se29 肝疾患,2015,3,2015-03-01,2,0,0,0,1,0,2,12,39,54,77,93,137,171,190,191,236,141,78,19,1,2,0,1,14,93,170,308,381,475,0,1444
Se30 腎不全,2015,3,2015-03-01,0,0,0,0,0,0,0,1,3,9,14,26,50,79,155,230,428,590,475,171,26,0,0,0,1,12,40,129,385,1690,0,2257
Se31 老衰,2015,3,2015-03-01,0,0,0,0,0,0,0,0,0,0,0,0,2,9,38,186,639,1635,2345,1785,849,0,0,0,0,0,0,11,224,7253,0,7488
Se32 不慮の事故,2015,3,2015-03-01,13,10,8,19,34,24,35,36,53,73,79,100,164,231,341,476,628,600,406,157,24,23,27,58,71,126,179,395,817,1815,2,3513
Se33 交通事故,2015,3,2015-03-01,4,5,6,13,20,7,17,17,19,17,30,28,30,32,45,42,65,28,13,0,0,9,19,27,34,36,58,62,87,106,0,438
Se34 自殺,2015,3,2015-03-01,0,0,6,42,115,122,141,162,204,168,186,161,161,191,188,140,96,77,19,7,1,0,48,237,303,372,347,352,328,200,8,2195
総数,2015,4,2015-04-01,232,29,45,109,187,207,315,448,763,1119,1499,2288,4392,7130,9458,12632,17911,20690,16022,7338,1981,261,154,394,763,1882,3787,11522,22090,63942,31,104826
Se01 結核,2015,4,2015-04-01,0,0,0,0,0,0,1,1,0,2,0,4,4,6,8,19,29,47,24,8,1,0,0,0,2,2,4,10,27,109,0,154
Se02 悪性新生物＜腫瘍＞,2015,4,2015-04-01,7,5,11,16,21,26,48,105,242,346,578,1068,2134,3518,4262,4710,5326,4543,2293,661,81,12,27,47,153,588,1646,5652,8972,12904,2,30003
Se03 食道の悪性新生物＜腫瘍＞,2015,4,2015-04-01,0,0,0,0,0,0,0,3,7,7,30,49,102,152,171,155,158,84,46,8,2,0,0,0,3,14,79,254,326,298,0,974
Se04 胃の悪性新生物＜腫瘍＞,2015,4,2015-04-01,0,0,0,1,0,4,5,11,30,39,59,97,249,423,529,586,683,576,300,88,6,0,1,4,16,69,156,672,1115,1653,0,3686
Se05 結腸の悪性新生物＜腫瘍＞,2015,4,2015-04-01,0,0,0,1,0,1,1,8,21,27,50,93,198,276,335,424,475,457,308,88,18,0,1,1,9,48,143,474,759,1346,0,2781
Se06 直腸Ｓ状結腸移行部及び直腸の悪性新生物＜腫瘍＞,2015,4,2015-04-01,0,0,0,0,0,1,2,2,16,15,21,65,142,182,187,171,195,155,72,18,6,0,0,1,4,31,86,324,358,446,0,1250
Se07 肝及び肝内胆管の悪性新生物＜腫瘍＞,2015,4,2015-04-01,1,1,0,0,0,1,0,1,8,14,39,68,163,257,379,379,485,371,145,37,2,2,0,1,1,22,107,420,758,1040,0,2351
Se08 胆のう及びその他の胆道の悪性新生物＜腫瘍＞,2015,4,2015-04-01,0,0,0,0,0,0,0,1,2,4,13,34,64,125,178,253,281,287,166,58,11,0,0,0,1,6,47,189,431,803,0,1477
Se09 膵の悪性新生物＜腫瘍＞,2015,4,2015-04-01,0,0,0,0,0,0,0,4,7,27,38,101,183,378,410,464,424,385,168,44,5,0,0,0,4,34,139,561,874,1026,0,2638
Se10 気管，気管支及び肺の悪性新生物＜腫瘍＞,2015,4,2015-04-01,0,0,0,0,0,0,0,6,33,40,77,186,402,790,1015,1009,1153,898,374,110,6,0,0,0,6,73,263,1192,2024,2541,1,6100
Se11 乳房の悪性新生物＜腫瘍＞,2015,4,2015-04-01,0,0,0,0,0,1,9,16,33,54,95,104,134,139,139,119,97,103,59,11,1,0,0,1,25,87,199,273,258,271,0,1114
Se12 子宮の悪性新生物＜腫瘍＞,2015,4,2015-04-01,0,0,0,0,0,4,8,9,23,26,32,42,47,59,49,57,74,41,27,11,1,0,0,4,17,49,74,106,106,154,0,510
Se13 白血病,2015,4,2015-04-01,3,1,5,3,9,4,4,5,6,15,13,29,52,89,105,134,125,77,40,9,2,4,8,13,9,21,42,141,239,253,0,730
Se14 糖尿病,2015,4,2015-04-01,0,0,0,0,0,0,2,3,4,15,14,45,56,92,110,155,214,208,141,57,2,0,0,0,5,19,59,148,265,622,0,1118
Se15 高血圧性疾患,2015,4,2015-04-01,0,0,0,0,0,0,1,0,3,0,2,6,9,21,23,49,50,121,126,66,27,0,0,0,1,3,8,30,72,390,0,504
Se16 心疾患（高血圧性を除く）,2015,4,2015-04-01,12,5,1,4,9,21,22,49,93,141,206,253,508,811,1157,1716,2680,3433,3057,1440,365,17,5,30,71,234,459,1319,2873,10975,2,15985
Se17 急性心筋梗塞,2015,4,2015-04-01,0,0,0,0,0,5,3,6,30,41,66,77,145,240,319,400,555,567,434,146,26,0,0,5,9,71,143,385,719,1728,0,3060
Se18 その他の虚血性心疾患,2015,4,2015-04-01,1,0,0,0,1,4,4,14,22,35,57,63,155,201,275,412,466,498,358,145,34,1,0,5,18,57,120,356,687,1501,1,2746
Se19 不整脈及び伝導障害,2015,4,2015-04-01,2,1,1,0,1,4,4,16,15,33,34,44,83,132,190,263,442,499,409,204,37,3,1,5,20,48,78,215,453,1591,0,2414
Se20 心不全,2015,4,2015-04-01,1,0,0,1,4,1,6,8,9,20,28,40,76,148,256,471,886,1483,1499,799,231,1,1,5,14,29,68,224,727,4898,1,5968
Se21 脳血管疾患,2015,4,2015-04-01,1,1,2,4,2,4,8,22,56,94,140,169,316,495,746,1080,1647,2034,1583,679,173,2,6,6,30,150,309,811,1826,6116,2,9258
Se22 くも膜下出血,2015,4,2015-04-01,0,0,0,2,1,2,3,9,21,41,56,50,67,91,111,134,142,147,76,21,0,0,2,3,12,62,106,158,245,386,0,974
Se23 脳内出血,2015,4,2015-04-01,1,1,1,1,1,1,4,10,29,41,72,95,176,224,278,334,489,491,295,82,21,2,2,2,14,70,167,400,612,1378,1,2648
Se24 脳梗塞,2015,4,2015-04-01,0,0,0,1,0,1,1,2,6,10,10,18,67,164,342,588,977,1352,1175,557,145,0,1,1,3,16,28,231,930,4206,1,5417
Se25 大動脈瘤及び解離,2015,4,2015-04-01,0,0,0,0,1,0,0,4,9,14,22,21,60,111,134,193,268,291,162,53,7,0,0,1,4,23,43,171,327,781,0,1350
Se26 肺炎,2015,4,2015-04-01,7,3,2,1,1,0,10,4,12,13,23,46,132,265,528,981,1864,2582,2187,945,231,10,3,1,14,25,69,397,1509,7809,1,9838
Se27 慢性閉塞性肺疾患,2015,4,2015-04-01,1,0,0,0,0,0,0,0,4,4,6,6,21,59,112,192,281,334,186,43,6,1,0,0,0,8,12,80,304,850,0,1255
Se28 喘息,2015,4,2015-04-01,0,0,0,0,0,1,0,0,0,1,0,0,1,6,10,12,26,33,22,14,2,0,0,1,0,1,0,7,22,97,0,128
Se29 肝疾患,2015,4,2015-04-01,1,0,1,0,0,0,3,13,31,54,68,97,126,168,157,184,196,116,73,11,0,1,1,0,16,85,165,294,341,396,1,1300
Se30 腎不全,2015,4,2015-04-01,0,0,0,0,0,0,0,0,1,5,13,18,27,83,145,235,384,510,427,195,26,0,0,0,0,6,31,110,380,1542,0,2069
Se31 老衰,2015,4,2015-04-01,0,0,0,0,0,0,0,0,0,0,0,0,1,9,42,144,590,1396,2125,1586,691,0,0,0,0,0,0,10,186,6388,0,6584
Se32 不慮の事故,2015,4,2015-04-01,17,6,4,20,23,26,26,27,50,64,56,95,152,207,266,399,548,550,338,107,27,23,24,49,53,114,151,359,665,1570,8,3016
Se33 交通事故,2015,4,2015-04-01,4,3,1,14,17,15,15,11,17,27,19,27,37,48,48,50,46,31,10,1,0,7,15,32,26,44,46,85,98,88,1,442
Se34 自殺,2015,4,2015-04-01,0,0,13,47,100,89,136,139,163,209,173,148,166,166,164,126,87,52,28,8,2,0,60,189,275,372,321,332,290,177,4,2020
総数,2015,5,2015-05-01,242,48,38,102,187,243,296,469,835,1113,1637,2356,4306,6988,9088,12070,17638,20210,15558,7259,1933,290,140,430,765,1948,3993,11294,21158,62598,37,102653
Se01 結核,2015,5,2015-05-01,0,0,0,0,0,1,0,0,0,1,1,3,3,10,10,18,29,47,33,11,2,0,0,1,0,1,4,13,28,122,0,169
Se02 悪性新生物＜腫瘍＞,2015,5,2015-05-01,6,10,9,12,18,25,50,103,238,346,648,1067,2163,3581,4107,4753,5510,4570,2371,656,90,16,21,43,153,584,1715,5744,8860,13197,4,30337
Se03 食道の悪性新生物＜腫瘍＞,2015,5,2015-05-01,0,0,0,0,0,0,0,1,3,6,19,38,91,155,189,165,142,89,32,9,0,0,0,0,1,9,57,246,354,272,1,940
Se04 胃の悪性新生物＜腫瘍＞,2015,5,2015-05-01,0,0,0,0,1,3,8,8,25,39,82,131,264,456,529,621,699,609,324,81,10,0,0,4,16,64,213,720,1150,1723,0,3890
Se05 結腸の悪性新生物＜腫瘍＞,2015,5,2015-05-01,0,0,0,2,1,2,0,10,32,30,54,78,190,319,341,371,459,476,288,109,16,0,2,3,10,62,132,509,712,1348,0,2778
Se06 直腸Ｓ状結腸移行部及び直腸の悪性新生物＜腫瘍＞,2015,5,2015-05-01,0,0,0,0,0,0,2,3,13,22,31,66,135,182,174,180,196,144,64,26,3,0,0,0,5,35,97,317,354,433,1,1242
Se07 肝及び肝内胆管の悪性新生物＜腫瘍＞,2015,5,2015-05-01,0,0,0,0,0,2,1,5,4,19,48,79,161,290,315,448,529,327,134,26,3,0,0,2,6,23,127,451,763,1019,0,2391
Se08 胆のう及びその他の胆道の悪性新生物＜腫瘍＞,2015,5,2015-05-01,0,0,0,0,0,1,0,3,3,5,16,36,60,126,183,225,344,279,180,61,9,0,0,1,3,8,52,186,408,873,0,1531
Se09 膵の悪性新生物＜腫瘍＞,2015,5,2015-05-01,0,0,0,0,0,1,2,5,20,20,42,93,200,336,362,445,482,347,180,45,10,0,0,1,7,40,135,536,807,1064,0,2590
Se10 気管，気管支及び肺の悪性新生物＜腫瘍＞,2015,5,2015-05-01,0,1,0,0,0,0,2,4,20,46,86,162,441,744,975,1031,1141,940,414,98,14,1,0,0,6,66,248,1185,2006,2607,1,6120
Se11 乳房の悪性新生物＜腫瘍＞,2015,5,2015-05-01,0,0,0,0,0,2,9,14,35,56,94,100,125,150,111,108,99,90,54,31,5,0,0,2,23,91,194,275,219,279,0,1083
Se12 子宮の悪性新生物＜腫瘍＞,2015,5,2015-05-01,0,0,0,0,1,1,5,12,11,27,39,41,45,70,54,61,56,53,32,6,0,0,0,2,17,38,80,115,115,147,0,514
Se13 白血病,2015,5,2015-05-01,2,2,3,3,5,6,5,4,8,7,16,24,41,72,104,103,138,87,34,6,2,4,6,11,9,15,40,113,207,267,1,673
Se14 糖尿病,2015,5,2015-05-01,0,0,0,1,0,0,3,2,14,13,23,39,47,89,117,147,202,208,118,49,13,0,1,0,5,27,62,136,264,590,0,1085
Se15 高血圧性疾患,2015,5,2015-05-01,0,0,0,0,0,0,0,1,1,1,1,6,12,26,22,41,78,118,134,87,20,0,0,0,1,2,7,38,63,437,1,549
Se16 心疾患（高血圧性を除く）,2015,5,2015-05-01,9,1,0,4,10,14,22,47,96,127,213,284,462,718,1015,1478,2521,3253,2811,1395,298,10,4,24,69,223,497,1180,2493,10278,2,14780
Se17 急性心筋梗塞,2015,5,2015-05-01,0,0,0,0,0,1,2,15,27,39,69,91,156,201,256,348,490,508,340,125,15,0,0,1,17,66,160,357,604,1478,1,2684
Se18 その他の虚血性心疾患,2015,5,2015-05-01,0,0,0,0,6,5,4,9,26,42,61,57,109,190,224,310,472,469,319,146,26,0,0,11,13,68,118,299,534,1432,1,2476
Se19 不整脈及び伝導障害,2015,5,2015-05-01,2,0,0,1,1,4,4,12,13,23,33,48,73,102,171,224,409,507,400,180,34,2,1,5,16,36,81,175,395,1530,0,2241
Se20 心不全,2015,5,2015-05-01,1,0,0,1,2,2,6,4,14,10,20,53,67,143,237,409,876,1393,1418,805,203,1,1,4,10,24,73,210,646,4695,0,5664
Se21 脳血管疾患,2015,5,2015-05-01,0,1,0,1,3,5,16,32,60,103,133,177,289,430,693,967,1678,1960,1522,656,175,1,1,8,48,163,310,719,1660,5991,2,8903
Se22 くも膜下出血,2015,5,2015-05-01,0,1,0,1,1,3,8,17,28,42,49,59,64,83,127,105,183,142,79,20,2,1,1,4,25,70,108,147,232,426,0,1014
Se23 脳内出血,2015,5,2015-05-01,0,0,0,0,1,2,7,14,29,54,72,83,133,199,237,320,496,450,288,99,18,0,0,3,21,83,155,332,557,1351,2,2504
Se24 脳梗塞,2015,5,2015-05-01,0,0,0,0,0,0,0,1,1,7,10,32,80,130,310,508,963,1325,1125,525,152,0,0,0,1,8,42,210,818,4090,0,5169
Se25 大動脈瘤及び解離,2015,5,2015-05-01,0,0,0,0,0,0,2,5,7,13,20,24,68,99,112,155,227,270,155,51,5,0,0,0,7,20,44,167,267,708,0,1213
Se26 肺炎,2015,5,2015-05-01,8,1,1,1,1,7,8,4,13,23,30,56,120,296,534,976,1798,2535,2147,953,258,9,2,8,12,36,86,416,1510,7691,1,9771
Se27 慢性閉塞性肺疾患,2015,5,2015-05-01,0,0,0,0,1,1,0,0,1,3,1,8,27,46,117,170,294,346,184,67,6,0,0,2,0,4,9,73,287,897,0,1272
Se28 喘息,2015,5,2015-05-01,0,0,0,0,0,1,0,2,2,0,1,4,0,9,10,16,14,33,25,10,4,0,0,1,2,2,5,9,26,86,0,131
Se29 肝疾患,2015,5,2015-05-01,2,0,0,0,1,1,0,11,31,53,78,97,133,160,175,185,155,116,57,16,2,2,0,2,11,84,175,293,360,346,0,1273
Se30 腎不全,2015,5,2015-05-01,0,0,0,0,0,0,3,1,2,6,9,15,44,90,114,223,369,563,355,175,21,0,0,0,4,8,24,134,337,1483,0,1990
Se31 老衰,2015,5,2015-05-01,0,0,0,0,0,0,0,0,0,0,0,0,1,9,49,152,592,1343,2099,1582,697,0,0,0,0,0,0,10,201,6313,0,6524
Se32 不慮の事故,2015,5,2015-05-01,20,13,6,19,29,31,33,45,49,52,68,62,133,174,264,327,486,437,297,136,20,33,25,60,78,101,130,307,591,1376,3,2704
Se33 交通事故,2015,5,2015-05-01,5,6,2,12,14,21,7,15,19,20,20,22,34,48,41,55,49,31,7,2,0,11,14,35,22,39,42,82,96,89,0,430
Se34 自殺,2015,5,2015-05-01,0,0,6,40,95,116,103,134,195,186,188,177,181,204,181,113,125,62,31,8,1,0,46,211,237,381,365,385,294,227,9,2155
総数,2015,6,2015-06-01,206,17,33,98,159,227,271,367,769,1081,1522,2143,3963,6688,8784,11249,16166,18661,14122,6445,1743,223,131,386,638,1850,3665,10651,20033,57137,33,94747
Se01 結核,2015,6,2015-06-01,0,0,0,0,0,0,0,0,1,2,1,1,3,3,10,21,25,43,25,10,2,0,0,0,0,3,2,6,31,105,0,147
Se02 悪性新生物＜腫瘍＞,2015,6,2015-06-01,4,3,6,17,12,21,55,105,223,383,672,1074,2033,3574,4226,4603,5166,4467,2256,627,105,7,23,33,160,606,1746,5607,8829,12621,5,29637
Se03 食道の悪性新生物＜腫瘍＞,2015,6,2015-06-01,0,0,0,0,0,0,0,0,3,14,20,49,93,172,187,150,138,77,40,12,0,0,0,0,0,17,69,265,337,267,0,955
Se04 胃の悪性新生物＜腫瘍＞,2015,6,2015-06-01,0,0,0,0,1,4,11,17,20,36,68,114,248,442,512,601,647,562,283,93,8,0,0,5,28,56,182,690,1113,1593,0,3667
Se05 結腸の悪性新生物＜腫瘍＞,2015,6,2015-06-01,0,0,0,0,1,0,5,12,28,34,57,105,183,282,347,375,476,475,305,88,17,0,0,1,17,62,162,465,722,1361,0,2790
Se06 直腸Ｓ状結腸移行部及び直腸の悪性新生物＜腫瘍＞,2015,6,2015-06-01,0,0,0,0,0,1,2,4,13,23,45,69,120,202,203,218,177,132,77,20,3,0,0,1,6,36,114,322,421,409,2,1311
Se07 肝及び肝内胆管の悪性新生物＜腫瘍＞,2015,6,2015-06-01,1,0,0,1,0,0,1,0,4,23,36,82,152,242,357,423,461,356,132,43,9,1,1,0,1,27,118,394,780,1001,0,2323
Se08 胆のう及びその他の胆道の悪性新生物＜腫瘍＞,2015,6,2015-06-01,0,0,0,0,0,1,2,3,3,1,13,22,68,123,186,219,304,282,184,51,10,0,0,1,5,4,35,191,405,831,0,1472
Se09 膵の悪性新生物＜腫瘍＞,2015,6,2015-06-01,0,0,0,0,0,0,1,7,10,21,45,88,184,320,385,408,432,351,174,46,8,0,0,0,8,31,133,504,793,1011,0,2480
Se10 気管，気管支及び肺の悪性新生物＜腫瘍＞,2015,6,2015-06-01,0,0,0,0,1,1,1,6,30,46,81,182,387,837,945,947,1096,950,388,98,11,0,0,2,7,76,263,1224,1892,2543,1,6008
Se11 乳房の悪性新生物＜腫瘍＞,2015,6,2015-06-01,0,0,0,0,0,2,4,15,30,55,90,94,131,154,120,124,93,85,53,22,4,0,0,2,19,85,184,285,244,257,0,1076
Se12 子宮の悪性新生物＜腫瘍＞,2015,6,2015-06-01,0,0,0,0,0,1,10,12,20,30,45,29,53,57,65,41,48,44,26,8,1,0,0,1,22,50,74,110,106,127,1,491
Se13 白血病,2015,6,2015-06-01,1,1,2,7,4,2,4,8,10,15,25,22,42,88,125,136,95,87,36,7,1,2,9,6,12,25,47,130,261,226,0,718
Se14 糖尿病,2015,6,2015-06-01,0,0,0,0,0,0,1,3,7,12,16,28,57,83,96,142,171,183,121,43,8,0,0,0,4,19,44,140,238,526,0,971
Se15 高血圧性疾患,2015,6,2015-06-01,0,0,0,0,0,0,0,0,3,1,8,9,10,16,19,32,57,86,128,55,17,0,0,0,0,4,17,26,51,343,0,441
Se16 心疾患（高血圧性を除く）,2015,6,2015-06-01,8,0,2,2,9,13,17,30,90,130,154,231,446,676,935,1354,2242,2956,2455,1144,261,8,4,22,47,220,385,1122,2289,9058,3,13158
Se17 急性心筋梗塞,2015,6,2015-06-01,0,0,1,0,0,4,3,8,23,29,42,66,124,179,245,302,421,498,312,120,20,0,1,4,11,52,108,303,547,1371,1,2398
Se18 その他の虚血性心疾患,2015,6,2015-06-01,0,0,0,0,3,2,2,8,28,34,43,61,115,168,215,283,402,401,254,105,27,0,0,5,10,62,104,283,498,1189,1,2152
Se19 不整脈及び伝導障害,2015,6,2015-06-01,1,0,0,0,3,2,4,6,16,26,31,42,75,111,145,218,375,456,364,147,29,1,0,5,10,42,73,186,363,1371,0,2051
Se20 心不全,2015,6,2015-06-01,3,0,0,1,3,3,4,3,12,21,25,24,82,138,226,375,767,1234,1211,642,163,3,1,6,7,33,49,220,601,4017,0,4937
Se21 脳血管疾患,2015,6,2015-06-01,1,0,0,1,2,5,10,17,68,89,130,153,276,447,631,921,1501,1855,1390,608,134,1,1,7,27,157,283,723,1552,5488,2,8241
Se22 くも膜下出血,2015,6,2015-06-01,1,0,0,0,1,2,6,9,37,43,50,52,69,76,82,117,142,137,67,34,4,1,0,3,15,80,102,145,199,384,1,930
Se23 脳内出血,2015,6,2015-06-01,0,0,0,1,1,2,2,8,27,37,71,76,128,193,215,300,446,456,260,74,19,0,1,3,10,64,147,321,515,1255,0,2316
Se24 脳梗塞,2015,6,2015-06-01,0,0,0,0,0,1,2,0,3,6,6,20,72,166,312,484,882,1220,1036,483,108,0,0,1,2,9,26,238,796,3729,1,4802
Se25 大動脈瘤及び解離,2015,6,2015-06-01,0,0,0,0,0,0,0,1,9,15,23,38,43,89,117,148,225,247,146,50,9,0,0,0,1,24,61,132,265,677,0,1160
Se26 肺炎,2015,6,2015-06-01,2,0,3,1,4,1,4,5,3,10,29,41,115,243,481,832,1635,2214,1833,784,206,2,4,5,9,13,70,358,1313,6672,0,8446
Se27 慢性閉塞性肺疾患,2015,6,2015-06-01,0,0,0,0,0,0,0,0,0,1,3,6,13,58,112,164,248,332,159,60,9,0,0,0,0,1,9,71,276,808,0,1165
Se28 喘息,2015,6,2015-06-01,1,1,0,1,0,0,2,1,2,0,1,1,1,2,12,8,12,19,25,9,1,2,1,0,3,2,2,3,20,66,0,99
Se29 肝疾患,2015,6,2015-06-01,3,0,0,0,0,2,3,9,34,50,80,67,107,130,161,169,156,124,58,14,3,3,0,2,12,84,147,237,330,355,0,1170
Se30 腎不全,2015,6,2015-06-01,0,0,0,0,0,2,2,1,2,5,7,16,34,66,116,173,344,483,381,130,27,0,0,2,3,7,23,100,289,1365,0,1789
Se31 老衰,2015,6,2015-06-01,0,0,0,0,0,0,0,0,0,0,0,0,1,13,44,144,574,1317,1953,1453,648,0,0,0,0,0,0,14,188,5945,0,6147
Se32 不慮の事故,2015,6,2015-06-01,19,2,5,19,24,25,22,30,40,48,47,59,95,155,230,277,376,376,273,88,26,21,24,49,52,88,106,250,507,1139,1,2237
Se33 交通事故,2015,6,2015-06-01,3,2,0,15,16,14,8,15,19,11,15,16,24,39,37,51,58,34,9,2,0,5,15,30,23,30,31,63,88,103,0,388
Se34 自殺,2015,6,2015-06-01,0,0,7,40,87,116,106,111,170,174,142,137,153,188,135,143,117,76,28,5,3,0,47,203,217,344,279,341,278,229,6,1944
総数,2015,7,2015-07-01,213,42,39,90,189,195,325,421,834,1076,1674,2372,4205,7115,9055,11808,16981,19419,14617,6709,1863,255,129,384,746,1910,4046,11320,20863,59589,38,99280
Se01 結核,2015,7,2015-07-01,0,0,0,0,0,0,0,0,0,1,0,1,3,4,10,13,26,52,33,13,1,0,0,0,0,1,1,7,23,125,0,157
Se02 悪性新生物＜腫瘍＞,2015,7,2015-07-01,9,10,10,17,16,24,55,119,257,402,684,1104,2141,3665,4420,4954,5535,4693,2354,683,97,19,27,40,174,659,1788,5806,9374,13362,1,31250
Se03 食道の悪性新生物＜腫瘍＞,2015,7,2015-07-01,0,0,0,0,0,0,0,1,3,7,24,54,125,164,204,136,132,82,45,9,0,0,0,0,1,10,78,289,340,268,0,986
Se04 胃の悪性新生物＜腫瘍＞,2015,7,2015-07-01,0,0,0,1,1,6,7,9,29,49,69,133,255,467,565,667,714,618,328,105,12,0,1,7,16,78,202,722,1232,1777,0,4035
Se05 結腸の悪性新生物＜腫瘍＞,2015,7,2015-07-01,0,0,0,1,2,0,4,18,38,33,51,81,171,309,370,418,477,478,306,98,18,0,1,2,22,71,132,480,788,1377,0,2873
Se06 直腸Ｓ状結腸移行部及び直腸の悪性新生物＜腫瘍＞,2015,7,2015-07-01,0,0,0,0,0,3,2,0,13,18,45,71,129,166,210,204,177,167,80,34,2,0,0,3,2,31,116,295,414,460,0,1321
Se07 肝及び肝内胆管の悪性新生物＜腫瘍＞,2015,7,2015-07-01,0,0,0,0,0,0,1,7,9,21,45,67,159,285,381,461,521,323,146,37,3,0,0,0,8,30,112,444,842,1030,0,2466
Se08 胆のう及びその他の胆道の悪性新生物＜腫瘍＞,2015,7,2015-07-01,0,0,0,0,0,0,1,1,4,9,10,28,82,130,174,227,335,312,159,47,11,0,0,0,2,13,38,212,401,864,0,1530
Se09 膵の悪性新生物＜腫瘍＞,2015,7,2015-07-01,0,0,0,0,0,0,1,5,8,31,52,90,185,376,395,450,466,388,172,53,4,0,0,0,6,39,142,561,845,1083,0,2676
Se10 気管，気管支及び肺の悪性新生物＜腫瘍＞,2015,7,2015-07-01,0,0,0,0,2,0,2,9,25,51,91,167,385,772,999,1027,1165,975,422,109,16,0,0,2,11,76,258,1157,2026,2687,0,6217
Se11 乳房の悪性新生物＜腫瘍＞,2015,7,2015-07-01,0,0,0,0,0,1,6,20,38,67,95,104,140,158,123,105,94,103,56,19,11,0,0,1,26,105,199,298,228,283,0,1140
Se12 子宮の悪性新生物＜腫瘍＞,2015,7,2015-07-01,0,0,0,0,0,1,8,11,19,26,36,41,66,69,67,71,57,67,25,12,0,0,0,1,19,45,77,135,138,161,0,576
Se13 白血病,2015,7,2015-07-01,3,5,5,4,1,4,5,9,10,11,22,27,51,77,106,130,119,88,25,7,0,8,9,5,14,21,49,128,236,239,0,709
Se14 糖尿病,2015,7,2015-07-01,0,0,0,0,2,0,1,2,11,8,19,27,46,73,100,141,214,198,106,43,9,0,0,2,3,19,46,119,241,570,1,1001
Se15 高血圧性疾患,2015,7,2015-07-01,0,0,0,0,0,0,0,0,1,3,8,9,17,21,22,35,66,98,110,60,17,0,0,0,0,4,17,38,57,351,0,467
Se16 心疾患（高血圧性を除く）,2015,7,2015-07-01,9,4,1,3,4,7,24,46,95,133,205,242,466,831,1026,1447,2363,3058,2611,1262,310,13,4,11,70,228,447,1297,2473,9604,4,14151
Se17 急性心筋梗塞,2015,7,2015-07-01,0,0,0,1,0,0,4,9,29,38,62,67,132,228,267,342,458,501,321,115,15,0,1,0,13,67,129,360,609,1410,1,2590
Se18 その他の虚血性心疾患,2015,7,2015-07-01,0,0,0,0,2,2,4,9,20,33,64,63,120,249,260,349,414,451,311,130,32,0,0,4,13,53,127,369,609,1338,2,2515
Se19 不整脈及び伝導障害,2015,7,2015-07-01,0,1,1,1,1,2,7,9,16,31,30,39,73,112,153,225,386,491,389,151,36,1,2,3,16,47,69,185,378,1453,0,2154
Se20 心不全,2015,7,2015-07-01,2,0,0,0,0,2,5,9,19,16,26,40,83,143,226,360,811,1237,1294,735,211,2,0,2,14,35,66,226,586,4288,1,5220
Se21 脳血管疾患,2015,7,2015-07-01,0,1,0,1,0,3,11,21,67,81,122,159,273,423,594,920,1543,1884,1474,625,144,1,1,3,32,148,281,696,1514,5670,0,8346
Se22 くも膜下出血,2015,7,2015-07-01,0,1,0,1,0,1,7,9,41,35,48,55,52,89,81,115,115,109,72,25,5,1,1,1,16,76,103,141,196,326,0,861
Se23 脳内出血,2015,7,2015-07-01,0,0,0,0,0,2,2,9,21,34,56,77,157,174,226,290,468,465,249,90,24,0,0,2,11,55,133,331,516,1296,0,2344
Se24 脳梗塞,2015,7,2015-07-01,0,0,0,0,0,0,2,3,4,10,13,19,53,146,272,494,933,1273,1117,504,110,0,0,0,5,14,32,199,766,3937,0,4953
Se25 大動脈瘤及び解離,2015,7,2015-07-01,0,0,0,0,0,0,1,4,9,12,12,25,43,79,94,136,194,253,139,51,3,0,0,0,5,21,37,122,230,640,0,1055
Se26 肺炎,2015,7,2015-07-01,3,1,2,1,1,2,4,6,8,9,29,36,102,259,441,871,1637,2260,1839,811,225,4,3,3,10,17,65,361,1312,6772,0,8547
Se27 慢性閉塞性肺疾患,2015,7,2015-07-01,0,0,0,0,0,0,0,1,0,0,5,5,19,50,109,174,310,331,171,57,12,0,0,0,1,0,10,69,283,881,0,1244
Se28 喘息,2015,7,2015-07-01,1,0,0,0,0,0,0,1,2,2,4,1,3,7,5,13,14,27,14,10,4,1,0,0,1,4,5,10,18,69,0,108
Se29 肝疾患,2015,7,2015-07-01,1,1,0,1,0,2,5,6,29,45,86,76,114,144,152,144,125,102,70,18,3,2,1,2,11,74,162,258,296,318,1,1125
Se30 腎不全,2015,7,2015-07-01,0,0,0,0,0,0,0,1,5,7,10,18,33,70,127,199,353,495,350,148,26,0,0,0,1,12,28,103,326,1372,0,1842
Se31 老衰,2015,7,2015-07-01,0,0,0,0,0,0,0,0,0,0,0,0,0,5,58,135,529,1293,1963,1469,680,0,0,0,0,0,0,5,193,5934,0,6132
Se32 不慮の事故,2015,7,2015-07-01,12,7,11,27,40,20,39,42,41,57,81,109,145,203,232,308,465,478,301,117,23,19,38,60,81,98,190,348,540,1384,3,2761
Se33 交通事故,2015,7,2015-07-01,3,3,5,15,18,8,18,28,17,15,24,34,27,39,40,51,51,31,10,3,0,6,20,26,46,32,58,66,91,95,0,440
Se34 自殺,2015,7,2015-07-01,0,0,5,30,94,96,128,101,165,161,173,173,156,179,171,113,114,64,29,9,1,0,35,190,229,326,346,335,284,217,4,1966
総数,2015,8,2015-08-01,233,49,63,126,181,240,308,431,803,1077,1571,2354,4264,7300,9143,12128,17402,19735,14948,7024,1799,282,189,421,739,1880,3925,11564,21271,60908,44,101223
Se01 結核,2015,8,2015-08-01,0,0,0,0,0,0,0,1,0,1,1,1,3,8,5,14,37,44,39,8,1,0,0,0,1,1,2,11,19,129,0,163
Se02 悪性新生物＜腫瘍＞,2015,8,2015-08-01,12,15,9,13,20,27,58,93,217,375,657,1086,2134,3750,4358,4836,5683,4713,2449,698,94,27,22,47,151,592,1743,5884,9194,13637,1,31298
Se03 食道の悪性新生物＜腫瘍＞,2015,8,2015-08-01,0,0,0,0,0,0,1,3,8,7,23,56,97,168,193,154,138,98,41,4,1,0,0,0,4,15,79,265,347,282,0,992
Se04 胃の悪性新生物＜腫瘍＞,2015,8,2015-08-01,0,1,0,0,3,5,4,8,23,38,67,147,247,467,550,591,719,596,334,99,9,1,0,8,12,61,214,714,1141,1757,0,3908
Se05 結腸の悪性新生物＜腫瘍＞,2015,8,2015-08-01,0,0,0,0,2,3,4,5,17,28,54,72,198,284,349,452,509,483,354,108,15,0,0,5,9,45,126,482,801,1469,0,2937
Se06 直腸Ｓ状結腸移行部及び直腸の悪性新生物＜腫瘍＞,2015,8,2015-08-01,0,0,0,0,0,0,0,3,7,25,35,63,122,189,191,191,223,145,76,16,4,0,0,0,3,32,98,311,382,464,0,1290
Se07 肝及び肝内胆管の悪性新生物＜腫瘍＞,2015,8,2015-08-01,1,0,0,0,0,1,2,5,8,13,38,65,166,263,408,426,497,340,132,40,1,1,0,1,7,21,103,429,834,1010,0,2406
Se08 胆のう及びその他の胆道の悪性新生物＜腫瘍＞,2015,8,2015-08-01,0,0,0,0,1,0,0,2,4,6,13,31,71,137,189,229,295,335,150,56,5,0,0,1,2,10,44,208,418,841,0,1524
Se09 膵の悪性新生物＜腫瘍＞,2015,8,2015-08-01,0,0,0,0,0,0,3,7,12,23,49,86,204,345,403,434,487,372,194,39,10,0,0,0,10,35,135,549,837,1102,0,2668
Se10 気管，気管支及び肺の悪性新生物＜腫瘍＞,2015,8,2015-08-01,0,0,0,0,0,0,2,7,35,45,94,163,372,841,977,1011,1230,935,439,110,14,0,0,0,9,80,257,1213,1988,2728,1,6276
Se11 乳房の悪性新生物＜腫瘍＞,2015,8,2015-08-01,0,0,0,0,3,1,8,12,39,51,85,109,143,166,127,105,100,106,50,29,4,0,0,4,20,90,194,309,232,289,0,1138
Se12 子宮の悪性新生物＜腫瘍＞,2015,8,2015-08-01,0,0,0,0,0,2,7,6,10,34,48,45,46,70,58,59,58,38,32,9,0,0,0,2,13,44,93,116,117,137,0,522
Se13 白血病,2015,8,2015-08-01,4,2,4,3,1,2,6,5,8,18,18,35,57,98,101,141,127,90,40,8,1,6,7,3,11,26,53,155,242,266,0,769
Se14 糖尿病,2015,8,2015-08-01,0,0,0,1,0,5,1,4,8,13,13,35,57,88,120,137,153,188,128,41,8,0,1,5,5,21,48,145,257,518,0,1000
Se15 高血圧性疾患,2015,8,2015-08-01,0,0,0,0,0,0,1,1,0,2,3,6,15,22,36,52,95,97,101,58,18,0,0,0,2,2,9,37,88,369,0,507
Se16 心疾患（高血圧性を除く）,2015,8,2015-08-01,4,4,1,4,7,11,18,42,96,111,219,277,488,842,980,1491,2368,3083,2581,1249,303,8,5,18,60,207,496,1330,2471,9584,1,14180
Se17 急性心筋梗塞,2015,8,2015-08-01,0,0,0,0,0,0,3,6,27,32,75,69,138,234,240,344,485,471,314,117,19,0,0,0,9,59,144,372,584,1406,0,2574
Se18 その他の虚血性心疾患,2015,8,2015-08-01,0,0,0,0,0,0,4,10,11,34,63,79,132,239,251,351,444,457,316,123,25,0,0,0,14,45,142,371,602,1365,0,2539
Se19 不整脈及び伝導障害,2015,8,2015-08-01,0,0,0,2,6,5,2,7,22,22,38,53,79,117,152,205,354,475,366,146,47,0,2,11,9,44,91,196,357,1388,1,2099
Se20 心不全,2015,8,2015-08-01,0,3,1,1,0,3,2,8,21,10,23,43,90,161,238,413,797,1296,1285,729,186,3,2,3,10,31,66,251,651,4293,0,5310
Se21 脳血管疾患,2015,8,2015-08-01,0,2,3,0,6,2,15,26,65,83,107,161,271,457,623,974,1525,1914,1415,637,138,2,3,8,41,148,268,728,1597,5629,1,8425
Se22 くも膜下出血,2015,8,2015-08-01,0,1,1,0,2,0,9,12,31,35,37,60,57,111,103,103,133,145,75,22,2,1,1,2,21,66,97,168,206,377,0,939
Se23 脳内出血,2015,8,2015-08-01,0,1,2,0,2,1,4,12,33,38,57,84,139,198,225,327,448,413,288,88,15,1,2,3,16,71,141,337,552,1252,1,2376
Se24 脳梗塞,2015,8,2015-08-01,0,0,0,0,1,1,1,1,0,6,8,13,64,143,277,515,907,1306,1022,513,111,0,0,2,2,6,21,207,792,3859,0,4889
Se25 大動脈瘤及び解離,2015,8,2015-08-01,0,0,1,0,1,0,1,3,4,17,14,28,39,90,100,154,252,230,154,48,4,0,1,1,4,21,42,129,254,688,0,1140
Se26 肺炎,2015,8,2015-08-01,8,0,0,0,2,4,5,3,11,12,24,40,108,250,484,877,1676,2328,1922,886,201,8,0,6,8,23,64,358,1361,7013,0,8841
Se27 慢性閉塞性肺疾患,2015,8,2015-08-01,0,0,0,0,1,1,0,1,0,1,1,2,20,54,81,200,309,340,178,58,10,0,0,2,1,1,3,74,281,895,0,1257
Se28 喘息,2015,8,2015-08-01,0,0,0,0,1,0,0,2,1,1,1,5,1,5,5,8,21,21,17,8,0,0,0,1,2,2,6,6,13,67,0,97
Se29 肝疾患,2015,8,2015-08-01,2,0,0,1,0,3,7,6,34,58,80,99,114,164,157,182,169,122,43,26,3,2,1,3,13,92,179,278,339,363,0,1270
Se30 腎不全,2015,8,2015-08-01,0,0,0,0,0,0,0,1,1,8,8,13,48,57,114,223,339,450,356,150,27,0,0,0,1,9,21,105,337,1322,0,1795
Se31 老衰,2015,8,2015-08-01,0,0,0,0,0,0,0,0,0,0,0,0,1,8,48,154,544,1375,2089,1597,664,0,0,0,0,0,0,9,202,6269,0,6480
Se32 不慮の事故,2015,8,2015-08-01,15,13,14,54,33,33,26,43,71,65,62,109,163,193,266,366,491,486,301,130,28,28,68,66,69,136,171,356,632,1436,2,2964
Se33 交通事故,2015,8,2015-08-01,3,5,1,31,16,18,17,25,20,20,22,21,36,34,51,54,52,37,6,1,0,8,32,34,42,40,43,70,105,96,0,470
Se34 自殺,2015,8,2015-08-01,0,0,14,36,85,98,129,125,161,143,150,139,138,152,160,127,106,66,23,3,0,0,50,183,254,304,289,290,287,198,4,1859
総数,2015,9,2015-09-01,206,31,34,104,157,200,278,452,767,1076,1551,2191,3958,6956,8675,11636,17006,19445,14703,6832,1933,237,138,357,730,1843,3742,10914,20311,59919,46,98237
Se01 結核,2015,9,2015-09-01,0,0,0,1,0,0,0,0,2,0,1,0,5,8,5,14,28,33,39,10,2,0,1,0,0,2,1,13,19,112,0,148
Se02 悪性新生物＜腫瘍＞,2015,9,2015-09-01,5,7,10,8,16,26,51,107,263,349,613,1056,2008,3623,4272,4772,5514,4696,2328,691,89,12,18,42,158,612,1669,5631,9044,13318,3,30507
Se03 食道の悪性新生物＜腫瘍＞,2015,9,2015-09-01,0,0,0,0,0,0,0,0,4,7,19,61,98,156,176,182,157,104,29,12,0,0,0,0,0,11,80,254,358,302,1,1006
Se04 胃の悪性新生物＜腫瘍＞,2015,9,2015-09-01,0,0,0,0,0,0,7,13,24,31,58,115,236,433,550,587,707,658,356,99,17,0,0,0,20,55,173,669,1137,1837,0,3891
Se05 結腸の悪性新生物＜腫瘍＞,2015,9,2015-09-01,0,0,0,0,2,3,4,13,27,25,57,93,163,279,380,432,469,476,293,94,10,0,0,5,17,52,150,442,812,1342,1,2821
Se06 直腸Ｓ状結腸移行部及び直腸の悪性新生物＜腫瘍＞,2015,9,2015-09-01,0,0,0,0,1,0,1,3,10,22,45,64,116,182,181,185,206,145,74,25,4,0,0,1,4,32,109,298,366,454,0,1264
Se07 肝及び肝内胆管の悪性新生物＜腫瘍＞,2015,9,2015-09-01,0,0,0,0,0,0,0,3,10,11,31,76,120,284,355,406,495,375,139,34,5,0,0,0,3,21,107,404,761,1048,0,2344
Se08 胆のう及びその他の胆道の悪性新生物＜腫瘍＞,2015,9,2015-09-01,0,0,0,0,0,0,0,1,2,6,17,29,62,141,160,239,318,313,175,53,3,0,0,0,1,8,46,203,399,862,0,1519
Se09 膵の悪性新生物＜腫瘍＞,2015,9,2015-09-01,0,0,0,0,0,1,3,4,17,28,37,83,201,341,395,446,472,367,187,41,5,0,0,1,7,45,120,542,841,1072,0,2628
Se10 気管，気管支及び肺の悪性新生物＜腫瘍＞,2015,9,2015-09-01,0,0,0,0,0,1,1,9,25,39,95,146,376,830,983,1016,1155,925,374,113,11,0,0,1,10,64,241,1206,1999,2578,0,6099
Se11 乳房の悪性新生物＜腫瘍＞,2015,9,2015-09-01,0,0,0,0,1,3,6,17,52,56,80,113,135,152,123,112,104,93,57,26,4,0,0,4,23,108,193,287,235,284,1,1135
Se12 子宮の悪性新生物＜腫瘍＞,2015,9,2015-09-01,0,0,0,0,0,1,1,8,15,32,38,46,52,61,73,62,54,48,24,11,0,0,0,1,9,47,84,113,135,137,0,526
Se13 白血病,2015,9,2015-09-01,1,3,1,3,4,8,11,2,15,8,13,29,47,86,92,127,116,86,33,8,2,4,4,12,13,23,42,133,219,245,0,695
Se14 糖尿病,2015,9,2015-09-01,0,0,0,0,0,0,4,2,5,10,11,28,38,81,73,145,178,178,105,36,9,0,0,0,6,15,39,119,218,506,0,903
Se15 高血圧性疾患,2015,9,2015-09-01,0,0,0,0,0,0,0,1,3,1,4,5,12,22,27,27,74,110,99,70,23,0,0,0,1,4,9,34,54,376,0,478
Se16 心疾患（高血圧性を除く）,2015,9,2015-09-01,9,0,0,3,4,8,17,43,82,129,177,246,457,775,926,1351,2203,2941,2487,1222,300,9,3,12,60,211,423,1232,2277,9153,4,13384
Se17 急性心筋梗塞,2015,9,2015-09-01,0,0,0,0,0,0,4,11,21,39,47,68,148,225,254,308,452,491,318,111,23,0,0,0,15,60,115,373,562,1395,0,2520
Se18 その他の虚血性心疾患,2015,9,2015-09-01,0,0,0,0,1,0,2,8,20,39,45,71,108,184,205,284,412,430,272,117,25,0,0,1,10,59,116,292,489,1256,3,2226
Se19 不整脈及び伝導障害,2015,9,2015-09-01,0,0,0,0,1,6,6,7,20,21,33,44,60,128,128,216,317,464,355,155,33,0,0,7,13,41,77,188,344,1324,0,1994
Se20 心不全,2015,9,2015-09-01,1,0,0,0,2,1,2,6,13,17,29,36,90,156,232,370,732,1191,1269,705,193,1,0,3,8,30,65,246,602,4090,1,5046
Se21 脳血管疾患,2015,9,2015-09-01,1,1,2,1,0,5,14,21,59,88,130,143,267,426,635,961,1572,1832,1486,637,125,2,3,5,35,147,273,693,1596,5652,0,8406
Se22 くも膜下出血,2015,9,2015-09-01,0,1,2,0,0,2,7,15,32,39,53,46,64,93,106,123,172,137,71,23,3,1,2,2,22,71,99,157,229,406,0,989
Se23 脳内出血,2015,9,2015-09-01,1,0,0,0,0,2,6,4,21,39,63,76,141,189,223,326,459,425,262,83,15,1,0,2,10,60,139,330,549,1244,0,2335
Se24 脳梗塞,2015,9,2015-09-01,0,0,0,1,0,1,1,1,5,7,13,18,55,139,288,491,901,1231,1114,510,104,0,1,1,2,12,31,194,779,3860,0,4880
Se25 大動脈瘤及び解離,2015,9,2015-09-01,0,0,0,0,0,0,1,3,10,16,14,21,53,88,122,162,250,269,197,43,7,0,0,0,4,26,35,141,284,766,0,1256
Se26 肺炎,2015,9,2015-09-01,7,1,0,1,1,1,4,5,5,22,26,42,116,278,449,864,1744,2372,1842,825,236,8,1,2,9,27,68,394,1313,7019,1,8842
Se27 慢性閉塞性肺疾患,2015,9,2015-09-01,0,0,0,0,0,0,0,0,0,3,3,7,14,45,100,148,280,323,153,69,15,0,0,0,0,3,10,59,248,840,0,1160
Se28 喘息,2015,9,2015-09-01,0,0,0,0,0,1,1,0,1,1,3,4,2,6,8,15,14,24,10,12,3,0,0,1,1,2,7,8,23,63,0,105
Se29 肝疾患,2015,9,2015-09-01,0,0,0,2,1,2,6,18,29,58,82,89,139,145,136,165,181,132,53,18,1,0,2,3,24,87,171,284,301,385,0,1257
Se30 腎不全,2015,9,2015-09-01,0,0,0,0,0,0,0,3,3,5,12,13,40,77,108,197,347,405,364,139,31,0,0,0,3,8,25,117,305,1286,0,1744
Se31 老衰,2015,9,2015-09-01,0,0,0,0,0,0,0,0,0,0,0,0,2,12,40,161,578,1415,2090,1572,723,0,0,0,0,0,0,14,201,6378,0,6593
Se32 不慮の事故,2015,9,2015-09-01,12,7,4,29,34,24,29,38,49,55,68,101,101,182,218,303,413,428,305,110,26,19,33,58,67,104,169,283,521,1282,4,2540
Se33 交通事故,2015,9,2015-09-01,3,1,2,21,18,14,17,15,20,26,20,25,28,46,39,57,55,39,14,0,0,4,23,32,32,46,45,74,96,108,0,460
Se34 自殺,2015,9,2015-09-01,0,0,10,34,72,98,105,130,139,167,174,111,148,162,148,127,105,64,26,4,0,0,44,170,235,306,285,310,275,199,4,1828
総数,2015,10,2015-10-01,246,36,27,102,166,222,304,452,804,1167,1667,2503,4222,7444,9349,12747,18392,21432,16657,7842,2092,282,129,388,756,1971,4170,11666,22096,66415,47,107920
Se01 結核,2015,10,2015-10-01,0,0,0,0,0,0,0,0,0,1,0,3,4,4,8,12,33,48,31,11,3,0,0,0,0,1,3,8,20,126,0,158
Se02 悪性新生物＜腫瘍＞,2015,10,2015-10-01,10,7,9,15,11,32,69,99,250,388,693,1224,2091,3721,4453,5081,5742,4866,2563,706,109,17,24,43,168,638,1917,5812,9534,13986,2,32141
Se03 食道の悪性新生物＜腫瘍＞,2015,10,2015-10-01,0,0,0,0,0,0,0,1,3,10,26,59,89,169,188,180,148,100,29,6,1,0,0,0,1,13,85,258,368,284,0,1009
Se04 胃の悪性新生物＜腫瘍＞,2015,10,2015-10-01,0,0,0,0,2,1,7,9,19,38,73,110,240,458,546,627,689,605,373,91,16,0,0,3,16,57,183,698,1173,1774,0,3904
Se05 結腸の悪性新生物＜腫瘍＞,2015,10,2015-10-01,0,0,0,0,2,2,7,7,22,31,56,91,192,315,382,453,544,503,339,114,16,0,0,4,14,53,147,507,835,1516,0,3076
Se06 直腸Ｓ状結腸移行部及び直腸の悪性新生物＜腫瘍＞,2015,10,2015-10-01,0,0,0,0,0,1,1,5,12,16,38,73,135,189,176,200,191,158,108,25,5,0,0,1,6,28,111,324,376,487,0,1333
Se07 肝及び肝内胆管の悪性新生物＜腫瘍＞,2015,10,2015-10-01,0,0,1,0,0,0,1,3,9,9,40,91,142,304,375,440,520,358,150,40,5,0,1,0,4,18,131,446,815,1073,0,2488
Se08 胆のう及びその他の胆道の悪性新生物＜腫瘍＞,2015,10,2015-10-01,0,0,0,0,0,0,1,1,4,8,15,27,70,124,188,232,347,291,197,73,3,0,0,0,2,12,42,194,420,911,0,1581
Se09 膵の悪性新生物＜腫瘍＞,2015,10,2015-10-01,0,0,0,0,0,0,0,3,9,17,66,107,191,348,400,491,473,389,172,49,9,0,0,0,3,26,173,539,891,1092,0,2724
Se10 気管，気管支及び肺の悪性新生物＜腫瘍＞,2015,10,2015-10-01,0,0,0,0,0,0,1,14,31,60,92,207,354,765,1013,1094,1239,987,433,105,14,0,0,0,15,91,299,1119,2107,2778,1,6410
Se11 乳房の悪性新生物＜腫瘍＞,2015,10,2015-10-01,0,0,0,0,0,3,13,12,46,67,76,115,143,169,129,112,113,81,61,19,7,0,0,3,25,113,191,312,241,281,0,1166
Se12 子宮の悪性新生物＜腫瘍＞,2015,10,2015-10-01,0,0,0,0,0,3,3,10,24,28,51,41,65,70,65,53,62,52,41,11,2,0,0,3,13,52,92,135,118,168,0,581
Se13 白血病,2015,10,2015-10-01,3,3,5,3,0,5,9,6,12,13,15,38,49,82,117,113,129,99,30,8,0,6,8,5,15,25,53,131,230,266,0,739
Se14 糖尿病,2015,10,2015-10-01,0,0,0,1,1,1,1,8,4,8,19,24,36,74,125,164,190,205,123,38,10,0,1,2,9,12,43,110,289,566,0,1032
Se15 高血圧性疾患,2015,10,2015-10-01,0,0,0,0,0,1,0,0,3,1,1,6,8,15,19,31,80,108,120,69,30,0,0,1,0,4,7,23,50,407,0,492
Se16 心疾患（高血圧性を除く）,2015,10,2015-10-01,12,1,1,3,8,10,20,27,73,151,186,264,479,871,999,1527,2523,3389,2881,1465,321,13,4,18,47,224,450,1350,2526,10579,3,15214
Se17 急性心筋梗塞,2015,10,2015-10-01,1,0,0,0,0,1,5,9,22,37,47,86,148,263,232,330,532,596,382,137,16,1,0,1,14,59,133,411,562,1663,1,2845
Se18 その他の虚血性心疾患,2015,10,2015-10-01,0,0,0,0,0,2,2,6,19,38,50,58,121,219,236,326,430,468,335,136,38,0,0,2,8,57,108,340,562,1407,1,2485
Se19 不整脈及び伝導障害,2015,10,2015-10-01,2,0,1,1,3,5,4,9,11,24,29,39,77,132,156,244,390,518,440,212,35,2,2,8,13,35,68,209,400,1595,0,2332
Se20 心不全,2015,10,2015-10-01,2,0,0,1,2,2,1,2,8,20,38,44,79,166,244,424,895,1402,1400,815,209,2,1,4,3,28,82,245,668,4721,0,5754
Se21 脳血管疾患,2015,10,2015-10-01,0,1,2,2,1,2,9,26,72,123,157,202,274,522,736,1084,1719,1997,1631,703,157,1,4,3,35,195,359,796,1820,6207,2,9422
Se22 くも膜下出血,2015,10,2015-10-01,0,1,1,2,0,2,7,11,35,49,66,60,71,123,115,152,171,148,85,25,4,1,3,2,18,84,126,194,267,433,0,1128
Se23 脳内出血,2015,10,2015-10-01,0,0,0,0,1,0,1,13,32,60,74,119,135,239,282,357,489,491,333,106,19,0,0,1,14,92,193,374,639,1438,1,2752
Se24 脳梗塞,2015,10,2015-10-01,0,0,1,0,0,0,1,2,4,11,12,18,61,149,320,540,1028,1306,1174,554,129,0,1,0,3,15,30,210,860,4191,1,5311
Se25 大動脈瘤及び解離,2015,10,2015-10-01,0,0,0,2,1,0,4,5,9,19,26,30,68,145,147,198,290,315,188,57,13,0,2,1,9,28,56,213,345,863,0,1517
Se26 肺炎,2015,10,2015-10-01,10,3,0,1,2,1,5,7,15,13,32,56,113,281,478,972,1790,2600,2101,949,208,13,1,3,12,28,88,394,1450,7648,0,9637
Se27 慢性閉塞性肺疾患,2015,10,2015-10-01,0,0,0,0,0,0,0,1,1,1,2,5,19,60,96,169,319,369,191,56,7,0,0,0,1,2,7,79,265,942,0,1296
Se28 喘息,2015,10,2015-10-01,0,0,0,0,0,1,1,1,0,0,2,5,0,5,6,8,19,21,19,13,2,0,0,1,2,0,7,5,14,74,0,103
Se29 肝疾患,2015,10,2015-10-01,0,0,0,2,0,2,9,8,33,59,74,81,128,182,154,162,166,139,69,21,2,0,2,2,17,92,155,310,316,397,0,1291
Se30 腎不全,2015,10,2015-10-01,0,0,0,0,0,2,0,1,4,6,9,13,49,88,111,190,375,499,413,186,31,0,0,2,1,10,22,137,301,1504,0,1977
Se31 老衰,2015,10,2015-10-01,0,0,0,0,0,0,0,0,0,0,0,1,4,15,43,193,695,1679,2559,1898,805,0,0,0,0,0,1,19,236,7636,0,7892
Se32 不慮の事故,2015,10,2015-10-01,17,7,5,21,27,27,13,40,41,56,84,82,152,204,251,382,531,515,314,142,26,24,26,54,53,97,166,356,633,1528,9,2946
Se33 交通事故,2015,10,2015-10-01,2,2,3,18,20,15,6,14,16,17,36,33,42,54,42,67,80,44,17,2,0,4,21,35,20,33,69,96,109,143,1,531
Se34 自殺,2015,10,2015-10-01,0,1,3,34,82,108,116,138,173,167,164,165,149,143,164,131,94,61,25,6,1,1,37,190,254,340,329,292,295,187,9,1934
総数,2015,11,2015-11-01,223,36,32,98,162,217,258,455,794,1063,1640,2339,4063,7417,9258,12561,18491,21239,16758,7599,2100,259,130,379,713,1857,3979,11480,21819,66187,60,106863
Se01 結核,2015,11,2015-11-01,0,0,0,0,0,0,0,0,1,1,1,2,5,2,7,17,32,56,28,8,0,0,0,0,0,2,3,7,24,124,0,160
Se02 悪性新生物＜腫瘍＞,2015,11,2015-11-01,7,9,7,10,17,26,58,116,230,373,640,1068,2011,3737,4167,4860,5646,4684,2441,647,95,16,17,43,174,603,1708,5748,9027,13513,4,30853
Se03 食道の悪性新生物＜腫瘍＞,2015,11,2015-11-01,0,0,0,0,0,0,1,1,6,7,27,51,96,188,185,155,149,96,38,7,1,0,0,0,2,13,78,284,340,291,1,1009
Se04 胃の悪性新生物＜腫瘍＞,2015,11,2015-11-01,0,0,0,0,2,0,12,11,26,39,67,100,212,464,523,648,726,630,325,81,11,0,0,2,23,65,167,676,1171,1773,0,3877
Se05 結腸の悪性新生物＜腫瘍＞,2015,11,2015-11-01,0,0,0,0,1,4,7,11,20,31,42,80,176,312,347,427,486,499,338,94,22,0,0,5,18,51,122,488,774,1439,0,2897
Se06 直腸Ｓ状結腸移行部及び直腸の悪性新生物＜腫瘍＞,2015,11,2015-11-01,0,0,0,0,2,1,2,4,8,20,36,69,111,193,189,212,176,148,69,25,4,0,0,3,6,28,105,304,401,422,0,1269
Se07 肝及び肝内胆管の悪性新生物＜腫瘍＞,2015,11,2015-11-01,2,0,0,0,2,0,0,2,9,29,25,67,141,261,315,395,525,395,160,37,2,2,0,2,2,38,92,402,710,1119,0,2367
Se08 胆のう及びその他の胆道の悪性新生物＜腫瘍＞,2015,11,2015-11-01,0,0,0,0,0,0,0,1,4,5,18,32,47,132,184,241,294,281,149,58,3,0,0,0,1,9,50,179,425,785,0,1449
Se09 膵の悪性新生物＜腫瘍＞,2015,11,2015-11-01,0,0,0,0,0,0,1,3,18,33,40,98,177,367,379,422,509,364,176,62,8,0,0,0,4,51,138,544,801,1119,0,2657
Se10 気管，気管支及び肺の悪性新生物＜腫瘍＞,2015,11,2015-11-01,0,0,0,1,0,1,2,11,17,47,104,183,407,802,968,1065,1215,944,421,98,10,0,1,1,13,64,287,1209,2033,2688,0,6296
Se11 乳房の悪性新生物＜腫瘍＞,2015,11,2015-11-01,0,0,0,0,1,2,7,13,32,45,98,105,145,159,135,106,113,98,68,26,9,0,0,3,20,77,203,304,241,314,0,1162
Se12 子宮の悪性新生物＜腫瘍＞,2015,11,2015-11-01,0,0,0,0,0,2,5,14,23,30,39,61,43,65,53,38,52,52,36,12,1,0,0,2,19,53,100,108,91,153,0,526
Se13 白血病,2015,11,2015-11-01,1,2,2,4,4,5,6,13,8,18,18,19,45,97,97,144,120,82,48,7,2,3,6,9,19,26,37,142,241,259,0,742
Se14 糖尿病,2015,11,2015-11-01,0,0,0,0,1,0,0,1,11,6,28,21,48,95,122,146,200,215,138,55,10,0,0,1,1,17,49,143,268,618,0,1097
Se15 高血圧性疾患,2015,11,2015-11-01,0,0,0,0,0,0,0,0,1,1,3,6,12,21,25,41,72,116,119,74,28,0,0,0,0,2,9,33,66,409,0,519
Se16 心疾患（高血圧性を除く）,2015,11,2015-11-01,5,1,2,9,4,10,16,44,91,145,210,269,500,840,1118,1615,2671,3557,3064,1408,350,6,11,14,60,236,479,1340,2733,11050,1,15930
Se17 急性心筋梗塞,2015,11,2015-11-01,0,0,0,0,0,1,0,9,28,39,59,86,144,256,291,356,534,593,375,143,26,0,0,1,9,67,145,400,647,1671,0,2940
Se18 その他の虚血性心疾患,2015,11,2015-11-01,0,0,0,1,0,2,3,7,20,32,55,62,126,203,251,358,502,516,380,123,28,0,1,2,10,52,117,329,609,1549,1,2670
Se19 不整脈及び伝導障害,2015,11,2015-11-01,1,0,1,2,3,2,7,14,17,30,35,44,87,138,172,253,440,603,428,186,48,1,3,5,21,47,79,225,425,1705,0,2511
Se20 心不全,2015,11,2015-11-01,0,0,0,1,1,4,2,4,12,21,37,43,94,149,285,457,846,1414,1526,818,221,0,1,5,6,33,80,243,742,4825,0,5935
Se21 脳血管疾患,2015,11,2015-11-01,0,1,1,0,3,6,6,24,73,86,140,174,256,526,689,1015,1680,2080,1565,666,146,1,1,9,30,159,314,782,1704,6137,3,9140
Se22 くも膜下出血,2015,11,2015-11-01,0,0,0,0,2,4,4,7,36,44,49,58,76,92,109,113,179,172,71,21,4,0,0,6,11,80,107,168,222,447,1,1042
Se23 脳内出血,2015,11,2015-11-01,0,1,1,0,1,1,2,11,33,36,80,91,129,244,256,356,508,519,277,87,16,1,1,2,13,69,171,373,612,1407,2,2651
Se24 脳梗塞,2015,11,2015-11-01,0,0,0,0,0,1,0,4,1,3,11,19,45,171,307,521,955,1334,1177,544,123,0,0,1,4,4,30,216,828,4133,0,5216
Se25 大動脈瘤及び解離,2015,11,2015-11-01,0,0,0,1,0,0,0,10,12,15,16,43,67,131,144,203,284,333,195,62,7,0,1,0,10,27,59,198,347,881,0,1523
Se26 肺炎,2015,11,2015-11-01,5,4,0,4,4,3,3,5,8,18,38,53,128,285,495,938,1818,2564,2177,979,233,9,4,7,8,26,91,413,1433,7771,0,9762
Se27 慢性閉塞性肺疾患,2015,11,2015-11-01,0,0,0,0,0,0,1,0,2,1,1,7,22,56,94,185,270,349,192,55,9,0,0,0,1,3,8,78,279,875,0,1244
Se28 喘息,2015,11,2015-11-01,0,0,0,1,0,1,1,0,0,3,4,1,6,6,5,18,21,23,28,2,5,0,1,1,1,3,5,12,23,79,0,125
Se29 肝疾患,2015,11,2015-11-01,0,0,0,0,0,3,3,8,26,55,89,86,125,148,154,162,152,125,58,16,2,0,0,3,11,81,175,273,316,353,0,1212
Se30 腎不全,2015,11,2015-11-01,0,0,0,0,0,0,1,0,3,8,10,20,33,89,142,227,394,492,415,155,33,0,0,0,1,11,30,122,369,1489,1,2023
Se31 老衰,2015,11,2015-11-01,0,0,0,0,0,0,0,0,0,0,0,0,4,18,41,192,663,1533,2429,1823,788,0,0,0,0,0,0,22,233,7236,0,7491
Se32 不慮の事故,2015,11,2015-11-01,14,4,8,18,26,21,29,30,56,50,71,77,133,202,299,410,629,545,409,139,29,18,26,47,59,106,148,335,709,1751,5,3204
Se33 交通事故,2015,11,2015-11-01,4,3,1,14,14,10,15,13,21,23,19,27,35,39,60,64,68,43,20,5,0,7,15,24,28,44,46,74,124,136,0,498
Se34 自殺,2015,11,2015-11-01,0,0,7,36,83,113,103,144,152,142,157,163,128,165,143,102,118,57,27,3,0,0,43,196,247,294,320,293,245,205,9,1852
総数,2015,12,2015-12-01,227,48,26,91,168,234,271,465,805,1222,1807,2575,4655,8303,10232,14031,20308,23676,18558,8425,2299,275,117,402,736,2027,4382,12958,24263,73266,68,118494
Se01 結核,2015,12,2015-12-01,0,0,0,0,0,0,0,2,1,1,0,1,3,5,11,19,40,44,27,10,1,0,0,0,2,2,1,8,30,122,0,165
Se02 悪性新生物＜腫瘍＞,2015,12,2015-12-01,5,11,5,10,10,44,48,114,261,405,653,1048,2174,3900,4342,5066,5884,5003,2615,716,120,16,15,54,162,666,1701,6074,9408,14338,5,32439
Se03 食道の悪性新生物＜腫瘍＞,2015,12,2015-12-01,0,0,0,0,0,0,1,0,2,8,20,46,80,187,171,168,124,108,37,7,4,0,0,0,1,10,66,267,339,280,0,963
Se04 胃の悪性新生物＜腫瘍＞,2015,12,2015-12-01,0,0,0,1,1,5,4,9,21,44,64,97,272,461,571,659,723,672,353,76,16,0,1,6,13,65,161,733,1230,1840,0,4049
Se05 結腸の悪性新生物＜腫瘍＞,2015,12,2015-12-01,0,0,0,0,0,0,3,17,26,34,62,90,170,331,327,443,546,508,336,96,19,0,0,0,20,60,152,501,770,1505,0,3008
Se06 直腸Ｓ状結腸移行部及び直腸の悪性新生物＜腫瘍＞,2015,12,2015-12-01,0,0,0,0,0,2,3,7,15,25,38,52,119,188,198,199,194,160,99,35,5,0,0,2,10,40,90,307,397,493,0,1339
Se07 肝及び肝内胆管の悪性新生物＜腫瘍＞,2015,12,2015-12-01,0,0,1,0,0,1,0,0,4,17,35,57,159,323,362,435,526,381,148,36,3,0,1,1,0,21,92,482,797,1094,1,2489
Se08 胆のう及びその他の胆道の悪性新生物＜腫瘍＞,2015,12,2015-12-01,0,0,0,0,0,0,0,1,1,5,7,37,78,152,188,242,312,312,186,54,12,0,0,0,1,6,44,230,430,876,0,1587
Se09 膵の悪性新生物＜腫瘍＞,2015,12,2015-12-01,0,0,0,0,0,0,1,4,8,31,56,99,216,353,395,476,483,434,190,58,10,0,0,0,5,39,155,569,871,1175,2,2816
Se10 気管，気管支及び肺の悪性新生物＜腫瘍＞,2015,12,2015-12-01,0,0,0,0,1,1,1,12,37,38,104,176,404,834,978,1085,1286,1001,437,118,10,0,0,2,13,75,280,1238,2063,2852,2,6525
Se11 乳房の悪性新生物＜腫瘍＞,2015,12,2015-12-01,0,0,0,0,0,4,4,11,49,75,88,105,171,183,139,120,110,105,89,25,9,0,0,4,15,124,193,354,259,338,0,1287
Se12 子宮の悪性新生物＜腫瘍＞,2015,12,2015-12-01,0,0,0,0,0,1,8,18,27,33,41,54,56,68,58,61,70,49,33,12,2,0,0,1,26,60,95,124,119,166,0,591
Se13 白血病,2015,12,2015-12-01,1,4,1,1,1,2,5,5,5,11,16,27,62,97,94,131,121,83,37,12,2,5,2,3,10,16,43,159,225,255,0,718
Se14 糖尿病,2015,12,2015-12-01,0,0,0,0,1,1,1,2,2,17,25,37,55,123,129,175,230,219,152,60,10,0,0,2,3,19,62,178,304,671,0,1239
Se15 高血圧性疾患,2015,12,2015-12-01,0,0,0,0,0,0,0,2,1,1,7,6,10,17,24,49,78,145,161,97,35,0,0,0,2,2,13,27,73,516,0,633
Se16 心疾患（高血圧性を除く）,2015,12,2015-12-01,9,2,1,3,4,16,14,39,87,149,238,331,633,1024,1359,2020,3272,4107,3438,1624,391,11,4,20,53,236,569,1657,3379,12832,7,18768
Se17 急性心筋梗塞,2015,12,2015-12-01,0,0,0,0,0,3,2,4,22,45,75,112,200,263,323,451,717,729,499,179,24,0,0,3,6,67,187,463,774,2148,1,3649
Se18 その他の虚血性心疾患,2015,12,2015-12-01,0,0,0,0,0,2,1,9,24,32,51,91,156,287,357,469,618,641,399,170,34,0,0,2,10,56,142,443,826,1862,4,3345
Se19 不整脈及び伝導障害,2015,12,2015-12-01,2,0,0,1,1,6,5,13,19,22,40,51,100,163,239,340,544,649,473,218,40,2,1,7,18,41,91,263,579,1924,1,2927
Se20 心不全,2015,12,2015-12-01,0,0,1,0,3,2,3,6,11,25,39,48,100,193,310,520,1062,1616,1679,892,260,0,1,5,9,36,87,293,830,5509,1,6771
Se21 脳血管疾患,2015,12,2015-12-01,0,1,2,1,2,6,8,31,62,118,165,219,346,589,816,1170,1828,2190,1703,746,174,1,3,8,39,180,384,935,1986,6641,2,10179
Se22 くも膜下出血,2015,12,2015-12-01,0,0,1,1,0,3,4,15,29,44,54,67,98,108,138,138,165,167,91,17,5,0,2,3,19,73,121,206,276,445,0,1145
Se23 脳内出血,2015,12,2015-12-01,0,0,1,0,1,1,4,14,28,64,93,124,170,280,315,408,532,534,349,108,22,0,1,2,18,92,217,450,723,1545,1,3049
Se24 脳梗塞,2015,12,2015-12-01,0,0,0,0,1,2,0,1,4,8,13,25,65,181,339,594,1079,1436,1227,602,143,0,0,3,1,12,38,246,933,4487,1,5721
Se25 大動脈瘤及び解離,2015,12,2015-12-01,0,0,0,0,1,0,2,3,7,24,43,48,77,168,190,201,370,371,235,61,9,0,0,1,5,31,91,245,391,1046,0,1810
Se26 肺炎,2015,12,2015-12-01,8,5,0,2,1,2,7,5,10,25,29,51,137,315,578,1057,1933,2874,2437,1053,248,13,2,3,12,35,80,452,1635,8545,1,10778
Se27 慢性閉塞性肺疾患,2015,12,2015-12-01,0,0,0,0,1,0,0,0,1,1,7,5,26,57,118,201,337,402,193,55,12,0,0,1,0,2,12,83,319,999,0,1416
Se28 喘息,2015,12,2015-12-01,0,0,0,0,0,0,0,1,1,0,3,2,3,12,11,12,19,27,25,18,4,0,0,0,1,1,5,15,23,93,0,138
Se29 肝疾患,2015,12,2015-12-01,0,0,0,0,0,3,3,5,37,63,99,117,146,183,183,191,210,164,65,25,3,0,0,3,8,100,216,329,374,467,1,1498
Se30 腎不全,2015,12,2015-12-01,0,0,0,0,0,1,1,1,5,6,5,14,51,112,155,223,430,591,467,180,33,0,0,1,2,11,19,163,378,1701,0,2275
Se31 老衰,2015,12,2015-12-01,0,0,0,0,0,0,0,0,0,0,0,0,2,20,63,206,657,1692,2777,1953,863,0,0,0,0,0,0,22,269,7942,0,8233
Se32 不慮の事故,2015,12,2015-12-01,17,8,6,28,37,29,32,38,53,52,102,119,171,299,385,538,752,742,463,165,23,25,34,66,70,105,221,470,923,2145,6,4065
Se33 交通事故,2015,12,2015-12-01,4,4,2,22,20,12,13,16,15,23,26,24,22,52,71,74,88,49,16,5,0,8,24,32,29,38,50,74,145,158,0,558
Se34 自殺,2015,12,2015-12-01,0,0,3,28,81,90,101,124,136,164,155,157,142,184,135,109,93,56,26,11,2,0,31,171,225,300,312,326,244,188,10,1807
総数,2016,1,2016-01-01,240,25,37,104,197,207,301,454,799,1214,1708,2702,4600,8371,10082,14618,21374,24872,19447,8875,2477,265,141,404,755,2013,4410,12971,24700,77045,21,122725
Se01 結核,2016,1,2016-01-01,0,0,0,0,0,0,0,1,0,2,4,2,4,7,12,19,33,48,36,13,1,0,0,0,1,2,6,11,31,131,0,182
Se02 悪性新生物＜腫瘍＞,2016,1,2016-01-01,9,4,6,13,12,32,68,106,216,390,626,1095,2091,3879,4195,4991,5782,4871,2506,737,101,13,19,44,174,606,1721,5970,9186,13997,0,31730
Se03 食道の悪性新生物＜腫瘍＞,2016,1,2016-01-01,0,0,0,0,0,0,1,2,3,10,32,55,87,175,190,164,137,93,38,7,1,0,0,0,3,13,87,262,354,276,0,995
Se04 胃の悪性新生物＜腫瘍＞,2016,1,2016-01-01,0,0,0,0,0,10,5,14,13,39,53,115,226,483,495,670,696,645,332,100,12,0,0,10,19,52,168,709,1165,1785,0,3908
Se05 結腸の悪性新生物＜腫瘍＞,2016,1,2016-01-01,0,0,0,0,1,3,7,8,19,31,54,96,184,304,300,406,503,445,313,122,15,0,0,4,15,50,150,488,706,1398,0,2811
Se06 直腸Ｓ状結腸移行部及び直腸の悪性新生物＜腫瘍＞,2016,1,2016-01-01,0,0,0,0,0,2,2,3,8,22,37,76,118,176,165,181,206,173,93,29,1,0,0,2,5,30,113,294,346,502,0,1292
Se07 肝及び肝内胆管の悪性新生物＜腫瘍＞,2016,1,2016-01-01,0,0,0,0,0,0,1,2,6,14,39,63,127,311,329,468,545,381,159,32,2,0,0,0,3,20,102,438,797,1119,0,2479
Se08 胆のう及びその他の胆道の悪性新生物＜腫瘍＞,2016,1,2016-01-01,0,0,0,0,0,0,0,1,1,5,21,32,58,140,167,235,280,296,201,62,6,0,0,0,1,6,53,198,402,845,0,1505
Se09 膵の悪性新生物＜腫瘍＞,2016,1,2016-01-01,0,0,0,0,0,0,1,1,9,30,54,78,186,375,421,491,471,403,173,40,8,0,0,0,2,39,132,561,912,1095,0,2741
Se10 気管，気管支及び肺の悪性新生物＜腫瘍＞,2016,1,2016-01-01,0,0,0,0,1,2,5,11,26,55,72,188,473,834,973,1036,1236,954,411,117,16,0,0,3,16,81,260,1307,2009,2734,0,6410
Se11 乳房の悪性新生物＜腫瘍＞,2016,1,2016-01-01,0,0,0,0,0,1,4,18,36,59,88,127,154,152,132,109,130,120,85,27,6,0,0,1,22,95,215,306,241,368,0,1248
Se12 子宮の悪性新生物＜腫瘍＞,2016,1,2016-01-01,0,0,0,0,1,3,10,8,26,34,29,37,43,63,53,67,64,48,28,7,2,0,0,4,18,60,66,106,120,149,0,523
Se13 白血病,2016,1,2016-01-01,4,1,1,5,2,3,8,5,9,15,17,23,36,97,102,132,139,83,43,6,1,5,6,5,13,24,40,133,234,272,0,732
Se14 糖尿病,2016,1,2016-01-01,0,0,0,0,0,1,3,4,9,18,25,38,54,117,134,199,254,252,166,64,11,0,0,1,7,27,63,171,333,747,0,1349
Se15 高血圧性疾患,2016,1,2016-01-01,0,0,0,0,0,0,1,0,3,2,3,6,19,23,39,43,120,133,188,99,32,0,0,0,1,5,9,42,82,572,0,711
Se16 心疾患（高血圧性を除く）,2016,1,2016-01-01,6,2,2,5,11,18,17,48,117,170,238,391,667,1212,1453,2344,3627,4630,3886,1725,473,8,7,29,65,287,629,1879,3797,14341,1,21043
Se17 急性心筋梗塞,2016,1,2016-01-01,0,0,0,0,1,3,3,11,31,51,75,109,186,334,370,555,737,770,583,188,30,0,0,4,14,82,184,520,925,2308,0,4037
Se18 その他の虚血性心疾患,2016,1,2016-01-01,0,0,0,0,1,2,3,12,26,50,60,101,171,302,394,560,770,787,515,165,49,0,0,3,15,76,161,473,954,2286,1,3969
Se19 不整脈及び伝導障害,2016,1,2016-01-01,2,1,0,4,4,3,1,12,26,33,46,66,129,199,230,363,619,769,613,232,55,3,4,7,13,59,112,328,593,2288,0,3407
Se20 心不全,2016,1,2016-01-01,0,0,0,0,1,5,1,7,21,18,32,63,117,256,323,612,1114,1804,1764,971,294,0,0,6,8,39,95,373,935,5947,0,7403
Se21 脳血管疾患,2016,1,2016-01-01,4,0,0,2,3,3,13,29,75,110,161,221,338,633,757,1251,1924,2276,1796,837,163,4,2,6,42,185,382,971,2008,6996,3,10599
Se22 くも膜下出血,2016,1,2016-01-01,1,0,0,2,2,1,7,20,41,48,67,69,66,118,125,157,170,174,90,42,2,1,2,3,27,89,136,184,282,478,0,1202
Se23 脳内出血,2016,1,2016-01-01,3,0,0,0,0,1,4,6,27,56,77,109,182,294,283,445,605,582,382,122,16,3,0,1,10,83,186,476,728,1707,0,3194
Se24 脳梗塞,2016,1,2016-01-01,0,0,0,0,1,0,1,2,5,4,12,35,78,198,333,626,1097,1473,1281,652,143,0,0,1,3,9,47,276,959,4646,3,5944
Se25 大動脈瘤及び解離,2016,1,2016-01-01,0,0,0,0,0,0,2,8,10,29,34,44,62,156,177,246,338,386,256,67,12,0,0,0,10,39,78,218,423,1059,1,1828
Se26 肺炎,2016,1,2016-01-01,10,1,1,2,3,0,4,10,13,20,43,65,131,330,576,1147,2172,3134,2572,1131,293,11,3,3,14,33,108,461,1723,9302,2,11660
Se27 慢性閉塞性肺疾患,2016,1,2016-01-01,0,0,0,0,0,0,1,1,1,2,2,11,25,64,121,201,354,378,217,58,14,0,0,0,2,3,13,89,322,1021,0,1450
Se28 喘息,2016,1,2016-01-01,1,0,0,1,0,0,1,0,2,2,3,4,3,5,6,19,23,30,40,22,7,1,1,0,1,4,7,8,25,122,0,169
Se29 肝疾患,2016,1,2016-01-01,1,0,0,0,1,1,6,13,42,76,80,109,155,202,171,215,205,151,70,14,5,1,0,2,19,118,189,357,386,445,0,1517
Se30 腎不全,2016,1,2016-01-01,1,0,0,0,0,0,1,0,1,3,12,28,44,99,153,254,495,682,492,206,39,1,0,0,1,4,40,143,407,1914,1,2511
Se31 老衰,2016,1,2016-01-01,0,0,0,0,0,0,0,0,0,0,0,0,2,9,56,210,706,1800,2744,2061,893,0,0,0,0,0,0,11,266,8204,0,8481
Se32 不慮の事故,2016,1,2016-01-01,15,1,4,19,37,19,28,34,48,71,87,123,184,297,377,578,858,790,525,175,44,16,23,56,62,119,210,481,955,2392,5,4319
Se33 交通事故,2016,1,2016-01-01,6,0,1,16,25,11,9,13,15,19,19,23,37,43,46,60,56,30,18,1,0,6,17,36,22,34,42,80,106,105,0,448
Se34 自殺,2016,1,2016-01-01,0,0,8,46,91,95,110,127,145,136,150,163,144,122,120,109,72,45,19,4,1,0,54,186,237,281,313,266,229,141,2,1709
総数,2016,2,2016-02-01,243,34,41,71,147,219,263,451,815,1135,1687,2535,4454,7857,9561,13520,19850,22744,18236,8283,2280,277,112,366,714,1950,4222,12311,23081,71393,22,114448
Se01 結核,2016,2,2016-02-01,0,0,0,0,0,0,0,0,1,1,1,1,3,7,3,17,22,41,35,10,2,0,0,0,0,2,2,10,20,110,1,145
Se02 悪性新生物＜腫瘍＞,2016,2,2016-02-01,6,4,10,9,14,30,55,111,222,367,646,1072,2049,3580,3850,4705,5352,4544,2371,691,97,10,19,44,166,589,1718,5629,8555,13055,1,29786
Se03 食道の悪性新生物＜腫瘍＞,2016,2,2016-02-01,0,0,0,0,0,0,0,0,3,10,14,45,95,130,156,159,151,78,36,7,0,0,0,0,0,13,59,225,315,272,0,884
Se04 胃の悪性新生物＜腫瘍＞,2016,2,2016-02-01,0,0,0,1,1,5,12,20,21,40,59,98,238,469,494,593,648,565,304,88,7,0,1,6,32,61,157,707,1087,1612,0,3663
Se05 結腸の悪性新生物＜腫瘍＞,2016,2,2016-02-01,0,0,0,0,0,3,5,7,21,33,59,96,172,322,328,384,449,441,339,82,19,0,0,3,12,54,155,494,712,1330,0,2760
Se06 直腸Ｓ状結腸移行部及び直腸の悪性新生物＜腫瘍＞,2016,2,2016-02-01,0,0,0,0,0,1,3,3,16,22,30,75,132,177,165,182,165,144,79,25,3,0,0,1,6,38,105,309,347,416,0,1222
Se07 肝及び肝内胆管の悪性新生物＜腫瘍＞,2016,2,2016-02-01,1,0,0,1,0,2,0,2,6,12,31,69,153,260,312,422,475,324,138,30,2,1,1,2,2,18,100,413,734,969,0,2240
Se08 胆のう及びその他の胆道の悪性新生物＜腫瘍＞,2016,2,2016-02-01,0,0,0,0,0,2,0,1,3,5,9,23,62,126,140,232,309,300,152,71,9,0,0,2,1,8,32,188,372,841,1,1445
Se09 膵の悪性新生物＜腫瘍＞,2016,2,2016-02-01,0,0,0,0,0,0,1,7,12,29,54,111,192,366,385,467,462,357,188,50,6,0,0,0,8,41,165,558,852,1063,0,2687
Se10 気管，気管支及び肺の悪性新生物＜腫瘍＞,2016,2,2016-02-01,0,0,0,0,0,1,0,15,25,31,99,166,383,778,886,998,1133,946,407,108,16,0,0,1,15,56,265,1161,1884,2610,0,5992
Se11 乳房の悪性新生物＜腫瘍＞,2016,2,2016-02-01,0,0,0,0,0,1,8,22,34,65,91,108,128,163,105,113,103,105,66,21,6,0,0,1,30,99,199,291,218,301,0,1139
Se12 子宮の悪性新生物＜腫瘍＞,2016,2,2016-02-01,0,0,0,0,0,1,4,8,18,25,39,34,59,65,47,61,64,43,19,12,1,0,0,1,12,43,73,124,108,139,0,500
Se13 白血病,2016,2,2016-02-01,1,0,1,4,3,1,6,4,11,19,17,22,50,74,92,124,127,88,42,13,1,1,5,4,10,30,39,124,216,271,0,700
Se14 糖尿病,2016,2,2016-02-01,0,0,0,0,1,2,1,7,9,16,23,42,56,102,124,192,252,217,153,53,13,0,0,3,8,25,65,158,316,688,0,1263
Se15 高血圧性疾患,2016,2,2016-02-01,0,0,0,0,0,0,1,1,0,3,8,7,14,21,35,48,104,119,154,94,24,0,0,0,2,3,15,35,83,495,0,633
Se16 心疾患（高血圧性を除く）,2016,2,2016-02-01,10,2,1,2,6,18,22,48,115,170,233,356,597,1103,1405,2055,3329,4030,3509,1660,382,12,3,24,70,285,589,1700,3460,12910,2,19055
Se17 急性心筋梗塞,2016,2,2016-02-01,0,0,1,0,1,2,8,8,33,49,81,116,173,313,330,488,714,670,484,179,26,0,1,3,16,82,197,486,818,2073,0,3676
Se18 その他の虚血性心疾患,2016,2,2016-02-01,0,0,0,0,0,3,4,8,24,40,48,86,150,285,358,511,667,635,409,163,34,0,0,3,12,64,134,435,869,1908,2,3427
Se19 不整脈及び伝導障害,2016,2,2016-02-01,1,0,0,1,3,6,6,7,26,29,40,57,111,199,250,317,549,659,530,216,40,1,1,9,13,55,97,310,567,1994,0,3047
Se20 心不全,2016,2,2016-02-01,0,0,0,0,2,2,2,10,18,26,38,53,96,184,316,521,1036,1549,1671,920,259,0,0,4,12,44,91,280,837,5435,0,6703
Se21 脳血管疾患,2016,2,2016-02-01,1,1,2,1,2,3,8,24,73,93,129,200,304,558,744,1094,1740,2192,1735,710,159,2,3,5,32,166,329,862,1838,6536,3,9776
Se22 くも膜下出血,2016,2,2016-02-01,0,0,1,0,2,1,4,13,37,39,48,55,79,114,120,124,172,167,104,26,5,0,1,3,17,76,103,193,244,474,2,1113
Se23 脳内出血,2016,2,2016-02-01,1,1,1,0,0,1,2,6,33,42,62,113,165,249,296,364,527,559,348,98,21,2,1,1,8,75,175,414,660,1553,0,2889
Se24 脳梗塞,2016,2,2016-02-01,0,0,0,1,0,0,0,4,2,11,14,29,48,173,312,581,989,1418,1244,567,129,0,1,0,4,13,43,221,893,4347,1,5523
Se25 大動脈瘤及び解離,2016,2,2016-02-01,0,0,0,0,0,0,1,2,8,14,23,43,77,144,170,215,355,321,227,64,9,0,0,0,3,22,66,221,385,976,0,1673
Se26 肺炎,2016,2,2016-02-01,3,2,1,0,1,6,4,6,15,25,37,76,191,351,586,1138,2083,2893,2471,1101,264,5,1,7,10,40,113,542,1724,8812,0,11254
Se27 慢性閉塞性肺疾患,2016,2,2016-02-01,0,0,0,0,0,0,0,0,1,1,1,8,24,82,112,207,313,368,220,65,13,0,0,0,0,2,9,106,319,979,0,1415
Se28 喘息,2016,2,2016-02-01,1,0,0,0,0,0,0,1,3,1,2,3,4,4,8,19,25,21,21,11,2,1,0,0,1,4,5,8,27,80,0,126
Se29 肝疾患,2016,2,2016-02-01,2,0,1,0,0,0,7,12,31,50,79,121,153,201,157,170,204,141,85,19,5,2,1,0,19,81,200,354,327,454,0,1438
Se30 腎不全,2016,2,2016-02-01,0,0,0,0,0,1,0,1,5,7,14,15,45,91,141,221,400,568,459,176,32,0,0,1,1,12,29,136,362,1635,0,2176
Se31 老衰,2016,2,2016-02-01,0,0,0,0,0,0,0,0,0,0,0,0,2,10,54,169,674,1640,2511,1865,827,0,0,0,0,0,0,12,223,7517,0,7752
Se32 不慮の事故,2016,2,2016-02-01,12,7,6,15,22,18,32,45,39,53,67,97,131,253,365,484,664,688,440,144,35,19,21,40,77,92,164,384,849,1971,5,3622
Se33 交通事故,2016,2,2016-02-01,3,5,3,7,14,7,10,18,16,17,10,27,22,43,39,48,53,26,10,3,0,8,10,21,28,33,37,65,87,92,0,381
Se34 自殺,2016,2,2016-02-01,0,0,5,21,73,94,89,121,136,157,155,137,143,131,129,104,77,45,21,3,1,0,26,167,210,293,292,274,233,147,6,1648
総数,2016,3,2016-03-01,236,40,40,90,199,228,307,474,897,1234,1712,2582,4306,8069,9574,13682,19846,23127,18320,8452,2344,276,130,427,781,2131,4294,12375,23256,72089,39,115798
Se01 結核,2016,3,2016-03-01,1,0,0,0,0,0,1,0,0,0,1,2,3,10,5,17,26,50,29,9,2,1,0,0,1,0,3,13,22,116,0,156
Se02 悪性新生物＜腫瘍＞,2016,3,2016-03-01,4,4,11,15,20,23,56,126,234,425,662,1118,2005,3785,4119,4958,5588,4842,2505,734,92,8,26,43,182,659,1780,5790,9077,13761,2,31328
Se03 食道の悪性新生物＜腫瘍＞,2016,3,2016-03-01,0,0,0,0,0,1,0,1,5,6,28,42,85,178,187,172,146,73,44,9,2,0,0,1,1,11,70,263,359,274,0,979
Se04 胃の悪性新生物＜腫瘍＞,2016,3,2016-03-01,0,0,0,0,1,1,8,7,22,46,56,135,259,430,466,608,681,624,340,89,10,0,0,2,15,68,191,689,1074,1744,0,3783
Se05 結腸の悪性新生物＜腫瘍＞,2016,3,2016-03-01,0,0,0,1,1,0,6,11,22,33,57,94,157,331,346,432,485,488,309,115,23,0,1,1,17,55,151,488,778,1420,1,2912
Se06 直腸Ｓ状結腸移行部及び直腸の悪性新生物＜腫瘍＞,2016,3,2016-03-01,0,0,0,0,0,0,1,2,16,31,39,54,120,203,202,209,184,141,96,24,3,0,0,0,3,47,93,323,411,448,1,1326
Se07 肝及び肝内胆管の悪性新生物＜腫瘍＞,2016,3,2016-03-01,0,0,0,0,0,0,1,7,4,12,40,88,153,285,316,450,533,382,174,39,3,0,0,0,8,16,128,438,766,1131,0,2487
Se08 胆のう及びその他の胆道の悪性新生物＜腫瘍＞,2016,3,2016-03-01,0,0,0,0,0,0,1,1,4,6,16,24,58,158,160,226,317,312,170,34,10,0,0,0,2,10,40,216,386,843,0,1497
Se09 膵の悪性新生物＜腫瘍＞,2016,3,2016-03-01,0,0,0,0,0,1,0,2,11,34,53,111,175,334,423,495,492,400,200,58,3,0,0,1,2,45,164,509,918,1153,0,2792
Se10 気管，気管支及び肺の悪性新生物＜腫瘍＞,2016,3,2016-03-01,0,0,0,0,0,0,2,12,22,53,91,175,396,838,933,1103,1128,979,431,118,11,0,0,0,14,75,266,1234,2036,2667,0,6292
Se11 乳房の悪性新生物＜腫瘍＞,2016,3,2016-03-01,0,0,0,0,0,1,10,24,31,68,79,109,120,160,110,119,121,97,57,22,3,0,0,1,34,99,188,280,229,300,0,1131
Se12 子宮の悪性新生物＜腫瘍＞,2016,3,2016-03-01,0,0,0,0,0,0,5,19,21,31,34,49,66,62,53,42,61,63,30,9,0,0,0,0,24,52,83,128,95,163,0,545
Se13 白血病,2016,3,2016-03-01,1,1,2,3,4,5,7,9,13,14,19,23,39,93,118,112,139,97,40,16,0,2,5,9,16,27,42,132,230,292,0,755
Se14 糖尿病,2016,3,2016-03-01,0,0,1,0,0,2,0,1,12,16,19,32,56,94,130,173,226,220,148,59,4,0,1,2,1,28,51,150,303,657,1,1194
Se15 高血圧性疾患,2016,3,2016-03-01,0,0,0,0,0,0,0,1,2,4,2,10,15,34,25,49,88,148,146,89,22,0,0,0,1,6,12,49,74,493,1,636
Se16 心疾患（高血圧性を除く）,2016,3,2016-03-01,6,0,2,4,7,10,25,45,125,159,215,309,562,1030,1281,1974,3184,4090,3474,1647,410,6,6,17,70,284,524,1592,3255,12805,4,18563
Se17 急性心筋梗塞,2016,3,2016-03-01,0,0,1,0,0,0,8,10,35,37,58,107,161,280,332,450,618,687,436,168,18,0,1,0,18,72,165,441,782,1927,1,3407
Se18 その他の虚血性心疾患,2016,3,2016-03-01,1,0,0,0,1,1,3,12,34,35,42,72,160,272,320,487,631,615,456,166,45,1,0,2,15,69,114,432,807,1913,1,3354
Se19 不整脈及び伝導障害,2016,3,2016-03-01,0,0,1,0,1,5,4,10,25,33,41,44,101,177,198,307,494,661,499,228,41,0,1,6,14,58,85,278,505,1923,1,2871
Se20 心不全,2016,3,2016-03-01,0,0,0,0,3,1,2,5,14,30,46,52,82,190,295,516,1085,1666,1709,901,270,0,0,4,7,44,98,272,811,5631,1,6868
Se21 脳血管疾患,2016,3,2016-03-01,2,1,1,0,1,5,9,27,77,107,158,201,326,573,685,1145,1915,2108,1697,726,150,3,1,6,36,184,359,899,1830,6596,1,9915
Se22 くも膜下出血,2016,3,2016-03-01,1,1,0,0,1,2,4,13,30,50,61,67,76,110,98,161,206,140,93,27,3,2,0,3,17,80,128,186,259,469,0,1144
Se23 脳内出血,2016,3,2016-03-01,1,0,0,0,0,2,3,10,39,50,84,99,176,272,288,388,571,509,350,102,19,1,0,2,13,89,183,448,676,1551,1,2964
Se24 脳梗塞,2016,3,2016-03-01,0,0,0,0,0,1,0,4,7,4,8,27,64,176,280,559,1087,1399,1217,586,122,0,0,1,4,11,35,240,839,4411,0,5541
Se25 大動脈瘤及び解離,2016,3,2016-03-01,0,0,0,0,0,0,1,10,18,18,22,41,66,145,193,205,357,374,225,59,7,0,0,0,11,36,63,211,398,1022,0,1741
Se26 肺炎,2016,3,2016-03-01,7,1,4,1,1,3,10,10,16,25,31,87,146,323,581,1008,1995,2758,2343,1045,270,8,5,4,20,41,118,469,1589,8411,0,10665
Se27 慢性閉塞性肺疾患,2016,3,2016-03-01,0,0,0,1,0,0,1,0,4,2,1,12,24,57,115,224,342,366,212,64,15,0,1,0,1,6,13,81,339,999,0,1440
Se28 喘息,2016,3,2016-03-01,0,1,0,0,0,0,0,0,1,0,1,1,7,5,12,15,25,23,34,14,4,1,0,0,0,1,2,12,27,100,0,143
Se29 肝疾患,2016,3,2016-03-01,0,1,1,0,0,1,3,13,24,50,68,97,146,179,150,185,179,159,75,20,6,1,1,1,16,74,165,325,335,439,0,1357
Se30 腎不全,2016,3,2016-03-01,0,1,1,0,0,0,0,1,5,3,7,16,42,86,118,239,411,563,472,208,38,1,1,0,1,8,23,128,357,1692,0,2211
Se31 老衰,2016,3,2016-03-01,0,0,0,0,0,0,0,0,0,0,0,0,1,17,54,195,655,1684,2573,1942,869,0,0,0,0,0,0,18,249,7723,0,7990
Se32 不慮の事故,2016,3,2016-03-01,12,6,3,21,31,16,28,33,49,61,76,104,121,265,338,517,649,671,450,147,32,18,24,47,61,110,180,386,855,1949,3,3633
Se33 交通事故,2016,3,2016-03-01,4,4,2,16,19,11,16,15,15,16,16,20,22,38,51,54,41,39,13,4,0,8,18,30,31,31,36,60,105,97,0,416
Se34 自殺,2016,3,2016-03-01,0,0,1,27,101,115,124,132,188,178,184,170,151,182,157,111,85,60,37,7,0,0,28,216,256,366,354,333,268,189,7,2017
総数,2016,4,2016-04-01,232,34,35,99,198,211,274,454,771,1134,1554,2170,3894,7503,8865,12387,17892,20853,16597,7694,2081,266,134,409,728,1905,3724,11397,21252,65117,32,104964
Se01 結核,2016,4,2016-04-01,0,0,0,0,0,0,0,0,1,1,1,3,2,5,7,10,31,28,33,9,1,0,0,0,0,2,4,7,17,102,0,132
Se02 悪性新生物＜腫瘍＞,2016,4,2016-04-01,6,6,7,8,16,28,51,123,216,377,643,975,1926,3721,4011,4702,5454,4650,2419,687,117,12,15,44,174,593,1618,5647,8713,13327,1,30144
Se03 食道の悪性新生物＜腫瘍＞,2016,4,2016-04-01,0,0,0,0,0,0,0,1,5,9,21,45,85,162,171,157,118,93,47,6,0,0,0,0,1,14,66,247,328,264,0,920
Se04 胃の悪性新生物＜腫瘍＞,2016,4,2016-04-01,0,0,0,0,3,3,7,7,23,37,62,83,237,461,484,556,709,622,330,93,9,0,0,6,14,60,145,698,1040,1763,1,3727
Se05 結腸の悪性新生物＜腫瘍＞,2016,4,2016-04-01,0,0,0,0,0,1,3,11,19,32,59,76,159,286,327,395,470,479,307,90,19,0,0,1,14,51,135,445,722,1365,0,2733
Se06 直腸Ｓ状結腸移行部及び直腸の悪性新生物＜腫瘍＞,2016,4,2016-04-01,0,0,0,0,0,0,3,5,16,21,40,63,101,191,174,158,176,148,63,16,5,0,0,0,8,37,103,292,332,408,0,1180
Se07 肝及び肝内胆管の悪性新生物＜腫瘍＞,2016,4,2016-04-01,1,0,1,0,0,0,0,3,8,19,37,63,149,278,312,420,506,361,171,42,3,1,1,0,3,27,100,427,732,1083,0,2374
Se08 胆のう及びその他の胆道の悪性新生物＜腫瘍＞,2016,4,2016-04-01,0,0,0,0,0,0,0,0,2,8,12,20,53,114,146,228,291,288,165,49,17,0,0,0,0,10,32,167,374,810,0,1393
Se09 膵の悪性新生物＜腫瘍＞,2016,4,2016-04-01,0,0,0,0,0,0,0,3,5,30,58,101,189,359,388,483,493,369,192,46,8,0,0,0,3,35,159,548,871,1108,0,2724
Se10 気管，気管支及び肺の悪性新生物＜腫瘍＞,2016,4,2016-04-01,0,0,0,0,0,0,4,17,22,39,77,157,395,817,945,1045,1136,896,425,119,17,0,0,0,21,61,234,1212,1990,2593,0,6111
Se11 乳房の悪性新生物＜腫瘍＞,2016,4,2016-04-01,0,0,0,0,0,1,5,22,40,68,85,119,122,181,106,102,101,78,50,39,6,0,0,1,27,108,204,303,208,274,0,1125
Se12 子宮の悪性新生物＜腫瘍＞,2016,4,2016-04-01,0,0,0,0,0,3,3,11,12,29,39,34,34,60,53,53,57,57,34,9,1,0,0,3,14,41,73,94,106,158,0,489
Se13 白血病,2016,4,2016-04-01,3,2,0,3,3,4,6,10,9,8,14,27,54,108,94,136,138,103,36,5,0,5,3,7,16,17,41,162,230,282,0,763
Se14 糖尿病,2016,4,2016-04-01,0,0,0,0,1,0,1,2,9,10,14,23,55,109,107,167,233,228,136,51,7,0,0,1,3,19,37,164,274,655,0,1153
Se15 高血圧性疾患,2016,4,2016-04-01,0,0,0,0,0,0,1,2,1,5,4,8,12,24,32,31,69,108,141,89,20,0,0,0,3,6,12,36,63,427,0,547
Se16 心疾患（高血圧性を除く）,2016,4,2016-04-01,10,0,2,5,10,10,21,47,91,144,201,245,431,862,1098,1701,2608,3420,3034,1455,365,10,7,20,68,235,446,1293,2799,10882,2,15762
Se17 急性心筋梗塞,2016,4,2016-04-01,0,0,0,0,0,0,5,15,23,39,70,90,138,220,269,389,477,559,379,129,30,0,0,0,20,62,160,358,658,1574,1,2833
Se18 その他の虚血性心疾患,2016,4,2016-04-01,0,0,0,1,1,3,3,9,21,34,45,60,104,220,289,349,497,476,342,133,28,0,1,4,12,55,105,324,638,1476,1,2616
Se19 不整脈及び伝導障害,2016,4,2016-04-01,2,0,1,0,2,3,5,12,16,23,30,41,74,139,155,312,435,531,499,212,38,2,1,5,17,39,71,213,467,1715,0,2530
Se20 心不全,2016,4,2016-04-01,0,0,0,0,2,2,5,5,14,30,25,31,71,176,260,461,867,1421,1440,811,234,0,0,4,10,44,56,247,721,4773,0,5855
Se21 脳血管疾患,2016,4,2016-04-01,1,1,1,1,4,4,10,20,77,102,115,182,274,518,666,1000,1590,1923,1581,637,158,2,2,8,30,179,297,792,1666,5889,0,8865
Se22 くも膜下出血,2016,4,2016-04-01,0,0,0,0,2,1,5,12,36,44,44,58,64,109,108,108,164,135,89,28,3,0,0,3,17,80,102,173,216,419,0,1010
Se23 脳内出血,2016,4,2016-04-01,1,1,1,0,1,3,4,8,35,51,60,100,135,216,254,359,483,474,308,94,13,2,1,4,12,86,160,351,613,1372,0,2601
Se24 脳梗塞,2016,4,2016-04-01,0,0,0,0,0,0,1,0,3,6,9,20,61,173,291,510,916,1269,1147,493,132,0,0,0,1,9,29,234,801,3957,0,5031
Se25 大動脈瘤及び解離,2016,4,2016-04-01,0,0,0,0,0,0,3,1,10,12,22,32,68,120,145,167,266,325,191,54,9,0,0,0,4,22,54,188,312,845,0,1425
Se26 肺炎,2016,4,2016-04-01,6,3,0,2,0,2,2,5,10,15,26,54,116,288,520,969,1797,2447,2112,986,230,9,2,2,7,25,80,404,1489,7572,0,9590
Se27 慢性閉塞性肺疾患,2016,4,2016-04-01,0,0,0,0,0,0,0,0,1,2,2,9,19,42,116,193,286,333,210,53,10,0,0,0,0,3,11,61,309,892,0,1276
Se28 喘息,2016,4,2016-04-01,0,0,0,0,0,0,0,0,0,3,1,3,4,5,7,13,17,25,27,8,4,0,0,0,0,3,4,9,20,81,0,117
Se29 肝疾患,2016,4,2016-04-01,1,0,0,0,0,0,3,8,29,53,69,81,121,162,146,186,181,132,86,19,2,1,0,0,11,82,150,283,332,420,0,1279
Se30 腎不全,2016,4,2016-04-01,1,0,0,0,0,0,0,3,2,5,7,12,41,93,99,193,374,518,424,180,33,1,0,0,3,7,19,134,292,1529,0,1985
Se31 老衰,2016,4,2016-04-01,0,0,0,0,0,0,0,0,0,0,0,0,2,8,48,165,596,1529,2274,1785,772,0,0,0,0,0,0,10,213,6956,0,7179
Se32 不慮の事故,2016,4,2016-04-01,12,4,4,22,36,24,36,37,51,58,65,77,130,195,263,406,517,545,420,155,28,16,26,60,73,109,142,325,669,1665,5,3090
Se33 交通事故,2016,4,2016-04-01,2,3,2,16,20,11,14,14,17,15,24,19,19,30,48,66,55,39,15,3,0,5,18,31,28,32,43,49,114,112,0,432
Se34 自殺,2016,4,2016-04-01,0,0,7,44,99,102,98,125,144,159,158,140,121,160,125,106,105,59,16,8,0,0,51,201,223,303,298,281,231,188,4,1780
総数,2016,5,2016-05-01,215,32,39,96,168,203,303,442,761,1176,1689,2307,3964,7794,8682,11902,17736,20225,16352,7648,2080,247,135,371,745,1937,3996,11758,20584,64041,37,103851
Se01 結核,2016,5,2016-05-01,0,0,0,0,0,0,0,0,1,0,1,2,2,9,7,16,26,47,32,7,0,0,0,0,0,1,3,11,23,112,0,150
Se02 悪性新生物＜腫瘍＞,2016,5,2016-05-01,7,8,6,9,15,16,61,122,231,409,677,1097,1983,3893,4124,4723,5631,4677,2495,681,106,15,15,31,183,640,1774,5876,8847,13590,1,30972
Se03 食道の悪性新生物＜腫瘍＞,2016,5,2016-05-01,0,0,0,0,0,0,0,0,2,12,16,39,108,168,186,166,138,88,40,8,0,0,0,0,0,14,55,276,352,274,0,971
Se04 胃の悪性新生物＜腫瘍＞,2016,5,2016-05-01,0,0,0,0,2,0,9,14,19,38,63,98,218,458,535,598,648,588,298,87,15,0,0,2,23,57,161,676,1133,1636,0,3688
Se05 結腸の悪性新生物＜腫瘍＞,2016,5,2016-05-01,0,0,0,0,1,0,3,12,21,32,53,93,166,321,332,401,511,479,318,106,22,0,0,1,15,53,146,487,733,1436,0,2871
Se06 直腸Ｓ状結腸移行部及び直腸の悪性新生物＜腫瘍＞,2016,5,2016-05-01,0,0,0,2,0,0,0,10,13,31,43,72,103,214,192,180,213,163,81,17,2,0,2,0,10,44,115,317,372,476,0,1336
Se07 肝及び肝内胆管の悪性新生物＜腫瘍＞,2016,5,2016-05-01,2,0,0,0,0,0,0,4,8,15,35,73,149,295,333,406,536,365,143,29,3,2,0,0,4,23,108,444,739,1076,0,2396
Se08 胆のう及びその他の胆道の悪性新生物＜腫瘍＞,2016,5,2016-05-01,0,0,0,0,0,0,1,0,6,8,15,20,60,123,165,234,323,305,193,53,6,0,0,0,1,14,35,183,399,880,0,1512
Se09 膵の悪性新生物＜腫瘍＞,2016,5,2016-05-01,0,0,0,0,1,0,1,3,14,36,66,103,202,381,397,467,524,407,189,48,5,0,0,1,4,50,169,583,864,1173,0,2844
Se10 気管，気管支及び肺の悪性新生物＜腫瘍＞,2016,5,2016-05-01,0,0,0,0,0,2,3,7,21,40,77,167,349,851,928,1009,1178,939,439,99,11,0,0,2,10,61,244,1200,1937,2666,1,6121
Se11 乳房の悪性新生物＜腫瘍＞,2016,5,2016-05-01,0,0,0,0,1,2,6,12,42,59,98,94,144,173,130,109,117,68,76,29,9,0,0,3,18,101,192,317,239,299,0,1169
Se12 子宮の悪性新生物＜腫瘍＞,2016,5,2016-05-01,0,0,0,0,1,0,3,10,19,19,41,53,45,56,56,53,62,51,29,7,1,0,0,1,13,38,94,101,109,150,0,506
Se13 白血病,2016,5,2016-05-01,3,1,3,1,1,0,8,10,12,18,24,30,42,104,93,133,113,81,39,6,0,4,4,1,18,30,54,146,226,239,0,722
Se14 糖尿病,2016,5,2016-05-01,0,0,0,0,0,0,1,3,8,15,21,29,52,101,80,153,212,203,119,54,10,0,0,0,4,23,50,153,233,598,0,1061
Se15 高血圧性疾患,2016,5,2016-05-01,0,0,0,0,0,0,1,1,2,5,8,12,11,19,28,38,51,111,111,72,31,0,0,0,2,7,20,30,66,376,1,502
Se16 心疾患（高血圧性を除く）,2016,5,2016-05-01,8,2,4,3,7,9,27,38,80,144,205,266,455,899,1007,1428,2451,3263,2874,1426,367,10,7,16,65,224,471,1354,2435,10381,4,14967
Se17 急性心筋梗塞,2016,5,2016-05-01,0,0,0,0,0,0,3,10,17,44,60,88,124,250,236,303,469,508,320,105,18,0,0,0,13,61,148,374,539,1420,1,2556
Se18 その他の虚血性心疾患,2016,5,2016-05-01,0,0,0,0,0,1,6,5,27,36,46,61,121,245,248,323,477,502,326,124,27,0,0,1,11,63,107,366,571,1456,0,2575
Se19 不整脈及び伝導障害,2016,5,2016-05-01,0,1,1,0,0,3,6,9,21,28,35,44,78,126,150,225,368,508,437,195,46,1,1,3,15,49,79,204,375,1554,1,2282
Se20 心不全,2016,5,2016-05-01,1,1,2,0,1,4,3,8,6,18,39,43,88,159,263,419,851,1354,1458,833,245,2,2,5,11,24,82,247,682,4741,1,5797
Se21 脳血管疾患,2016,5,2016-05-01,1,0,2,1,2,1,11,32,56,103,111,165,265,499,555,964,1534,1857,1579,681,141,1,3,3,43,159,276,764,1519,5792,2,8562
Se22 くも膜下出血,2016,5,2016-05-01,0,0,1,0,1,0,4,20,31,45,37,40,59,90,95,105,146,127,77,17,1,0,1,1,24,76,77,149,200,368,0,896
Se23 脳内出血,2016,5,2016-05-01,0,0,1,1,1,1,5,10,21,45,62,96,127,229,208,351,465,442,313,114,12,0,2,2,15,66,158,356,559,1346,1,2505
Se24 脳梗塞,2016,5,2016-05-01,1,0,0,0,0,0,1,2,0,10,7,23,67,166,239,479,894,1246,1147,538,122,1,0,0,3,10,30,233,718,3947,1,4943
Se25 大動脈瘤及び解離,2016,5,2016-05-01,0,0,1,0,2,0,1,3,10,17,26,35,44,109,116,157,266,275,207,60,10,0,1,2,4,27,61,153,273,818,1,1340
Se26 肺炎,2016,5,2016-05-01,4,3,1,1,1,0,3,8,7,19,38,39,118,293,445,879,1790,2365,2027,919,221,7,2,1,11,26,77,411,1324,7322,1,9182
Se27 慢性閉塞性肺疾患,2016,5,2016-05-01,0,0,0,0,0,0,1,0,1,2,2,4,14,48,106,165,279,310,194,62,13,0,0,0,1,3,6,62,271,858,1,1202
Se28 喘息,2016,5,2016-05-01,0,0,0,0,0,0,1,1,1,1,3,0,2,10,10,8,17,34,16,9,3,0,0,0,2,2,3,12,18,79,0,116
Se29 肝疾患,2016,5,2016-05-01,2,0,1,0,1,0,6,9,33,54,71,76,110,167,170,179,187,126,67,27,2,2,1,1,15,87,147,277,349,409,1,1289
Se30 腎不全,2016,5,2016-05-01,1,1,0,0,0,0,0,2,2,7,9,18,31,85,101,202,387,534,406,163,23,2,0,0,2,9,27,116,303,1513,1,1973
Se31 老衰,2016,5,2016-05-01,0,0,0,0,0,0,0,0,0,0,0,0,7,15,51,156,596,1417,2383,1816,765,0,0,0,0,0,0,22,207,6977,0,7206
Se32 不慮の事故,2016,5,2016-05-01,13,9,9,31,28,22,22,33,41,52,76,83,118,225,239,324,513,459,353,127,32,22,40,50,55,93,159,343,563,1484,1,2810
Se33 交通事故,2016,5,2016-05-01,1,5,4,22,15,13,13,13,20,21,20,23,32,53,38,42,46,42,12,2,0,6,26,28,26,41,43,85,80,102,0,437
Se34 自殺,2016,5,2016-05-01,0,0,7,34,76,118,115,127,155,182,179,136,139,212,131,147,102,64,30,5,1,0,41,194,242,337,315,351,278,202,5,1965
総数,2016,6,2016-06-01,194,27,26,90,156,177,304,402,718,1094,1568,2167,3687,7121,8097,11225,16234,18780,14811,6926,1854,221,116,333,706,1812,3735,10808,19322,58605,35,95693
Se01 結核,2016,6,2016-06-01,0,0,0,0,0,0,0,1,0,0,2,2,1,6,9,17,32,42,32,10,0,0,0,0,1,0,4,7,26,116,0,154
Se02 悪性新生物＜腫瘍＞,2016,6,2016-06-01,4,9,6,10,13,25,46,101,232,414,629,1034,1874,3728,3909,4662,5409,4536,2486,683,110,13,16,38,147,646,1663,5602,8571,13224,2,29922
Se03 食道の悪性新生物＜腫瘍＞,2016,6,2016-06-01,0,0,0,0,0,0,0,0,3,9,18,37,102,158,157,148,126,85,39,4,1,0,0,0,0,12,55,260,305,255,0,887
Se04 胃の悪性新生物＜腫瘍＞,2016,6,2016-06-01,0,0,0,0,0,2,7,9,29,48,61,108,207,447,471,567,673,577,340,96,9,0,0,2,16,77,169,654,1038,1695,0,3651
Se05 結腸の悪性新生物＜腫瘍＞,2016,6,2016-06-01,0,0,0,0,0,0,3,8,21,37,50,79,155,312,320,421,478,484,280,101,24,0,0,0,11,58,129,467,741,1367,0,2773
Se06 直腸Ｓ状結腸移行部及び直腸の悪性新生物＜腫瘍＞,2016,6,2016-06-01,0,0,0,0,0,1,1,4,8,21,36,74,108,206,194,181,190,142,88,15,7,0,0,1,5,29,110,314,375,442,0,1276
Se07 肝及び肝内胆管の悪性新生物＜腫瘍＞,2016,6,2016-06-01,0,1,0,0,0,1,1,2,9,15,31,65,143,256,319,368,452,348,153,34,3,1,0,1,3,24,96,399,687,990,0,2201
Se08 胆のう及びその他の胆道の悪性新生物＜腫瘍＞,2016,6,2016-06-01,0,0,0,0,0,0,0,0,0,8,19,16,65,137,159,223,324,298,187,67,5,0,0,0,0,8,35,202,382,881,0,1508
Se09 膵の悪性新生物＜腫瘍＞,2016,6,2016-06-01,0,0,0,0,0,0,1,2,11,36,53,103,175,395,397,470,505,348,207,47,5,0,0,0,3,47,156,570,867,1112,0,2755
Se10 気管，気管支及び肺の悪性新生物＜腫瘍＞,2016,6,2016-06-01,0,0,0,0,0,1,2,6,19,41,84,157,319,802,849,954,1150,920,430,99,20,0,0,1,8,60,241,1121,1803,2619,1,5854
Se11 乳房の悪性新生物＜腫瘍＞,2016,6,2016-06-01,0,0,0,0,0,3,7,19,38,55,91,99,125,153,114,106,96,95,62,22,5,0,0,3,26,93,190,278,220,280,0,1090
Se12 子宮の悪性新生物＜腫瘍＞,2016,6,2016-06-01,0,0,0,0,0,1,6,14,25,36,38,46,35,80,42,57,50,59,25,13,1,0,0,1,20,61,84,115,99,148,0,528
Se13 白血病,2016,6,2016-06-01,1,3,3,2,2,5,4,6,13,18,12,34,45,104,101,128,132,91,38,9,1,4,5,7,10,31,46,149,229,271,0,752
Se14 糖尿病,2016,6,2016-06-01,0,0,0,0,0,1,3,0,7,9,15,30,56,76,109,148,169,180,116,45,8,0,0,1,3,16,45,132,257,518,0,972
Se15 高血圧性疾患,2016,6,2016-06-01,0,0,0,0,0,0,1,0,3,2,2,11,9,21,28,31,64,89,111,78,35,0,0,0,1,5,13,30,59,377,0,485
Se16 心疾患（高血圧性を除く）,2016,6,2016-06-01,5,1,1,3,6,10,18,35,63,128,194,216,415,778,853,1391,2203,2981,2658,1322,322,6,4,16,53,191,410,1193,2244,9486,4,13607
Se17 急性心筋梗塞,2016,6,2016-06-01,0,0,0,0,2,0,5,4,15,46,55,70,117,226,206,292,432,426,347,121,21,0,0,2,9,61,125,343,498,1347,1,2386
Se18 その他の虚血性心疾患,2016,6,2016-06-01,0,1,0,0,1,1,3,9,20,31,41,51,119,199,201,311,392,456,309,112,20,1,0,2,12,51,92,318,512,1289,2,2279
Se19 不整脈及び伝導障害,2016,6,2016-06-01,1,0,1,1,0,7,5,9,9,19,31,34,67,115,132,212,320,461,387,192,35,1,2,7,14,28,65,182,344,1395,0,2038
Se20 心不全,2016,6,2016-06-01,2,0,0,0,1,1,3,6,7,14,38,38,69,163,198,408,813,1253,1304,753,216,2,0,2,9,21,76,232,606,4339,1,5288
Se21 脳血管疾患,2016,6,2016-06-01,0,1,1,3,1,2,12,32,63,86,135,167,228,438,512,874,1413,1685,1330,577,150,1,4,3,44,149,302,666,1386,5155,0,7710
Se22 くも膜下出血,2016,6,2016-06-01,0,0,0,0,0,2,4,19,28,29,61,36,42,85,91,97,134,123,66,23,3,0,0,2,23,57,97,127,188,349,0,843
Se23 脳内出血,2016,6,2016-06-01,0,1,1,3,0,0,6,8,27,56,63,103,130,188,168,286,463,416,275,73,27,1,4,0,14,83,166,318,454,1254,0,2294
Se24 脳梗塞,2016,6,2016-06-01,0,0,0,0,1,0,2,3,6,0,8,23,49,152,237,480,784,1115,954,468,116,0,0,1,5,6,31,201,717,3437,0,4398
Se25 大動脈瘤及び解離,2016,6,2016-06-01,0,0,0,0,0,0,0,4,4,13,20,29,51,94,118,152,210,281,189,53,5,0,0,0,4,17,49,145,270,738,0,1223
Se26 肺炎,2016,6,2016-06-01,2,1,1,1,2,6,3,8,3,23,29,39,120,270,435,797,1495,2151,1828,797,173,3,2,8,11,26,68,390,1232,6444,0,8184
Se27 慢性閉塞性肺疾患,2016,6,2016-06-01,0,0,0,0,0,0,0,0,1,1,2,7,13,52,92,154,277,298,173,49,10,0,0,0,0,2,9,65,246,807,0,1129
Se28 喘息,2016,6,2016-06-01,0,0,0,0,0,0,0,0,2,0,1,1,2,11,2,12,17,23,11,12,1,0,0,0,0,2,2,13,14,64,0,95
Se29 肝疾患,2016,6,2016-06-01,3,0,0,1,0,0,5,10,30,48,61,91,103,128,136,159,167,124,60,19,3,3,1,0,15,78,152,231,295,373,0,1148
Se30 腎不全,2016,6,2016-06-01,0,0,0,2,0,0,0,0,2,5,9,12,40,70,105,182,352,450,356,154,28,0,2,0,0,7,21,110,287,1340,0,1767
Se31 老衰,2016,6,2016-06-01,0,0,0,0,0,0,0,0,0,0,0,0,1,6,44,125,565,1368,2075,1638,682,0,0,0,0,0,0,7,169,6328,0,6504
Se32 不慮の事故,2016,6,2016-06-01,9,2,4,21,25,21,33,25,31,54,53,58,97,193,180,290,345,427,303,109,30,11,25,46,58,85,111,290,470,1214,2,2312
Se33 交通事故,2016,6,2016-06-01,0,2,1,17,15,11,16,12,11,19,20,10,21,49,27,39,29,26,11,2,0,2,18,26,28,30,30,70,66,68,0,338
Se34 自殺,2016,6,2016-06-01,0,0,2,33,90,89,120,109,137,171,182,152,118,165,139,111,91,54,29,4,0,0,35,179,229,308,334,283,250,178,7,1803
総数,2016,7,2016-07-01,216,26,44,101,179,197,257,409,769,1064,1528,2199,3798,7463,8231,11559,16780,19318,15759,6905,2018,242,145,376,666,1833,3727,11261,19790,60780,42,98862
Se01 結核,2016,7,2016-07-01,0,0,0,0,0,0,0,0,0,1,1,0,4,9,7,20,34,50,23,10,0,0,0,0,0,1,1,13,27,117,0,159
Se02 悪性新生物＜腫瘍＞,2016,7,2016-07-01,3,8,5,9,15,23,53,99,256,372,661,1033,1935,3965,4005,4877,5677,4823,2567,683,118,11,14,38,152,628,1694,5900,8882,13868,1,31188
Se03 食道の悪性新生物＜腫瘍＞,2016,7,2016-07-01,0,0,0,0,0,0,1,1,5,8,20,54,88,178,178,178,128,96,39,8,0,0,0,0,2,13,74,266,356,271,0,982
Se04 胃の悪性新生物＜腫瘍＞,2016,7,2016-07-01,0,0,0,0,1,3,1,13,31,36,58,111,211,455,461,620,702,618,315,100,15,0,0,4,14,67,169,666,1081,1750,0,3751
Se05 結腸の悪性新生物＜腫瘍＞,2016,7,2016-07-01,0,0,0,0,0,1,3,10,17,44,53,95,188,353,351,413,503,523,340,101,14,0,0,1,13,61,148,541,764,1481,0,3009
Se06 直腸Ｓ状結腸移行部及び直腸の悪性新生物＜腫瘍＞,2016,7,2016-07-01,0,0,0,0,1,0,0,3,12,22,39,61,122,187,179,206,179,152,75,16,6,0,0,1,3,34,100,309,385,428,0,1260
Se07 肝及び肝内胆管の悪性新生物＜腫瘍＞,2016,7,2016-07-01,0,0,0,0,0,0,1,5,10,21,32,64,131,311,323,402,505,383,174,51,4,0,0,0,6,31,96,442,725,1117,0,2417
Se08 胆のう及びその他の胆道の悪性新生物＜腫瘍＞,2016,7,2016-07-01,0,0,0,0,0,0,0,0,5,8,16,31,59,144,139,222,320,333,189,46,7,0,0,0,0,13,47,203,361,895,1,1520
Se09 膵の悪性新生物＜腫瘍＞,2016,7,2016-07-01,0,0,0,0,0,0,2,2,12,21,57,103,204,387,385,494,528,394,187,56,6,0,0,0,4,33,160,591,879,1171,0,2838
Se10 気管，気管支及び肺の悪性新生物＜腫瘍＞,2016,7,2016-07-01,0,0,0,0,1,0,2,9,17,37,75,150,327,825,898,1044,1158,949,448,99,19,0,0,1,11,54,225,1152,1942,2673,0,6058
Se11 乳房の悪性新生物＜腫瘍＞,2016,7,2016-07-01,0,0,0,0,0,1,12,13,51,57,103,104,136,178,141,127,122,100,79,30,7,0,0,1,25,108,207,314,268,338,0,1261
Se12 子宮の悪性新生物＜腫瘍＞,2016,7,2016-07-01,0,0,0,0,0,2,7,6,20,21,45,46,49,76,55,49,58,45,29,8,1,0,0,2,13,41,91,125,104,141,0,517
Se13 白血病,2016,7,2016-07-01,0,1,1,3,4,3,7,6,13,7,21,22,39,112,87,117,131,101,30,4,2,1,4,7,13,20,43,151,204,268,0,711
Se14 糖尿病,2016,7,2016-07-01,0,0,0,0,0,1,0,1,3,8,14,13,54,87,96,138,189,184,123,37,10,0,0,1,1,11,27,141,234,543,0,958
Se15 高血圧性疾患,2016,7,2016-07-01,0,0,0,0,0,0,0,0,0,2,5,5,6,19,20,39,71,102,94,70,30,0,0,0,0,2,10,25,59,367,0,463
Se16 心疾患（高血圧性を除く）,2016,7,2016-07-01,10,2,3,6,11,21,23,32,84,125,177,266,437,782,889,1320,2276,2915,2734,1237,341,12,9,32,55,209,443,1219,2209,9503,6,13697
Se17 急性心筋梗塞,2016,7,2016-07-01,0,0,0,0,0,1,1,9,22,30,59,78,121,205,206,265,449,438,343,98,19,0,0,1,10,52,137,326,471,1347,1,2345
Se18 その他の虚血性心疾患,2016,7,2016-07-01,0,0,0,0,4,2,6,5,19,37,42,78,114,213,219,304,407,425,294,114,29,0,0,6,11,56,120,327,523,1269,5,2317
Se19 不整脈及び伝導障害,2016,7,2016-07-01,3,1,0,2,3,8,7,5,16,20,30,38,60,143,136,211,358,479,406,142,45,4,2,11,12,36,68,203,347,1430,0,2113
Se20 心不全,2016,7,2016-07-01,0,1,1,2,1,7,4,7,12,18,22,40,92,144,201,371,799,1196,1367,729,222,1,3,8,11,30,62,236,572,4313,0,5236
Se21 脳血管疾患,2016,7,2016-07-01,0,1,1,4,3,2,12,21,54,80,108,149,243,446,578,919,1447,1775,1461,583,154,1,5,5,33,134,257,689,1497,5420,2,8043
Se22 くも膜下出血,2016,7,2016-07-01,0,0,1,2,2,2,7,10,28,37,43,54,62,105,96,120,158,134,73,21,6,0,3,4,17,65,97,167,216,392,0,961
Se23 脳内出血,2016,7,2016-07-01,0,1,0,2,1,0,4,11,22,34,55,70,115,172,217,280,420,420,285,77,9,1,2,1,15,56,125,287,497,1211,0,2195
Se24 脳梗塞,2016,7,2016-07-01,0,0,0,0,0,0,1,0,2,5,5,24,59,155,250,490,837,1167,1078,471,133,0,0,0,1,7,29,214,740,3686,1,4678
Se25 大動脈瘤及び解離,2016,7,2016-07-01,0,0,0,0,0,0,0,4,8,20,20,28,42,116,100,154,209,271,159,46,4,0,0,0,4,28,48,158,254,689,1,1182
Se26 肺炎,2016,7,2016-07-01,10,1,1,0,1,0,2,4,7,7,30,42,100,232,437,827,1549,2144,1832,825,193,11,1,1,6,14,72,332,1264,6543,1,8245
Se27 慢性閉塞性肺疾患,2016,7,2016-07-01,0,0,0,0,0,0,0,0,0,0,1,6,12,52,100,176,260,323,207,49,10,0,0,0,0,0,7,64,276,849,0,1196
Se28 喘息,2016,7,2016-07-01,0,0,0,0,0,0,0,0,2,1,2,4,4,3,5,10,13,25,29,9,2,0,0,0,0,3,6,7,15,78,0,109
Se29 肝疾患,2016,7,2016-07-01,2,0,0,0,0,0,5,6,27,52,66,91,106,171,117,161,161,107,61,19,0,2,0,0,11,79,157,277,278,348,0,1152
Se30 腎不全,2016,7,2016-07-01,0,0,0,0,0,0,0,4,2,6,9,17,33,95,100,191,327,439,375,151,26,0,0,0,4,8,26,128,291,1318,0,1775
Se31 老衰,2016,7,2016-07-01,0,0,0,0,0,0,0,0,0,0,0,0,3,12,40,150,544,1419,2291,1650,764,0,0,0,0,0,0,15,190,6668,0,6873
Se32 不慮の事故,2016,7,2016-07-01,12,5,10,35,33,33,20,35,46,57,61,89,107,206,204,280,396,454,318,125,33,17,45,66,55,103,150,313,484,1326,2,2561
Se33 交通事故,2016,7,2016-07-01,2,1,4,20,18,19,6,13,19,17,21,25,21,48,37,36,47,34,12,0,0,3,24,37,19,36,46,69,73,93,0,400
Se34 自殺,2016,7,2016-07-01,0,0,7,28,95,88,107,128,141,157,137,124,123,176,125,106,102,70,30,2,3,0,35,183,235,298,261,299,231,207,6,1755
総数,2016,8,2016-08-01,200,37,46,97,176,192,278,426,769,1190,1606,2303,3920,7688,8620,12139,17585,20406,16256,7360,2040,237,143,368,704,1959,3909,11608,20759,63647,41,103375
Se01 結核,2016,8,2016-08-01,0,0,0,0,0,0,0,0,0,0,1,0,4,7,9,5,26,41,34,12,0,0,0,0,0,0,1,11,14,113,0,139
Se02 悪性新生物＜腫瘍＞,2016,8,2016-08-01,6,6,13,6,8,24,53,117,207,384,654,1073,1904,3957,4142,4917,5697,4902,2581,721,114,12,19,32,170,591,1727,5861,9059,14015,2,31488
Se03 食道の悪性新生物＜腫瘍＞,2016,8,2016-08-01,0,0,0,0,0,1,0,2,2,9,17,36,72,169,171,171,158,93,42,8,2,0,0,1,2,11,53,241,342,303,0,953
Se04 胃の悪性新生物＜腫瘍＞,2016,8,2016-08-01,0,0,0,0,2,0,8,13,12,42,64,135,202,487,507,567,710,623,333,99,11,0,0,2,21,54,199,689,1074,1776,1,3816
Se05 結腸の悪性新生物＜腫瘍＞,2016,8,2016-08-01,0,0,0,0,0,1,2,6,14,34,57,86,173,350,372,450,507,515,333,111,11,0,0,1,8,48,143,523,822,1477,0,3022
Se06 直腸Ｓ状結腸移行部及び直腸の悪性新生物＜腫瘍＞,2016,8,2016-08-01,0,0,0,0,0,0,3,5,7,19,40,74,127,194,175,185,207,142,92,26,3,0,0,0,8,26,114,321,360,470,0,1299
Se07 肝及び肝内胆管の悪性新生物＜腫瘍＞,2016,8,2016-08-01,1,0,0,0,0,0,0,1,11,14,22,81,124,275,306,451,494,399,159,28,4,1,0,0,1,25,103,399,757,1084,0,2370
Se08 胆のう及びその他の胆道の悪性新生物＜腫瘍＞,2016,8,2016-08-01,0,0,0,0,0,0,0,1,5,6,18,16,59,130,164,228,311,319,178,62,13,0,0,0,1,11,34,189,392,883,0,1510
Se09 膵の悪性新生物＜腫瘍＞,2016,8,2016-08-01,0,0,0,0,0,0,0,4,6,24,41,92,187,435,418,471,557,391,221,57,11,0,0,0,4,30,133,622,889,1237,0,2915
Se10 気管，気管支及び肺の悪性新生物＜腫瘍＞,2016,8,2016-08-01,0,0,0,0,0,1,6,12,25,42,92,152,367,821,937,1005,1185,952,436,115,13,0,0,1,18,67,244,1188,1942,2701,0,6161
Se11 乳房の悪性新生物＜腫瘍＞,2016,8,2016-08-01,0,0,0,0,0,0,10,16,37,61,100,109,125,181,130,128,112,85,67,27,6,0,0,0,26,98,209,306,258,297,0,1194
Se12 子宮の悪性新生物＜腫瘍＞,2016,8,2016-08-01,0,0,0,0,0,3,1,12,19,33,38,40,49,74,58,66,55,57,28,6,1,0,0,3,13,52,78,123,124,147,0,540
Se13 白血病,2016,8,2016-08-01,4,2,3,0,1,7,8,5,13,12,17,28,57,92,94,153,123,88,35,4,3,6,3,8,13,25,45,149,247,253,0,749
Se14 糖尿病,2016,8,2016-08-01,0,0,0,0,2,0,1,4,5,14,19,22,45,98,87,148,209,193,122,43,15,0,0,2,5,19,41,143,235,582,0,1027
Se15 高血圧性疾患,2016,8,2016-08-01,0,0,0,0,0,0,0,0,2,5,1,6,16,22,22,38,76,112,111,70,23,0,0,0,0,7,7,38,60,392,1,505
Se16 心疾患（高血圧性を除く）,2016,8,2016-08-01,7,0,1,6,4,12,13,41,79,167,215,290,451,839,970,1429,2228,3168,2826,1314,295,7,7,16,54,246,505,1290,2399,9831,4,14359
Se17 急性心筋梗塞,2016,8,2016-08-01,0,0,0,0,0,2,2,9,29,45,79,91,138,220,243,322,430,494,333,126,16,0,0,2,11,74,170,358,565,1399,0,2579
Se18 その他の虚血性心疾患,2016,8,2016-08-01,0,0,0,1,0,1,1,10,15,52,55,75,121,244,243,328,419,466,288,117,27,0,1,1,11,67,130,365,571,1317,2,2465
Se19 不整脈及び伝導障害,2016,8,2016-08-01,0,0,1,1,1,5,4,12,15,26,31,52,65,136,141,214,341,504,426,172,42,0,2,6,16,41,83,201,355,1485,0,2189
Se20 心不全,2016,8,2016-08-01,2,0,0,3,1,0,1,5,10,24,22,40,73,142,225,402,790,1320,1425,749,187,2,3,1,6,34,62,215,627,4471,2,5423
Se21 脳血管疾患,2016,8,2016-08-01,0,0,1,1,3,5,11,17,77,90,131,151,248,462,576,926,1580,1778,1505,645,142,0,2,8,28,167,282,710,1502,5650,2,8351
Se22 くも膜下出血,2016,8,2016-08-01,0,0,0,0,1,4,8,6,39,46,54,53,65,86,91,112,153,122,74,31,5,0,0,5,14,85,107,151,203,385,0,950
Se23 脳内出血,2016,8,2016-08-01,0,0,1,1,2,1,3,8,33,34,61,65,119,197,227,309,460,428,309,77,10,0,2,3,11,67,126,316,536,1284,1,2346
Se24 脳梗塞,2016,8,2016-08-01,0,0,0,0,0,0,0,2,5,7,15,27,58,171,244,483,940,1175,1091,527,126,0,0,0,2,12,42,229,727,3859,1,4872
Se25 大動脈瘤及び解離,2016,8,2016-08-01,0,0,0,0,1,0,0,2,10,15,13,41,43,96,104,150,254,276,177,47,7,0,0,1,2,25,54,139,254,761,1,1237
Se26 肺炎,2016,8,2016-08-01,6,2,0,0,1,4,2,5,8,16,21,45,116,299,465,889,1721,2503,2049,902,231,8,0,5,7,24,66,415,1354,7406,0,9285
Se27 慢性閉塞性肺疾患,2016,8,2016-08-01,0,0,0,0,0,0,0,0,1,0,1,6,29,51,126,206,286,288,194,63,9,0,0,0,0,1,7,80,332,840,0,1260
Se28 喘息,2016,8,2016-08-01,1,0,0,0,0,1,0,3,3,2,0,4,3,10,8,11,20,23,22,11,5,1,0,1,3,5,4,13,19,81,0,127
Se29 肝疾患,2016,8,2016-08-01,2,0,0,0,0,0,4,10,35,51,90,81,113,170,133,146,154,129,60,12,1,2,0,0,14,86,171,283,279,356,1,1192
Se30 腎不全,2016,8,2016-08-01,0,0,0,0,0,0,2,0,1,8,12,15,36,73,108,204,348,457,385,139,21,0,0,0,2,9,27,109,312,1350,0,1809
Se31 老衰,2016,8,2016-08-01,0,0,0,0,0,0,0,0,0,0,0,0,1,12,41,174,598,1536,2333,1801,802,0,0,0,0,0,0,13,215,7070,0,7298
Se32 不慮の事故,2016,8,2016-08-01,13,12,10,33,44,31,36,47,52,67,59,87,139,205,252,334,437,499,376,157,25,25,43,75,83,119,146,344,586,1494,3,2918
Se33 交通事故,2016,8,2016-08-01,3,2,2,16,22,14,11,24,20,23,17,20,32,31,54,40,55,37,12,2,0,5,18,36,35,43,37,63,94,106,0,437
Se34 自殺,2016,8,2016-08-01,0,0,11,39,82,82,98,121,150,146,137,107,124,142,119,112,81,58,31,4,0,0,50,164,219,296,244,266,231,174,4,1648
総数,2016,9,2016-09-01,209,38,32,95,148,217,264,430,682,1103,1514,2162,3566,7223,8199,11736,16946,20178,16153,7447,2093,247,127,365,694,1785,3676,10789,19935,62817,44,100479
Se01 結核,2016,9,2016-09-01,0,0,0,0,0,1,0,2,0,0,0,0,3,5,7,23,30,56,37,13,1,0,0,1,2,0,0,8,30,137,0,178
Se02 悪性新生物＜腫瘍＞,2016,9,2016-09-01,10,8,5,9,9,33,42,121,210,406,642,1013,1891,3750,3971,4770,5558,4919,2612,746,109,18,14,42,163,616,1655,5641,8741,13944,2,30836
Se03 食道の悪性新生物＜腫瘍＞,2016,9,2016-09-01,0,0,0,0,0,0,0,0,3,10,25,42,97,156,176,156,154,89,34,11,1,0,0,0,0,13,67,253,332,289,0,954
Se04 胃の悪性新生物＜腫瘍＞,2016,9,2016-09-01,0,0,0,0,0,2,6,12,24,41,60,103,209,451,472,579,701,667,343,107,13,0,0,2,18,65,163,660,1051,1831,1,3791
Se05 結腸の悪性新生物＜腫瘍＞,2016,9,2016-09-01,0,0,0,1,0,0,5,15,22,32,58,84,176,317,321,407,489,486,355,115,14,0,1,0,20,54,142,493,728,1459,1,2898
Se06 直腸Ｓ状結腸移行部及び直腸の悪性新生物＜腫瘍＞,2016,9,2016-09-01,0,0,0,0,0,1,4,7,11,21,34,70,124,219,201,183,205,163,76,32,3,0,0,1,11,32,104,343,384,479,0,1354
Se07 肝及び肝内胆管の悪性新生物＜腫瘍＞,2016,9,2016-09-01,1,0,0,0,0,0,0,1,5,21,29,63,135,267,338,395,510,344,181,33,3,1,0,0,1,26,92,402,733,1071,0,2326
Se08 胆のう及びその他の胆道の悪性新生物＜腫瘍＞,2016,9,2016-09-01,0,0,0,0,0,0,0,4,5,3,17,28,62,128,138,251,322,317,193,57,12,0,0,0,4,8,45,190,389,901,0,1537
Se09 膵の悪性新生物＜腫瘍＞,2016,9,2016-09-01,0,0,0,0,0,0,1,4,13,29,46,104,158,350,432,510,463,372,185,51,11,0,0,0,5,42,150,508,942,1082,0,2729
Se10 気管，気管支及び肺の悪性新生物＜腫瘍＞,2016,9,2016-09-01,0,0,1,0,0,2,2,6,18,36,68,140,317,776,897,1000,1153,1017,476,111,21,0,1,2,8,54,208,1093,1897,2778,0,6041
Se11 乳房の悪性新生物＜腫瘍＞,2016,9,2016-09-01,0,0,0,0,0,1,3,14,31,71,110,92,136,171,128,110,114,87,58,23,8,0,0,1,17,102,202,307,238,290,0,1157
Se12 子宮の悪性新生物＜腫瘍＞,2016,9,2016-09-01,0,0,0,0,0,3,3,16,19,29,48,46,48,70,44,57,53,63,36,12,1,0,0,3,19,48,94,118,101,165,0,548
Se13 白血病,2016,9,2016-09-01,2,3,2,3,2,5,4,11,11,14,16,22,47,88,83,115,134,98,33,9,0,5,5,7,15,25,38,135,198,274,0,702
Se14 糖尿病,2016,9,2016-09-01,0,0,0,0,1,0,1,3,3,6,15,27,31,81,94,141,166,194,113,43,14,0,0,1,4,9,42,112,235,530,0,933
Se15 高血圧性疾患,2016,9,2016-09-01,0,0,0,0,0,0,2,0,0,2,3,4,9,28,20,29,70,93,115,73,22,0,0,0,2,2,7,37,49,373,0,470
Se16 心疾患（高血圧性を除く）,2016,9,2016-09-01,5,2,1,0,9,13,24,36,72,138,166,247,350,729,841,1310,2141,2957,2739,1278,349,7,1,22,60,210,413,1079,2151,9464,5,13412
Se17 急性心筋梗塞,2016,9,2016-09-01,0,0,0,0,0,1,4,5,23,46,51,79,98,211,214,304,375,465,347,126,26,0,0,1,9,69,130,309,518,1339,0,2375
Se18 その他の虚血性心疾患,2016,9,2016-09-01,0,0,0,0,2,1,4,6,12,35,42,58,106,193,199,266,381,414,285,132,30,0,0,3,10,47,100,299,465,1242,2,2168
Se19 不整脈及び伝導障害,2016,9,2016-09-01,0,0,0,0,4,5,6,11,15,26,24,38,54,112,128,193,380,454,421,158,43,0,0,9,17,41,62,166,321,1456,0,2072
Se20 心不全,2016,9,2016-09-01,1,0,0,0,0,1,5,7,13,13,26,39,55,127,210,391,722,1257,1349,728,223,1,0,1,12,26,65,182,601,4279,3,5170
Se21 脳血管疾患,2016,9,2016-09-01,0,2,2,0,1,5,8,29,63,94,125,159,216,442,586,913,1521,1775,1463,617,146,2,2,6,37,157,284,658,1499,5522,1,8168
Se22 くも膜下出血,2016,9,2016-09-01,0,1,1,0,0,3,2,13,33,45,41,49,65,92,106,110,134,129,81,17,2,1,1,3,15,78,90,157,216,363,0,924
Se23 脳内出血,2016,9,2016-09-01,0,1,1,0,1,1,6,13,24,38,63,88,95,189,221,316,466,408,257,93,16,1,1,2,19,62,151,284,537,1240,0,2297
Se24 脳梗塞,2016,9,2016-09-01,0,0,0,0,0,0,0,2,5,10,13,18,50,149,243,464,888,1194,1092,495,124,0,0,0,2,15,31,199,707,3793,1,4748
Se25 大動脈瘤及び解離,2016,9,2016-09-01,0,0,0,0,1,0,1,2,9,9,22,30,40,97,112,166,246,299,188,61,5,0,0,1,3,18,52,137,278,799,0,1288
Se26 肺炎,2016,9,2016-09-01,2,0,3,1,2,2,4,1,12,21,21,60,118,282,454,935,1689,2452,2017,928,235,2,4,4,5,33,81,400,1389,7321,4,9243
Se27 慢性閉塞性肺疾患,2016,9,2016-09-01,0,0,0,0,0,0,0,1,1,2,1,5,16,50,97,190,296,304,212,51,8,0,0,0,1,3,6,66,287,871,0,1234
Se28 喘息,2016,9,2016-09-01,0,0,0,0,0,0,1,3,0,3,1,0,2,8,6,7,17,17,21,13,5,0,0,0,4,3,1,10,13,73,0,104
Se29 肝疾患,2016,9,2016-09-01,0,0,0,0,1,2,4,10,29,52,82,81,130,167,114,164,166,126,75,14,3,0,0,3,14,81,163,297,278,384,1,1221
Se30 腎不全,2016,9,2016-09-01,0,0,1,0,0,2,0,0,1,8,10,12,39,77,103,203,333,455,382,177,39,0,1,2,0,9,22,116,306,1386,0,1842
Se31 老衰,2016,9,2016-09-01,0,0,0,0,0,0,0,0,0,0,0,0,3,10,50,152,650,1542,2339,1791,800,0,0,0,0,0,0,13,202,7122,0,7337
Se32 不慮の事故,2016,9,2016-09-01,6,5,7,29,26,17,27,42,43,48,53,65,94,188,201,273,358,445,326,127,15,11,36,43,69,91,118,282,474,1271,2,2397
Se33 交通事故,2016,9,2016-09-01,1,2,2,21,14,8,17,17,19,18,15,17,24,43,49,50,65,27,7,2,0,3,23,22,34,37,32,67,99,101,0,418
Se34 自殺,2016,9,2016-09-01,0,0,5,42,67,102,102,122,119,151,135,133,119,153,114,120,101,56,24,5,1,0,47,169,224,270,268,272,234,187,5,1676
総数,2016,10,2016-10-01,217,31,33,111,180,205,285,413,754,1153,1537,2282,3849,7770,8810,12851,18737,21781,17762,8389,2275,248,144,385,698,1907,3819,11619,21661,68944,32,109457
Se01 結核,2016,10,2016-10-01,0,0,0,0,0,0,0,0,0,1,1,1,0,7,6,14,41,47,37,21,2,0,0,0,0,1,2,7,20,148,0,178
Se02 悪性新生物＜腫瘍＞,2016,10,2016-10-01,10,13,7,7,17,33,60,94,211,408,602,1043,1951,3939,4155,5053,5846,5046,2706,756,127,23,14,50,154,619,1645,5890,9208,14481,2,32086
Se03 食道の悪性新生物＜腫瘍＞,2016,10,2016-10-01,0,0,0,0,0,0,0,0,10,9,14,44,92,183,180,170,137,108,31,12,3,0,0,0,0,19,58,275,350,291,0,993
Se04 胃の悪性新生物＜腫瘍＞,2016,10,2016-10-01,0,0,0,0,2,3,5,12,14,34,50,121,236,489,471,595,735,665,349,93,21,0,0,5,17,48,171,725,1066,1863,1,3896
Se05 結腸の悪性新生物＜腫瘍＞,2016,10,2016-10-01,0,0,0,0,1,0,4,6,19,41,46,74,174,337,305,409,503,492,340,107,17,0,0,1,10,60,120,511,714,1459,0,2875
Se06 直腸Ｓ状結腸移行部及び直腸の悪性新生物＜腫瘍＞,2016,10,2016-10-01,0,0,0,0,1,2,3,3,9,17,35,51,133,206,193,201,206,167,88,20,3,0,0,3,6,26,86,339,394,484,0,1338
Se07 肝及び肝内胆管の悪性新生物＜腫瘍＞,2016,10,2016-10-01,0,0,1,0,0,0,3,2,7,17,33,83,150,298,331,434,496,387,158,37,10,0,1,0,5,24,116,448,765,1088,0,2447
Se08 胆のう及びその他の胆道の悪性新生物＜腫瘍＞,2016,10,2016-10-01,0,0,0,0,0,0,3,0,3,8,10,25,64,133,166,245,320,311,188,54,7,0,0,0,3,11,35,197,411,880,0,1537
Se09 膵の悪性新生物＜腫瘍＞,2016,10,2016-10-01,0,0,0,0,0,0,0,7,7,31,46,87,178,376,422,527,508,427,220,56,5,0,0,0,7,38,133,554,949,1216,0,2897
Se10 気管，気管支及び肺の悪性新生物＜腫瘍＞,2016,10,2016-10-01,1,0,1,0,0,3,3,9,21,46,76,149,346,837,958,1097,1229,976,474,132,12,1,1,3,12,67,225,1183,2055,2823,0,6370
Se11 乳房の悪性新生物＜腫瘍＞,2016,10,2016-10-01,0,0,0,0,0,3,5,14,42,61,78,123,113,197,146,128,123,95,76,25,4,0,0,3,19,103,201,310,274,323,0,1233
Se12 子宮の悪性新生物＜腫瘍＞,2016,10,2016-10-01,0,0,0,0,1,2,2,13,18,30,38,42,45,78,49,66,51,50,31,5,3,0,0,3,15,48,80,123,115,140,0,524
Se13 白血病,2016,10,2016-10-01,3,5,1,3,4,6,3,5,8,17,17,27,42,83,120,127,140,96,47,17,1,8,4,10,8,25,44,125,247,301,0,772
Se14 糖尿病,2016,10,2016-10-01,0,0,0,0,1,0,2,0,10,11,23,36,35,98,107,140,189,233,145,53,11,0,0,1,2,21,59,133,247,631,0,1094
Se15 高血圧性疾患,2016,10,2016-10-01,0,0,0,0,0,0,0,1,0,6,1,5,10,19,26,40,69,112,123,82,30,0,0,0,1,6,6,29,66,416,0,524
Se16 心疾患（高血圧性を除く）,2016,10,2016-10-01,6,1,0,1,18,12,16,41,89,150,158,243,418,841,1029,1491,2540,3312,3085,1447,347,7,1,30,57,239,401,1259,2520,10731,2,15247
Se17 急性心筋梗塞,2016,10,2016-10-01,0,0,0,0,0,0,5,7,21,53,35,73,136,231,274,353,488,536,332,140,19,0,0,0,12,74,108,367,627,1515,1,2704
Se18 その他の虚血性心疾患,2016,10,2016-10-01,0,0,0,0,2,4,2,11,16,38,43,57,107,209,259,313,472,477,354,135,38,0,0,6,13,54,100,316,572,1476,0,2537
Se19 不整脈及び伝導障害,2016,10,2016-10-01,0,0,0,0,4,1,3,12,18,26,28,44,75,139,160,237,428,539,457,206,36,0,0,5,15,44,72,214,397,1666,0,2413
Se20 心不全,2016,10,2016-10-01,3,0,0,0,6,3,2,3,13,23,32,36,67,164,219,424,844,1334,1560,853,225,3,0,9,5,36,68,231,643,4816,0,5811
Se21 脳血管疾患,2016,10,2016-10-01,1,0,1,0,2,1,9,20,61,106,127,161,265,533,591,1118,1642,1969,1613,723,164,1,1,3,29,167,288,798,1709,6111,0,9107
Se22 くも膜下出血,2016,10,2016-10-01,0,0,0,0,1,0,4,10,24,48,44,50,76,122,73,122,152,148,88,35,4,0,0,1,14,72,94,198,195,427,0,1001
Se23 脳内出血,2016,10,2016-10-01,1,0,1,0,1,1,3,9,29,49,62,96,122,234,231,396,483,480,323,99,21,1,1,2,12,78,158,356,627,1406,0,2641
Se24 脳梗塞,2016,10,2016-10-01,0,0,0,0,0,0,2,0,5,9,20,12,57,161,273,577,969,1291,1163,574,138,0,0,0,2,14,32,218,850,4135,0,5251
Se25 大動脈瘤及び解離,2016,10,2016-10-01,0,0,0,1,0,1,0,4,13,7,18,38,59,133,153,211,308,340,200,76,10,0,1,1,4,20,56,192,364,934,0,1572
Se26 肺炎,2016,10,2016-10-01,5,2,0,1,2,4,3,9,12,13,25,49,107,313,446,965,1854,2549,2256,1033,268,7,1,6,12,25,74,420,1411,7960,2,9918
Se27 慢性閉塞性肺疾患,2016,10,2016-10-01,0,0,0,0,1,0,1,0,0,1,2,3,19,61,101,196,284,348,191,62,8,0,0,1,1,1,5,80,297,893,0,1278
Se28 喘息,2016,10,2016-10-01,0,0,0,0,0,1,0,4,2,3,4,4,2,3,5,8,24,20,18,10,2,0,0,1,4,5,8,5,13,74,0,110
Se29 肝疾患,2016,10,2016-10-01,1,0,0,2,0,1,3,8,33,61,84,105,124,165,140,171,196,139,66,19,4,1,2,1,11,94,189,289,311,424,0,1322
Se30 腎不全,2016,10,2016-10-01,0,0,1,1,1,0,1,2,2,5,13,16,36,90,124,228,371,536,402,173,29,0,2,1,3,7,29,126,352,1511,0,2031
Se31 老衰,2016,10,2016-10-01,0,0,0,0,0,0,0,0,0,0,0,0,1,16,46,160,673,1637,2767,2086,884,0,0,0,0,0,0,17,206,8047,0,8270
Se32 不慮の事故,2016,10,2016-10-01,13,5,5,28,26,26,27,38,45,42,63,85,105,190,239,372,499,509,356,150,28,18,33,52,65,87,148,295,611,1542,3,2854
Se33 交通事故,2016,10,2016-10-01,2,4,3,18,16,17,10,17,22,16,24,28,32,43,51,62,71,38,17,2,2,6,21,33,27,38,52,75,113,130,0,495
Se34 自殺,2016,10,2016-10-01,0,0,7,42,84,96,111,120,164,155,138,150,124,151,121,122,97,72,25,2,0,0,49,180,231,319,288,275,243,196,5,1786
総数,2016,11,2016-11-01,207,28,31,100,156,200,249,404,706,1145,1605,2360,3907,7955,9085,13139,19333,23038,19216,8505,2328,235,131,356,653,1851,3965,11862,22224,72420,46,113743
Se01 結核,2016,11,2016-11-01,0,0,0,0,0,0,0,0,0,0,1,0,1,7,9,14,26,36,38,14,2,0,0,0,0,0,1,8,23,116,1,149
Se02 悪性新生物＜腫瘍＞,2016,11,2016-11-01,7,6,6,12,9,25,47,100,214,373,611,986,1874,3890,4116,4895,5589,4957,2743,732,96,13,18,34,147,587,1597,5764,9011,14117,1,31289
Se03 食道の悪性新生物＜腫瘍＞,2016,11,2016-11-01,0,0,0,0,0,0,1,1,2,7,21,42,79,188,177,177,140,94,33,7,2,0,0,0,2,9,63,267,354,276,0,971
Se04 胃の悪性新生物＜腫瘍＞,2016,11,2016-11-01,0,0,0,0,2,3,4,10,23,33,56,89,239,478,504,635,684,661,392,89,10,0,0,5,14,56,145,717,1139,1836,0,3912
Se05 結腸の悪性新生物＜腫瘍＞,2016,11,2016-11-01,0,0,0,0,0,1,2,14,13,28,52,91,159,314,339,428,493,475,355,119,11,0,0,1,16,41,143,473,767,1453,0,2894
Se06 直腸Ｓ状結腸移行部及び直腸の悪性新生物＜腫瘍＞,2016,11,2016-11-01,0,0,0,0,0,1,1,6,10,25,33,62,89,208,193,187,213,162,84,36,1,0,0,1,7,35,95,297,380,496,0,1311
Se07 肝及び肝内胆管の悪性新生物＜腫瘍＞,2016,11,2016-11-01,0,0,0,0,0,0,1,3,6,10,27,80,138,297,299,445,494,363,168,34,4,0,0,0,4,16,107,435,744,1063,0,2369
Se08 胆のう及びその他の胆道の悪性新生物＜腫瘍＞,2016,11,2016-11-01,0,0,0,0,0,0,0,3,4,6,11,20,63,121,159,248,332,294,157,45,5,0,0,0,3,10,31,184,407,833,1,1469
Se09 膵の悪性新生物＜腫瘍＞,2016,11,2016-11-01,0,0,0,0,0,1,0,5,11,19,64,91,151,393,406,452,447,401,173,57,3,0,0,1,5,30,155,544,858,1081,0,2674
Se10 気管，気管支及び肺の悪性新生物＜腫瘍＞,2016,11,2016-11-01,0,0,0,0,0,1,1,3,20,46,79,168,375,794,931,969,1170,967,476,96,14,0,0,1,4,66,247,1169,1900,2723,0,6110
Se11 乳房の悪性新生物＜腫瘍＞,2016,11,2016-11-01,0,0,0,0,0,1,7,19,27,57,82,87,112,183,120,122,120,107,82,22,7,0,0,1,26,84,169,295,242,338,0,1155
Se12 子宮の悪性新生物＜腫瘍＞,2016,11,2016-11-01,0,0,0,0,0,2,5,7,24,27,34,40,37,60,69,61,67,60,35,11,2,0,0,2,12,51,74,97,130,175,0,541
Se13 白血病,2016,11,2016-11-01,3,0,0,3,2,2,4,3,12,20,20,22,50,89,92,118,121,97,47,7,1,3,3,4,7,32,42,139,210,273,0,713
Se14 糖尿病,2016,11,2016-11-01,0,0,0,0,0,0,1,3,10,7,20,32,46,95,103,142,214,240,160,61,10,0,0,0,4,17,52,141,245,685,0,1144
Se15 高血圧性疾患,2016,11,2016-11-01,0,0,0,0,0,0,0,1,1,2,7,8,11,23,23,48,96,128,160,91,24,0,0,0,1,3,15,34,71,499,0,623
Se16 心疾患（高血圧性を除く）,2016,11,2016-11-01,3,2,1,5,9,8,18,33,65,153,219,300,460,963,1105,1822,2880,3950,3590,1585,391,5,6,17,51,218,519,1423,2927,12396,1,17563
Se17 急性心筋梗塞,2016,11,2016-11-01,0,0,1,1,1,0,1,9,10,35,71,93,151,232,268,376,595,616,473,143,27,0,2,1,10,45,164,383,644,1854,0,3103
Se18 その他の虚血性心疾患,2016,11,2016-11-01,0,0,0,0,1,0,3,6,19,35,48,78,105,256,278,454,567,596,430,141,34,0,0,1,9,54,126,361,732,1768,0,3051
Se19 不整脈及び伝導障害,2016,11,2016-11-01,0,1,0,2,1,3,4,7,12,31,33,59,68,166,185,329,463,629,519,220,55,1,2,4,11,43,92,234,514,1886,1,2788
Se20 心不全,2016,11,2016-11-01,1,0,0,1,3,3,5,6,13,25,30,39,74,200,267,477,927,1647,1736,885,245,1,1,6,11,38,69,274,744,5440,0,6584
Se21 脳血管疾患,2016,11,2016-11-01,0,0,0,0,4,9,9,21,71,119,147,183,276,572,628,1042,1786,2076,1660,728,168,0,0,13,30,190,330,848,1670,6418,3,9502
Se22 くも膜下出血,2016,11,2016-11-01,0,0,0,0,1,5,3,10,35,48,52,65,71,118,83,122,182,161,77,25,5,0,0,6,13,83,117,189,205,450,0,1063
Se23 脳内出血,2016,11,2016-11-01,0,0,0,0,1,4,4,8,33,58,75,88,147,272,252,338,561,524,337,92,21,0,0,5,12,91,163,419,590,1535,0,2815
Se24 脳梗塞,2016,11,2016-11-01,0,0,0,0,2,0,0,3,0,9,14,25,49,168,277,555,1000,1339,1214,585,134,0,0,2,3,9,39,217,832,4272,2,5376
Se25 大動脈瘤及び解離,2016,11,2016-11-01,0,0,0,0,2,1,0,7,8,8,28,44,48,148,159,255,334,315,233,71,8,0,0,3,7,16,72,196,414,961,0,1669
Se26 肺炎,2016,11,2016-11-01,2,2,0,2,3,3,5,4,8,20,32,72,143,324,509,1057,1943,2811,2393,1052,262,4,2,6,9,28,104,467,1566,8461,0,10647
Se27 慢性閉塞性肺疾患,2016,11,2016-11-01,0,0,0,0,0,0,0,1,1,1,3,10,14,65,108,156,320,326,221,64,9,0,0,0,1,2,13,79,264,940,0,1299
Se28 喘息,2016,11,2016-11-01,1,0,0,0,0,0,0,0,2,1,3,3,4,3,8,8,16,18,22,12,3,1,0,0,0,3,6,7,16,71,0,104
Se29 肝疾患,2016,11,2016-11-01,0,0,0,0,0,1,4,10,27,56,59,100,137,187,156,160,203,157,64,9,3,0,0,1,14,83,159,324,316,436,0,1333
Se30 腎不全,2016,11,2016-11-01,0,0,0,0,0,1,2,2,10,8,8,26,35,83,128,222,399,557,460,180,38,0,0,1,4,18,34,118,350,1634,0,2159
Se31 老衰,2016,11,2016-11-01,0,0,0,0,0,0,0,0,0,0,0,0,1,9,55,191,751,1738,2794,2082,892,0,0,0,0,0,0,10,246,8257,0,8513
Se32 不慮の事故,2016,11,2016-11-01,21,3,2,19,31,40,25,34,49,65,71,106,130,231,263,424,580,628,435,150,33,24,21,71,59,114,177,361,687,1826,4,3344
Se33 交通事故,2016,11,2016-11-01,6,0,1,13,18,15,9,9,17,23,20,27,27,38,43,55,65,52,12,2,0,6,14,33,18,40,47,65,98,131,0,452
Se34 自殺,2016,11,2016-11-01,0,0,6,41,64,79,87,109,116,140,149,146,129,136,119,100,86,61,25,6,2,0,47,143,196,256,295,265,219,180,4,1605
総数,2016,12,2016-12-01,209,39,36,112,179,222,269,434,819,1270,1767,2553,4277,8679,10018,14254,21446,25224,20473,9452,2559,248,148,401,703,2089,4320,12956,24272,79154,79,124370
Se01 結核,2016,12,2016-12-01,0,0,0,0,0,0,1,0,0,2,0,0,2,6,7,13,32,47,46,10,1,0,0,0,1,2,0,8,20,136,0,167
Se02 悪性新生物＜腫瘍＞,2016,12,2016-12-01,4,8,13,13,11,23,49,105,222,425,636,1060,1848,3890,4202,5033,5792,5083,2748,751,114,12,26,34,154,647,1696,5738,9235,14488,2,32032
Se03 食道の悪性新生物＜腫瘍＞,2016,12,2016-12-01,0,0,0,0,0,0,0,2,10,10,21,37,81,177,201,166,146,96,34,10,2,0,0,0,2,20,58,258,367,288,0,993
Se04 胃の悪性新生物＜腫瘍＞,2016,12,2016-12-01,0,0,0,0,0,1,1,10,24,56,66,124,183,463,542,612,749,632,366,85,9,0,0,1,11,80,190,646,1154,1841,0,3923
Se05 結腸の悪性新生物＜腫瘍＞,2016,12,2016-12-01,0,0,0,1,0,2,4,12,18,35,47,79,157,311,337,437,493,530,352,109,22,0,1,2,16,53,126,468,774,1506,0,2946
Se06 直腸Ｓ状結腸移行部及び直腸の悪性新生物＜腫瘍＞,2016,12,2016-12-01,0,0,0,0,0,0,3,8,11,15,35,81,110,199,200,227,214,168,79,25,2,0,0,0,11,26,116,309,427,488,2,1379
Se07 肝及び肝内胆管の悪性新生物＜腫瘍＞,2016,12,2016-12-01,1,0,0,0,0,0,3,4,12,15,36,48,137,293,303,387,556,391,185,32,6,1,0,0,7,27,84,430,690,1170,0,2409
Se08 胆のう及びその他の胆道の悪性新生物＜腫瘍＞,2016,12,2016-12-01,0,0,0,1,0,0,0,0,5,10,11,23,57,135,148,235,324,329,174,58,10,0,1,0,0,15,34,192,383,895,0,1520
Se09 膵の悪性新生物＜腫瘍＞,2016,12,2016-12-01,0,0,0,0,1,0,0,5,11,30,49,103,188,429,420,461,475,402,209,62,6,0,0,1,5,41,152,617,881,1154,0,2851
Se10 気管，気管支及び肺の悪性新生物＜腫瘍＞,2016,12,2016-12-01,0,0,0,0,0,1,3,8,18,41,78,157,313,806,939,1044,1195,1027,521,134,15,0,0,1,11,59,235,1119,1983,2892,0,6300
Se11 乳房の悪性新生物＜腫瘍＞,2016,12,2016-12-01,0,0,0,0,0,2,6,12,37,65,88,102,120,164,148,132,116,105,94,31,6,0,0,2,18,102,190,284,280,352,0,1228
Se12 子宮の悪性新生物＜腫瘍＞,2016,12,2016-12-01,0,0,0,0,0,1,12,10,21,33,42,41,57,63,65,62,63,72,34,5,2,0,0,1,22,54,83,120,127,176,0,583
Se13 白血病,2016,12,2016-12-01,1,0,7,4,0,2,4,3,7,18,21,33,51,88,82,141,119,93,40,9,1,1,11,2,7,25,54,139,223,262,0,724
Se14 糖尿病,2016,12,2016-12-01,0,0,0,0,1,0,2,4,10,21,27,35,59,124,124,186,246,235,166,57,9,0,0,1,6,31,62,183,310,713,0,1306
Se15 高血圧性疾患,2016,12,2016-12-01,0,0,0,0,0,0,2,0,2,3,5,8,16,36,35,50,110,161,187,91,24,0,0,0,2,5,13,52,85,573,1,731
Se16 心疾患（高血圧性を除く）,2016,12,2016-12-01,5,2,1,5,7,14,23,48,108,167,246,350,574,1229,1399,2136,3535,4508,3944,1794,429,7,6,21,71,275,596,1803,3535,14210,8,20532
Se17 急性心筋梗塞,2016,12,2016-12-01,0,0,0,0,0,4,1,9,30,48,73,90,149,328,362,489,756,779,565,167,32,0,0,4,10,78,163,477,851,2299,2,3884
Se18 その他の虚血性心疾患,2016,12,2016-12-01,0,0,0,0,0,1,4,10,27,45,68,78,150,328,368,536,664,730,508,162,32,0,0,1,14,72,146,478,904,2096,5,3716
Se19 不整脈及び伝導障害,2016,12,2016-12-01,0,1,0,2,5,4,11,9,22,20,39,73,109,215,213,339,578,741,569,266,51,1,2,9,20,42,112,324,552,2205,0,3267
Se20 心不全,2016,12,2016-12-01,0,0,0,0,1,2,4,6,12,29,37,66,104,238,309,556,1110,1750,1850,1028,267,0,0,3,10,41,103,342,865,6005,1,7370
Se21 脳血管疾患,2016,12,2016-12-01,0,0,1,4,0,7,5,33,79,112,179,208,337,591,775,1188,1984,2322,1853,788,164,0,5,7,38,191,387,928,1963,7111,5,10635
Se22 くも膜下出血,2016,12,2016-12-01,0,0,0,3,0,4,2,14,44,52,68,58,87,109,129,131,204,179,97,19,2,0,3,4,16,96,126,196,260,501,0,1202
Se23 脳内出血,2016,12,2016-12-01,0,0,1,1,0,2,3,15,32,50,90,121,165,262,293,423,643,598,386,112,10,0,2,2,18,82,211,427,716,1749,3,3210
Se24 脳梗塞,2016,12,2016-12-01,0,0,0,0,0,1,0,3,3,3,18,25,72,201,327,594,1090,1482,1318,633,146,0,0,1,3,6,43,273,921,4669,2,5918
Se25 大動脈瘤及び解離,2016,12,2016-12-01,0,0,0,0,1,1,3,1,6,19,32,53,86,165,166,266,366,422,258,82,9,0,0,2,4,25,85,251,432,1137,1,1937
Se26 肺炎,2016,12,2016-12-01,5,1,1,2,1,1,5,4,13,20,31,47,153,378,565,1051,2132,2953,2508,1180,282,6,3,2,9,33,78,531,1616,9055,0,11333
Se27 慢性閉塞性肺疾患,2016,12,2016-12-01,0,0,0,0,0,0,0,1,2,0,5,8,17,65,127,172,390,382,216,71,19,0,0,0,1,2,13,82,299,1078,0,1475
Se28 喘息,2016,12,2016-12-01,0,0,0,0,0,0,1,1,0,3,1,1,4,6,6,14,21,25,27,16,4,0,0,0,2,3,2,10,20,93,0,130
Se29 肝疾患,2016,12,2016-12-01,1,2,0,0,2,2,4,15,33,61,81,108,153,200,166,212,197,147,60,27,1,3,0,4,19,94,189,353,378,432,1,1473
Se30 腎不全,2016,12,2016-12-01,0,0,0,0,0,0,1,0,1,7,10,15,38,106,127,235,425,648,493,197,38,0,0,0,1,8,25,144,362,1801,0,2341
Se31 老衰,2016,12,2016-12-01,0,0,0,0,0,0,0,0,0,0,0,0,1,18,62,203,794,1944,3073,2307,954,0,0,0,0,0,0,19,265,9072,0,9356
Se32 不慮の事故,2016,12,2016-12-01,19,9,2,32,33,21,28,41,57,61,75,123,165,302,351,547,825,822,523,193,52,28,34,54,69,118,198,467,898,2415,4,4285
Se33 交通事故,2016,12,2016-12-01,1,6,1,20,18,8,13,22,25,22,16,29,24,60,54,59,97,49,21,3,0,7,21,26,35,47,45,84,113,170,0,548
Se34 自殺,2016,12,2016-12-01,0,0,4,32,79,104,88,99,142,149,142,125,125,141,112,89,86,47,17,3,0,0,36,183,187,291,267,266,201,153,8,1592
総数,2017,1,2017-01-01,228,28,49,100,167,202,265,428,782,1294,1630,2546,4285,8883,10408,15387,23005,27127,22091,10340,2789,256,149,369,693,2076,4176,13168,25795,85352,19,132053
Se01 結核,2017,1,2017-01-01,0,0,0,0,0,0,0,0,0,1,2,2,5,9,10,15,55,55,48,22,1,0,0,0,0,1,4,14,25,181,0,225
Se02 悪性新生物＜腫瘍＞,2017,1,2017-01-01,8,6,13,11,16,22,48,96,229,420,601,1067,1820,3923,4205,5136,5910,4980,2737,797,110,14,24,38,144,649,1668,5743,9341,14534,1,32156
Se03 食道の悪性新生物＜腫瘍＞,2017,1,2017-01-01,0,0,0,0,0,0,1,2,1,13,15,44,87,179,187,190,165,100,43,7,2,0,0,0,3,14,59,266,377,317,0,1036
Se04 胃の悪性新生物＜腫瘍＞,2017,1,2017-01-01,0,0,0,0,0,1,3,10,27,37,59,124,234,480,523,603,779,593,386,100,6,0,0,1,13,64,183,714,1126,1864,1,3966
Se05 結腸の悪性新生物＜腫瘍＞,2017,1,2017-01-01,0,0,0,0,1,2,4,13,18,40,60,94,139,318,363,452,547,507,303,118,17,0,0,3,17,58,154,457,815,1492,0,2996
Se06 直腸Ｓ状結腸移行部及び直腸の悪性新生物＜腫瘍＞,2017,1,2017-01-01,0,0,0,0,0,0,1,4,13,21,37,69,117,195,200,195,199,153,90,30,3,0,0,0,5,34,106,312,395,475,0,1327
Se07 肝及び肝内胆管の悪性新生物＜腫瘍＞,2017,1,2017-01-01,0,0,0,1,1,0,1,3,7,12,32,56,132,275,310,430,538,365,180,36,8,0,1,1,4,19,88,407,740,1127,0,2387
Se08 胆のう及びその他の胆道の悪性新生物＜腫瘍＞,2017,1,2017-01-01,0,0,0,0,0,0,0,1,5,5,15,33,68,131,162,242,286,322,189,62,11,0,0,0,1,10,48,199,404,870,0,1532
Se09 膵の悪性新生物＜腫瘍＞,2017,1,2017-01-01,0,0,0,0,0,0,2,1,9,29,47,113,164,395,441,477,513,397,180,56,5,0,0,0,3,38,160,559,918,1151,0,2829
Se10 気管，気管支及び肺の悪性新生物＜腫瘍＞,2017,1,2017-01-01,0,0,0,0,0,1,2,6,18,41,64,161,316,818,942,1094,1240,1074,502,144,16,0,0,1,8,59,225,1134,2036,2976,0,6439
Se11 乳房の悪性新生物＜腫瘍＞,2017,1,2017-01-01,0,0,0,0,0,1,5,11,41,59,90,102,132,224,135,129,121,125,79,27,8,0,0,1,16,100,192,356,264,360,0,1289
Se12 子宮の悪性新生物＜腫瘍＞,2017,1,2017-01-01,0,0,0,0,0,3,5,11,13,35,33,41,47,77,53,61,59,56,37,9,1,0,0,3,16,48,74,124,114,162,0,541
Se13 白血病,2017,1,2017-01-01,3,2,6,0,5,5,6,9,10,14,12,19,42,84,106,106,127,97,43,7,1,5,6,10,15,24,31,126,212,275,0,704
Se14 糖尿病,2017,1,2017-01-01,0,0,0,0,0,2,2,4,9,18,23,36,63,142,165,218,293,283,172,52,11,0,0,2,6,27,59,205,383,811,0,1493
Se15 高血圧性疾患,2017,1,2017-01-01,0,0,0,0,0,0,2,4,2,7,13,12,23,56,64,114,195,226,270,109,36,0,0,0,6,9,25,79,178,836,1,1134
Se16 心疾患（高血圧性を除く）,2017,1,2017-01-01,9,2,4,4,12,11,27,47,100,182,251,332,612,1266,1529,2449,4010,5144,4444,2110,486,11,8,23,74,282,583,1878,3978,16194,2,23033
Se17 急性心筋梗塞,2017,1,2017-01-01,0,0,0,0,1,0,6,15,25,54,94,108,199,355,408,585,805,899,609,225,39,0,0,1,21,79,202,554,993,2577,0,4427
Se18 その他の虚血性心疾患,2017,1,2017-01-01,0,0,0,1,2,2,6,8,30,48,57,72,167,336,414,575,843,855,566,193,40,0,1,4,14,78,129,503,989,2497,1,4216
Se19 不整脈及び伝導障害,2017,1,2017-01-01,3,1,1,3,4,3,6,10,22,31,33,55,71,185,222,383,590,765,589,299,54,4,4,7,16,53,88,256,605,2297,0,3330
Se20 心不全,2017,1,2017-01-01,1,0,1,0,1,4,7,8,12,31,44,62,114,254,342,653,1315,2029,2164,1173,322,1,1,5,15,43,106,368,995,7003,1,8538
Se21 脳血管疾患,2017,1,2017-01-01,0,1,3,0,2,7,8,27,78,122,161,206,303,650,765,1212,1987,2444,2007,800,199,1,3,9,35,200,367,953,1977,7437,0,10982
Se22 くも膜下出血,2017,1,2017-01-01,0,0,3,0,0,4,5,16,42,46,65,72,69,119,106,137,206,171,106,31,5,0,3,4,21,88,137,188,243,519,0,1203
Se23 脳内出血,2017,1,2017-01-01,0,1,0,0,2,3,3,11,33,57,78,104,142,304,311,446,587,648,383,109,32,1,0,5,14,90,182,446,757,1759,0,3254
Se24 脳梗塞,2017,1,2017-01-01,0,0,0,0,0,0,0,0,3,12,14,26,72,200,327,601,1137,1565,1456,636,158,0,0,0,0,15,40,272,928,4952,0,6207
Se25 大動脈瘤及び解離,2017,1,2017-01-01,0,0,0,1,1,0,1,6,12,22,21,51,90,162,220,242,392,431,265,81,5,0,1,1,7,34,72,252,462,1174,0,2003
Se26 肺炎,2017,1,2017-01-01,4,0,0,2,0,1,1,8,10,16,32,53,116,302,477,968,1918,2858,2499,1239,312,4,2,1,9,26,85,418,1445,8826,2,10818
Se27 慢性閉塞性肺疾患,2017,1,2017-01-01,0,0,0,0,0,0,1,1,1,4,1,9,21,84,148,275,423,517,287,106,15,0,0,0,2,5,10,105,423,1348,1,1894
Se28 喘息,2017,1,2017-01-01,0,0,0,0,0,0,0,1,2,1,1,3,6,10,15,24,30,58,42,22,11,0,0,0,1,3,4,16,39,163,0,226
Se29 肝疾患,2017,1,2017-01-01,2,0,0,0,0,0,1,15,37,65,80,136,142,241,188,235,245,192,88,36,4,2,0,0,16,102,216,383,423,565,0,1707
Se30 腎不全,2017,1,2017-01-01,1,1,0,0,0,0,0,2,5,7,2,17,54,105,148,262,457,648,535,199,33,2,0,0,2,12,19,159,410,1872,0,2476
Se31 老衰,2017,1,2017-01-01,0,0,0,0,0,0,0,0,0,0,0,0,2,18,39,226,810,2002,3088,2418,1050,0,0,0,0,0,0,20,265,9368,0,9653
Se32 不慮の事故,2017,1,2017-01-01,11,3,1,19,30,29,22,27,54,64,70,112,179,317,403,626,936,917,646,241,44,14,20,59,49,118,182,496,1029,2784,5,4756
Se33 交通事故,2017,1,2017-01-01,2,1,0,6,15,14,5,11,18,10,19,24,31,35,42,58,48,34,18,2,0,3,6,29,16,28,43,66,100,102,0,393
Se34 自殺,2017,1,2017-01-01,0,0,8,44,89,80,98,119,133,158,126,144,109,145,125,112,84,38,21,5,1,0,52,169,217,291,270,254,237,149,3,1642
総数,2017,2,2017-02-01,220,26,40,90,149,191,254,361,710,1135,1552,2362,3754,8024,9276,13362,19859,23679,19648,9186,2520,246,130,340,615,1845,3914,11778,22638,74892,37,116435
Se01 結核,2017,2,2017-02-01,0,0,0,0,0,0,0,0,2,1,1,1,6,7,11,15,31,59,37,11,0,0,0,0,0,3,2,13,26,138,0,182
Se02 悪性新生物＜腫瘍＞,2017,2,2017-02-01,7,4,6,9,11,30,47,89,200,383,591,1013,1665,3578,3771,4521,5240,4566,2476,723,107,11,15,41,136,583,1604,5243,8292,13112,2,29039
Se03 食道の悪性新生物＜腫瘍＞,2017,2,2017-02-01,0,0,0,0,0,0,0,0,4,9,19,41,80,149,154,175,154,88,38,8,0,0,0,0,0,13,60,229,329,288,0,919
Se04 胃の悪性新生物＜腫瘍＞,2017,2,2017-02-01,1,0,0,0,1,3,6,11,21,44,52,92,201,453,482,565,649,553,351,94,16,1,0,4,17,65,144,654,1047,1663,0,3595
Se05 結腸の悪性新生物＜腫瘍＞,2017,2,2017-02-01,0,0,0,0,0,1,2,6,16,20,58,81,143,327,304,395,460,450,290,104,12,0,0,1,8,36,139,470,699,1316,0,2669
Se06 直腸Ｓ状結腸移行部及び直腸の悪性新生物＜腫瘍＞,2017,2,2017-02-01,0,0,0,0,0,2,3,2,10,32,33,85,112,217,165,177,176,139,68,18,1,0,0,2,5,42,118,329,342,402,0,1240
Se07 肝及び肝内胆管の悪性新生物＜腫瘍＞,2017,2,2017-02-01,0,0,0,0,0,0,1,2,8,10,28,58,134,258,269,391,450,383,157,31,1,0,0,0,3,18,86,392,660,1022,0,2181
Se08 胆のう及びその他の胆道の悪性新生物＜腫瘍＞,2017,2,2017-02-01,0,0,0,0,0,2,0,0,3,7,11,27,56,131,149,223,293,292,168,72,6,0,0,2,0,10,38,187,372,831,0,1440
Se09 膵の悪性新生物＜腫瘍＞,2017,2,2017-02-01,0,0,0,0,0,0,0,5,10,32,38,111,181,359,385,410,481,372,187,50,5,0,0,0,5,42,149,540,795,1095,0,2626
Se10 気管，気管支及び肺の悪性新生物＜腫瘍＞,2017,2,2017-02-01,0,0,0,0,0,1,2,3,22,41,65,151,293,730,855,916,1086,916,434,108,17,0,0,1,5,63,216,1023,1771,2561,0,5640
Se11 乳房の悪性新生物＜腫瘍＞,2017,2,2017-02-01,0,0,0,0,0,1,6,21,28,69,85,117,102,157,112,117,107,98,80,26,7,0,0,1,27,97,202,259,229,318,0,1133
Se12 子宮の悪性新生物＜腫瘍＞,2017,2,2017-02-01,0,0,0,0,0,1,3,6,11,36,39,45,43,65,44,61,59,43,30,15,1,0,0,1,9,47,84,108,105,148,0,502
Se13 白血病,2017,2,2017-02-01,4,0,1,3,6,4,4,3,9,12,26,28,32,92,97,108,90,75,35,8,1,4,4,10,7,21,54,124,205,209,0,638
Se14 糖尿病,2017,2,2017-02-01,0,0,0,0,1,0,2,2,10,15,27,38,62,125,138,192,241,226,156,61,10,0,0,1,4,25,65,187,330,694,0,1306
Se15 高血圧性疾患,2017,2,2017-02-01,0,0,0,0,0,0,0,0,4,4,8,15,22,45,53,75,141,202,196,115,36,0,0,0,0,8,23,67,128,690,1,917
Se16 心疾患（高血圧性を除く）,2017,2,2017-02-01,6,3,2,4,8,9,24,39,83,130,200,315,539,1061,1289,2037,3289,4266,3814,1812,447,9,6,17,63,213,515,1600,3326,13628,4,19381
Se17 急性心筋梗塞,2017,2,2017-02-01,0,0,0,0,1,2,3,8,27,39,56,87,153,263,316,483,636,679,463,180,25,0,0,3,11,66,143,416,799,1983,1,3422
Se18 その他の虚血性心疾患,2017,2,2017-02-01,0,0,0,0,1,4,5,7,20,27,51,84,134,264,364,476,646,698,476,160,41,0,0,5,12,47,135,398,840,2021,2,3460
Se19 不整脈及び伝導障害,2017,2,2017-02-01,1,0,1,4,2,2,6,8,18,27,32,44,92,181,185,337,511,653,579,232,45,1,5,4,14,45,76,273,522,2020,1,2961
Se20 心不全,2017,2,2017-02-01,2,1,0,0,1,1,5,10,7,18,29,66,105,239,286,540,1090,1722,1874,1046,301,3,0,2,15,25,95,344,826,6033,0,7343
Se21 脳血管疾患,2017,2,2017-02-01,1,1,2,1,1,4,8,23,72,107,129,175,290,582,715,1106,1690,2152,1785,771,151,2,3,5,31,179,304,872,1821,6549,1,9767
Se22 くも膜下出血,2017,2,2017-02-01,0,1,1,0,1,2,5,10,32,35,41,48,67,129,118,122,182,168,98,29,2,1,1,3,15,67,89,196,240,479,0,1091
Se23 脳内出血,2017,2,2017-02-01,0,0,1,1,0,1,3,10,34,58,69,97,145,273,269,401,518,516,365,111,14,0,2,1,13,92,166,418,670,1524,1,2887
Se24 脳梗塞,2017,2,2017-02-01,0,0,0,0,0,1,0,3,4,14,17,23,65,158,306,557,936,1422,1265,609,128,0,0,1,3,18,40,223,863,4360,0,5508
Se25 大動脈瘤及び解離,2017,2,2017-02-01,0,0,0,0,0,0,3,7,9,18,31,41,63,169,168,242,358,373,248,66,11,0,0,0,10,27,72,232,410,1056,0,1807
Se26 肺炎,2017,2,2017-02-01,4,0,1,0,1,0,4,3,7,11,24,38,113,253,432,883,1578,2516,2265,1103,264,4,1,1,7,18,62,366,1315,7726,0,9500
Se27 慢性閉塞性肺疾患,2017,2,2017-02-01,0,1,0,0,0,0,1,0,0,2,4,7,24,85,132,204,369,431,276,74,10,1,0,0,1,2,11,109,336,1160,0,1620
Se28 喘息,2017,2,2017-02-01,0,0,0,1,2,0,1,0,2,1,1,1,3,3,11,12,33,31,46,16,5,0,1,2,1,3,2,6,23,131,0,169
Se29 肝疾患,2017,2,2017-02-01,1,0,0,0,0,1,7,8,26,63,80,98,130,217,165,197,233,162,81,23,4,1,0,1,15,89,178,347,362,503,0,1496
Se30 腎不全,2017,2,2017-02-01,0,0,1,0,0,0,2,3,1,4,15,26,33,97,142,233,434,563,503,208,29,0,1,0,5,5,41,130,375,1737,0,2294
Se31 老衰,2017,2,2017-02-01,0,0,0,0,0,0,0,0,0,0,0,0,2,19,53,179,765,1793,2822,2096,944,0,0,0,0,0,0,21,232,8420,1,8674
Se32 不慮の事故,2017,2,2017-02-01,19,2,3,14,20,25,10,37,53,63,94,102,154,287,332,552,717,782,526,208,38,21,17,45,47,116,196,441,884,2271,6,4044
Se33 交通事故,2017,2,2017-02-01,7,0,2,8,6,9,4,8,18,22,25,26,33,38,35,49,43,27,8,1,0,7,10,15,12,40,51,71,84,79,1,370
Se34 自殺,2017,2,2017-02-01,0,0,11,35,77,92,105,86,122,148,128,141,100,141,107,92,88,45,28,7,1,0,46,169,191,270,269,241,199,169,5,1559
総数,2017,3,2017-03-01,219,31,39,98,210,186,307,401,779,1224,1683,2377,4010,8307,9604,14019,20131,24265,20175,9500,2475,250,137,396,708,2003,4060,12317,23623,76546,35,120075
Se01 結核,2017,3,2017-03-01,0,0,0,0,0,0,0,0,1,2,3,1,3,12,10,10,45,54,47,16,4,0,0,0,0,3,4,15,20,166,1,209
Se02 悪性新生物＜腫瘍＞,2017,3,2017-03-01,5,7,9,11,15,24,66,98,257,416,640,1029,1821,3879,4238,4946,5716,4901,2715,763,110,12,20,39,164,673,1669,5700,9184,14205,3,31669
Se03 食道の悪性新生物＜腫瘍＞,2017,3,2017-03-01,0,0,0,0,0,1,0,0,7,12,21,54,98,184,186,186,135,88,34,8,1,0,0,1,0,19,75,282,372,266,0,1015
Se04 胃の悪性新生物＜腫瘍＞,2017,3,2017-03-01,0,0,0,0,2,2,11,14,33,42,57,113,210,460,522,613,655,656,336,87,14,0,0,4,25,75,170,670,1135,1748,1,3828
Se05 結腸の悪性新生物＜腫瘍＞,2017,3,2017-03-01,0,0,0,0,0,1,5,8,17,39,58,100,166,334,344,435,523,479,324,117,20,0,0,1,13,56,158,500,779,1463,0,2970
Se06 直腸Ｓ状結腸移行部及び直腸の悪性新生物＜腫瘍＞,2017,3,2017-03-01,0,0,0,0,1,0,2,0,17,16,48,63,114,186,191,184,212,165,102,23,2,0,0,1,2,33,111,300,375,504,0,1326
Se07 肝及び肝内胆管の悪性新生物＜腫瘍＞,2017,3,2017-03-01,0,0,0,1,0,0,2,3,7,19,28,60,99,286,324,427,511,391,162,39,2,0,1,0,5,26,88,385,751,1105,0,2361
Se08 胆のう及びその他の胆道の悪性新生物＜腫瘍＞,2017,3,2017-03-01,0,0,0,0,0,0,0,3,3,8,17,16,64,144,186,244,337,280,196,63,7,0,0,0,3,11,33,208,430,883,0,1568
Se09 膵の悪性新生物＜腫瘍＞,2017,3,2017-03-01,0,0,0,0,0,0,1,4,11,28,64,117,192,412,403,502,489,399,179,62,6,0,0,0,5,39,181,604,905,1135,0,2869
Se10 気管，気管支及び肺の悪性新生物＜腫瘍＞,2017,3,2017-03-01,0,0,0,0,0,1,1,5,24,38,89,161,323,790,902,1026,1196,1008,486,110,20,0,0,1,6,62,250,1113,1928,2820,2,6182
Se11 乳房の悪性新生物＜腫瘍＞,2017,3,2017-03-01,0,0,0,0,0,0,8,16,44,61,72,81,114,196,132,134,106,97,94,24,5,0,0,0,24,105,153,310,266,326,0,1184
Se12 子宮の悪性新生物＜腫瘍＞,2017,3,2017-03-01,0,0,0,0,0,1,4,12,20,35,44,37,50,69,58,57,72,54,32,14,1,0,0,1,16,55,81,119,115,173,0,560
Se13 白血病,2017,3,2017-03-01,2,1,2,3,3,5,10,3,11,14,11,29,44,95,108,106,138,94,37,9,0,3,5,8,13,25,40,139,214,278,0,725
Se14 糖尿病,2017,3,2017-03-01,0,1,0,1,1,0,2,3,7,22,27,35,66,128,139,157,265,252,155,71,13,1,1,1,5,29,62,194,296,756,0,1345
Se15 高血圧性疾患,2017,3,2017-03-01,0,0,0,0,0,0,1,1,5,2,9,14,21,31,54,88,119,182,192,116,41,0,0,0,2,7,23,52,142,650,1,877
Se16 心疾患（高血圧性を除く）,2017,3,2017-03-01,2,0,2,8,8,10,25,38,86,140,216,292,478,1023,1255,2057,3149,4281,3817,1744,434,2,10,18,63,226,508,1501,3312,13425,4,19069
Se17 急性心筋梗塞,2017,3,2017-03-01,0,0,0,1,0,0,4,7,19,47,65,86,113,270,327,455,592,653,421,143,26,0,1,0,11,66,151,383,782,1835,0,3229
Se18 その他の虚血性心疾患,2017,3,2017-03-01,0,0,0,1,1,1,6,8,22,32,56,74,140,262,360,496,627,656,449,158,34,0,1,2,14,54,130,402,856,1924,0,3383
Se19 不整脈及び伝導障害,2017,3,2017-03-01,0,0,0,2,4,4,6,9,16,29,32,52,72,166,173,305,452,693,595,258,45,0,2,8,15,45,84,238,478,2043,1,2914
Se20 心不全,2017,3,2017-03-01,1,0,0,2,1,3,4,7,15,17,44,51,98,220,283,580,1071,1757,1879,990,290,1,2,4,11,32,95,318,863,5987,2,7315
Se21 脳血管疾患,2017,3,2017-03-01,0,0,0,1,2,6,4,23,71,117,158,191,303,581,663,1201,1764,2200,1780,756,151,0,1,8,27,188,349,884,1864,6651,4,9976
Se22 くも膜下出血,2017,3,2017-03-01,0,0,0,1,1,3,2,12,31,42,46,59,77,114,114,142,177,174,89,32,4,0,1,4,14,73,105,191,256,476,1,1121
Se23 脳内出血,2017,3,2017-03-01,0,0,0,0,0,3,1,10,36,64,94,102,147,276,270,444,601,591,371,113,19,0,0,3,11,100,196,423,714,1695,1,3143
Se24 脳梗塞,2017,3,2017-03-01,0,0,0,0,1,0,0,0,3,9,13,25,71,178,261,579,945,1381,1273,591,125,0,0,1,0,12,38,249,840,4315,2,5457
Se25 大動脈瘤及び解離,2017,3,2017-03-01,0,0,0,0,0,2,2,5,8,21,26,43,73,147,154,253,336,397,257,79,5,0,0,2,7,29,69,220,407,1074,0,1808
Se26 肺炎,2017,3,2017-03-01,1,1,0,2,1,1,4,3,9,11,22,37,103,243,372,860,1583,2390,2153,1049,233,2,2,2,7,20,59,346,1232,7408,1,9079
Se27 慢性閉塞性肺疾患,2017,3,2017-03-01,0,0,0,1,0,0,0,0,0,0,2,9,21,67,143,227,383,450,283,86,14,0,1,0,0,0,11,88,370,1216,0,1686
Se28 喘息,2017,3,2017-03-01,0,0,0,0,0,0,0,1,1,2,0,2,4,7,6,13,20,32,43,19,6,0,0,0,1,3,2,11,19,120,0,156
Se29 肝疾患,2017,3,2017-03-01,0,0,0,1,1,0,4,15,22,46,76,108,157,217,192,189,225,184,87,29,1,0,1,1,19,68,184,374,381,526,0,1554
Se30 腎不全,2017,3,2017-03-01,1,0,0,0,0,0,0,1,4,5,11,18,46,116,128,235,404,614,534,211,38,1,0,0,1,9,29,162,363,1801,0,2366
Se31 老衰,2017,3,2017-03-01,0,0,0,0,0,0,0,0,0,0,0,1,1,10,51,213,773,1864,3043,2285,929,0,0,0,0,0,1,11,264,8894,0,9170
Se32 不慮の事故,2017,3,2017-03-01,22,5,7,22,37,21,28,31,50,74,73,96,117,272,316,470,688,772,560,206,41,27,29,58,59,124,169,389,786,2267,1,3909
Se33 交通事故,2017,3,2017-03-01,4,2,1,8,21,13,11,22,18,29,18,21,17,44,38,40,53,32,7,2,0,6,9,34,33,47,39,61,78,94,0,401
Se34 自殺,2017,3,2017-03-01,0,0,6,31,115,85,117,116,133,168,172,144,146,168,133,118,88,63,27,8,0,0,37,200,233,301,316,314,251,186,2,1840
総数,2017,4,2017-04-01,205,33,38,114,188,184,285,403,773,1194,1474,2262,3706,7506,8635,12551,18288,21505,17903,8532,2294,238,152,372,688,1967,3736,11212,21186,68522,26,108099
Se01 結核,2017,4,2017-04-01,0,0,0,0,0,0,0,0,1,1,1,0,5,4,12,17,30,53,40,13,1,0,0,0,0,2,1,9,29,137,0,178
Se02 悪性新生物＜腫瘍＞,2017,4,2017-04-01,4,8,7,12,11,17,49,91,216,395,559,978,1759,3603,3870,4672,5457,4522,2582,726,99,12,19,28,140,611,1537,5362,8542,13386,3,29640
Se03 食道の悪性新生物＜腫瘍＞,2017,4,2017-04-01,0,0,0,1,0,0,1,1,2,10,19,45,79,149,164,148,146,90,34,9,2,0,1,0,2,12,64,228,312,281,0,900
Se04 胃の悪性新生物＜腫瘍＞,2017,4,2017-04-01,0,0,0,0,1,1,10,8,27,30,46,107,191,427,494,563,651,597,351,112,11,0,0,2,18,57,153,618,1057,1722,0,3627
Se05 結腸の悪性新生物＜腫瘍＞,2017,4,2017-04-01,0,0,0,0,1,1,7,7,19,50,53,87,143,282,323,426,472,478,330,113,20,0,0,2,14,69,140,425,749,1413,2,2814
Se06 直腸Ｓ状結腸移行部及び直腸の悪性新生物＜腫瘍＞,2017,4,2017-04-01,0,0,0,0,0,1,1,8,11,25,29,64,120,195,188,178,189,135,85,25,5,0,0,1,9,36,93,315,366,439,0,1259
Se07 肝及び肝内胆管の悪性新生物＜腫瘍＞,2017,4,2017-04-01,1,0,0,0,0,0,2,1,6,8,24,57,108,247,285,375,492,366,165,31,4,1,0,0,3,14,81,355,660,1058,0,2172
Se08 胆のう及びその他の胆道の悪性新生物＜腫瘍＞,2017,4,2017-04-01,0,0,0,0,0,0,1,0,4,5,9,30,63,124,144,230,302,301,179,50,11,0,0,0,1,9,39,187,374,843,0,1453
Se09 膵の悪性新生物＜腫瘍＞,2017,4,2017-04-01,0,0,0,0,1,1,1,4,9,19,56,82,179,397,390,440,501,362,184,43,4,0,0,2,5,28,138,576,830,1094,0,2673
Se10 気管，気管支及び肺の悪性新生物＜腫瘍＞,2017,4,2017-04-01,0,0,0,0,0,0,3,6,23,56,77,126,344,779,847,1052,1174,851,421,116,14,0,0,0,9,79,203,1123,1899,2576,1,5890
Se11 乳房の悪性新生物＜腫瘍＞,2017,4,2017-04-01,0,0,0,0,0,1,4,15,27,59,81,110,140,160,115,118,120,77,72,25,7,0,0,1,19,86,191,300,233,301,0,1131
Se12 子宮の悪性新生物＜腫瘍＞,2017,4,2017-04-01,0,0,0,0,0,1,2,7,16,38,43,56,48,68,51,56,47,51,45,8,0,0,0,1,9,54,99,116,107,151,0,537
Se13 白血病,2017,4,2017-04-01,2,5,2,6,3,4,1,9,10,11,10,21,32,78,86,107,107,94,46,9,1,7,8,7,10,21,31,110,193,257,0,644
Se14 糖尿病,2017,4,2017-04-01,0,0,0,0,0,0,2,1,6,17,14,27,56,95,113,160,212,233,155,46,12,0,0,0,3,23,41,151,273,658,0,1149
Se15 高血圧性疾患,2017,4,2017-04-01,0,0,0,0,0,0,0,0,2,6,9,8,16,28,38,67,117,170,143,109,26,0,0,0,0,8,17,44,105,565,0,739
Se16 心疾患（高血圧性を除く）,2017,4,2017-04-01,5,1,5,6,8,10,21,39,77,127,214,281,416,876,1035,1706,2788,3587,3386,1602,382,6,11,18,60,204,495,1292,2741,11745,2,16574
Se17 急性心筋梗塞,2017,4,2017-04-01,0,0,0,0,0,0,2,5,14,33,65,76,137,226,237,387,547,566,362,129,22,0,0,0,7,47,141,363,624,1626,0,2808
Se18 その他の虚血性心疾患,2017,4,2017-04-01,0,0,0,0,1,3,6,10,15,31,59,77,98,244,249,392,561,505,381,122,29,0,0,4,16,46,136,342,641,1598,1,2784
Se19 不整脈及び伝導障害,2017,4,2017-04-01,0,0,2,3,5,3,6,8,14,28,32,57,63,135,161,263,422,492,505,170,39,0,5,8,14,42,89,198,424,1628,1,2409
Se20 心不全,2017,4,2017-04-01,0,0,1,1,1,3,4,10,19,19,43,39,81,170,250,489,959,1584,1746,1019,261,0,2,4,14,38,82,251,739,5569,0,6699
Se21 脳血管疾患,2017,4,2017-04-01,0,1,1,1,2,4,16,30,69,112,127,172,255,539,619,1055,1648,1981,1620,719,156,1,2,6,46,181,299,794,1674,6124,0,9127
Se22 くも膜下出血,2017,4,2017-04-01,0,1,1,1,1,1,9,13,29,53,53,47,66,92,90,121,168,147,67,33,5,1,2,2,22,82,100,158,211,420,0,998
Se23 脳内出血,2017,4,2017-04-01,0,0,0,0,1,2,6,10,32,53,63,92,130,240,257,358,460,512,337,94,21,0,0,3,16,85,155,370,615,1424,0,2668
Se24 脳梗塞,2017,4,2017-04-01,0,0,0,0,0,1,1,5,7,6,9,29,53,193,253,552,968,1274,1181,573,125,0,0,1,6,13,38,246,805,4121,0,5230
Se25 大動脈瘤及び解離,2017,4,2017-04-01,0,0,0,0,0,0,3,5,10,25,20,36,47,123,137,183,281,353,228,93,10,0,0,0,8,35,56,170,320,965,0,1554
Se26 肺炎,2017,4,2017-04-01,4,1,0,0,1,0,4,6,6,11,16,39,96,224,368,719,1443,2067,1919,887,228,5,0,1,10,17,55,320,1087,6544,0,8039
Se27 慢性閉塞性肺疾患,2017,4,2017-04-01,0,0,0,0,0,0,0,0,0,0,1,7,16,62,127,221,327,459,263,80,18,0,0,0,0,0,8,78,348,1147,0,1581
Se28 喘息,2017,4,2017-04-01,0,0,0,0,0,0,0,1,0,3,0,4,6,5,11,14,27,30,38,16,8,0,0,0,1,3,4,11,25,119,0,163
Se29 肝疾患,2017,4,2017-04-01,2,0,0,0,2,0,6,12,34,41,75,98,127,196,163,154,202,155,58,28,2,2,0,2,18,75,173,323,317,445,0,1355
Se30 腎不全,2017,4,2017-04-01,0,0,0,1,0,0,0,3,5,6,7,13,46,94,125,212,402,556,425,193,38,0,1,0,3,11,20,140,337,1614,0,2126
Se31 老衰,2017,4,2017-04-01,0,0,0,0,0,0,0,0,0,0,0,0,1,11,47,173,604,1638,2592,2028,888,0,0,0,0,0,0,12,220,7750,1,7983
Se32 不慮の事故,2017,4,2017-04-01,14,4,4,15,25,25,24,33,62,70,56,82,119,222,256,388,520,570,401,169,30,18,19,50,57,132,138,341,644,1690,4,3093
Se33 交通事故,2017,4,2017-04-01,1,1,0,12,18,15,10,8,15,29,19,16,26,35,32,39,44,28,10,2,0,2,12,33,18,44,35,61,71,84,1,361
Se34 自殺,2017,4,2017-04-01,0,0,7,48,110,95,109,118,157,165,136,152,133,148,128,118,102,52,23,7,2,0,55,205,227,322,288,281,246,186,3,1813
総数,2017,5,2017-05-01,194,28,33,67,164,190,292,430,742,1130,1640,2252,3654,7626,8885,12457,17633,21169,17560,8321,2210,222,100,354,722,1872,3892,11280,21342,66893,37,106714
Se01 結核,2017,5,2017-05-01,0,0,0,0,0,0,0,1,1,1,2,2,2,6,10,25,32,62,44,17,1,0,0,0,1,2,4,8,35,156,0,206
Se02 悪性新生物＜腫瘍＞,2017,5,2017-05-01,6,5,9,12,11,16,73,90,210,370,626,1065,1757,3794,4078,4977,5460,4883,2627,782,117,11,21,27,163,580,1691,5551,9055,13869,0,30968
Se03 食道の悪性新生物＜腫瘍＞,2017,5,2017-05-01,0,0,0,0,0,0,1,0,5,10,11,39,83,168,176,177,114,85,44,15,1,0,0,0,1,15,50,251,353,259,0,929
Se04 胃の悪性新生物＜腫瘍＞,2017,5,2017-05-01,0,0,0,1,0,3,7,10,30,45,43,106,181,450,482,613,645,605,362,102,8,0,1,3,17,75,149,631,1095,1722,0,3693
Se05 結腸の悪性新生物＜腫瘍＞,2017,5,2017-05-01,0,0,0,1,3,0,4,11,22,35,48,98,134,310,372,413,488,490,320,125,24,0,1,3,15,57,146,444,785,1447,0,2898
Se06 直腸Ｓ状結腸移行部及び直腸の悪性新生物＜腫瘍＞,2017,5,2017-05-01,0,0,0,0,0,2,4,6,8,20,32,66,103,224,156,189,193,134,82,28,3,0,0,2,10,28,98,327,345,440,0,1250
Se07 肝及び肝内胆管の悪性新生物＜腫瘍＞,2017,5,2017-05-01,0,0,0,0,0,0,3,2,7,9,34,59,121,247,294,395,442,408,153,43,8,0,0,0,5,16,93,368,689,1054,0,2225
Se08 胆のう及びその他の胆道の悪性新生物＜腫瘍＞,2017,5,2017-05-01,0,0,0,0,0,0,1,0,2,4,10,33,51,117,151,245,305,311,185,57,4,0,0,0,1,6,43,168,396,862,0,1476
Se09 膵の悪性新生物＜腫瘍＞,2017,5,2017-05-01,0,0,1,0,0,0,2,2,12,22,56,92,178,407,421,484,503,384,214,51,7,0,1,0,4,34,148,585,905,1159,0,2836
Se10 気管，気管支及び肺の悪性新生物＜腫瘍＞,2017,5,2017-05-01,0,0,0,0,0,0,4,8,24,33,95,151,316,786,954,1129,1167,984,474,109,23,0,0,0,12,57,246,1102,2083,2757,0,6257
Se11 乳房の悪性新生物＜腫瘍＞,2017,5,2017-05-01,0,0,0,0,0,2,7,11,33,60,81,127,136,183,113,127,124,121,66,33,4,0,0,2,18,93,208,319,240,348,0,1228
Se12 子宮の悪性新生物＜腫瘍＞,2017,5,2017-05-01,0,0,0,0,0,0,10,9,13,24,41,46,58,70,66,71,56,76,36,4,2,0,0,0,19,37,87,128,137,174,0,582
Se13 白血病,2017,5,2017-05-01,3,1,3,1,3,2,5,6,7,10,22,26,46,87,78,109,137,104,46,10,1,4,4,5,11,17,48,133,187,298,0,707
Se14 糖尿病,2017,5,2017-05-01,0,0,0,0,0,1,0,5,7,8,29,25,45,103,129,149,208,198,132,43,8,0,0,1,5,15,54,148,278,589,0,1090
Se15 高血圧性疾患,2017,5,2017-05-01,0,0,0,0,0,0,0,0,3,8,7,11,10,36,38,60,88,141,166,98,24,0,0,0,0,11,18,46,98,517,0,690
Se16 心疾患（高血圧性を除く）,2017,5,2017-05-01,6,1,1,5,10,16,16,44,85,158,189,234,390,777,979,1508,2458,3432,3194,1527,373,7,6,26,60,243,423,1167,2487,10984,3,15406
Se17 急性心筋梗塞,2017,5,2017-05-01,0,0,0,0,1,0,2,7,27,39,56,74,132,223,226,325,451,498,352,120,32,0,0,1,9,66,130,355,551,1453,0,2565
Se18 その他の虚血性心疾患,2017,5,2017-05-01,0,0,0,0,3,1,6,11,12,46,54,52,94,201,258,330,427,496,302,136,28,0,0,4,17,58,106,295,588,1389,1,2458
Se19 不整脈及び伝導障害,2017,5,2017-05-01,1,0,1,3,2,6,6,9,21,23,29,35,70,134,148,218,336,497,453,199,29,1,4,8,15,44,64,204,366,1514,0,2220
Se20 心不全,2017,5,2017-05-01,0,0,0,1,2,3,1,8,7,25,21,39,56,144,225,443,943,1508,1703,900,254,0,1,5,9,32,60,200,668,5308,2,6285
Se21 脳血管疾患,2017,5,2017-05-01,1,0,1,1,0,4,10,20,75,105,135,166,275,521,645,1044,1586,1974,1536,710,166,1,2,4,30,180,301,796,1689,5972,0,8975
Se22 くも膜下出血,2017,5,2017-05-01,0,0,1,0,0,2,3,10,35,37,47,47,70,104,88,140,145,141,91,33,11,0,1,2,13,72,94,174,228,421,0,1005
Se23 脳内出血,2017,5,2017-05-01,1,0,0,1,0,2,7,9,35,61,70,94,138,230,242,332,469,506,340,97,15,1,1,2,16,96,164,368,574,1427,0,2649
Se24 脳梗塞,2017,5,2017-05-01,0,0,0,0,0,0,0,0,3,7,14,21,57,171,300,549,934,1286,1067,558,137,0,0,0,0,10,35,228,849,3982,0,5104
Se25 大動脈瘤及び解離,2017,5,2017-05-01,0,0,0,0,0,2,1,4,10,15,20,30,35,115,129,158,272,300,193,62,3,0,0,2,5,25,50,150,287,830,0,1349
Se26 肺炎,2017,5,2017-05-01,4,1,0,2,0,0,1,5,6,14,20,36,97,213,344,693,1387,2015,1824,858,209,5,2,0,6,20,56,310,1037,6293,2,7731
Se27 慢性閉塞性肺疾患,2017,5,2017-05-01,0,0,0,0,0,0,1,0,1,0,5,2,25,61,120,205,322,399,223,69,12,0,0,0,1,1,7,86,325,1025,0,1445
Se28 喘息,2017,5,2017-05-01,0,0,0,0,0,0,2,1,0,2,4,4,1,10,6,7,19,24,33,17,4,0,0,0,3,2,8,11,13,97,0,134
Se29 肝疾患,2017,5,2017-05-01,2,0,0,0,1,1,5,11,36,49,72,104,128,167,157,209,222,149,80,15,6,2,0,2,16,85,176,295,366,472,0,1414
Se30 腎不全,2017,5,2017-05-01,0,0,0,0,0,0,0,0,4,8,11,11,26,88,120,197,365,485,428,163,30,0,0,0,0,12,22,114,317,1471,0,1936
Se31 老衰,2017,5,2017-05-01,0,0,0,0,0,0,0,0,0,0,0,0,3,17,50,141,616,1594,2597,1947,829,0,0,0,0,0,0,20,191,7583,0,7794
Se32 不慮の事故,2017,5,2017-05-01,15,7,1,7,33,16,23,26,37,55,53,92,112,196,245,331,514,539,420,147,26,22,8,49,49,92,145,308,576,1646,3,2898
Se33 交通事故,2017,5,2017-05-01,4,5,0,5,18,13,12,12,13,21,12,21,23,27,51,39,50,39,15,1,0,9,5,31,24,34,33,50,90,105,1,382
Se34 自殺,2017,5,2017-05-01,0,0,9,28,89,100,108,152,140,159,196,143,135,201,143,137,99,53,30,11,4,0,37,189,260,299,339,336,280,197,10,1947
総数,2017,6,2017-06-01,193,31,26,96,165,173,259,377,708,1120,1520,2046,3414,6983,8184,11419,16486,19403,16164,7355,1906,224,122,338,636,1828,3566,10397,19603,61314,45,98073
Se01 結核,2017,6,2017-06-01,0,0,0,0,0,0,1,0,2,0,0,1,4,6,8,14,43,47,44,14,1,0,0,0,1,2,1,10,22,149,0,185
Se02 悪性新生物＜腫瘍＞,2017,6,2017-06-01,7,10,6,8,18,19,45,89,206,392,620,962,1751,3589,3965,4769,5402,4701,2643,715,88,17,14,37,134,598,1582,5340,8734,13549,3,30008
Se03 食道の悪性新生物＜腫瘍＞,2017,6,2017-06-01,0,0,0,0,0,0,0,1,4,6,29,50,74,168,182,172,143,80,30,10,1,0,0,0,1,10,79,242,354,264,0,950
Se04 胃の悪性新生物＜腫瘍＞,2017,6,2017-06-01,0,0,0,0,0,3,6,12,20,37,70,95,230,440,482,559,659,583,342,99,5,0,0,3,18,57,165,670,1041,1688,1,3643
Se05 結腸の悪性新生物＜腫瘍＞,2017,6,2017-06-01,0,0,0,1,1,0,3,8,17,32,49,86,145,307,302,423,485,474,337,113,14,0,1,1,11,49,135,452,725,1423,0,2797
Se06 直腸Ｓ状結腸移行部及び直腸の悪性新生物＜腫瘍＞,2017,6,2017-06-01,0,0,0,0,0,1,1,1,9,13,33,49,113,195,168,185,187,128,81,23,3,0,0,1,2,22,82,308,353,422,0,1190
Se07 肝及び肝内胆管の悪性新生物＜腫瘍＞,2017,6,2017-06-01,2,1,1,1,1,0,1,3,3,15,26,64,126,245,275,369,499,359,172,40,5,3,2,1,4,18,90,371,644,1075,1,2209
Se08 胆のう及びその他の胆道の悪性新生物＜腫瘍＞,2017,6,2017-06-01,0,0,0,0,0,0,1,0,3,6,8,24,73,148,172,234,278,298,171,63,10,0,0,0,1,9,32,221,406,820,0,1489
Se09 膵の悪性新生物＜腫瘍＞,2017,6,2017-06-01,0,0,0,0,0,0,0,2,7,25,55,78,167,378,416,480,501,420,206,55,6,0,0,0,2,32,133,545,896,1188,0,2796
Se10 気管，気管支及び肺の悪性新生物＜腫瘍＞,2017,6,2017-06-01,1,0,0,0,1,1,1,4,24,33,85,137,301,756,876,1013,1088,958,471,114,21,1,0,2,5,57,222,1057,1889,2652,0,5885
Se11 乳房の悪性新生物＜腫瘍＞,2017,6,2017-06-01,0,0,0,0,0,1,6,18,47,70,74,101,123,145,126,100,117,101,76,31,6,0,0,1,24,117,175,268,226,331,0,1142
Se12 子宮の悪性新生物＜腫瘍＞,2017,6,2017-06-01,0,0,0,0,0,1,6,9,16,41,43,52,47,67,51,62,54,49,39,5,1,0,0,1,15,57,95,114,113,148,0,543
Se13 白血病,2017,6,2017-06-01,0,3,1,5,2,2,2,4,6,14,25,24,35,88,107,111,128,90,53,13,1,3,6,4,6,20,49,123,218,285,0,714
Se14 糖尿病,2017,6,2017-06-01,0,0,0,0,1,1,1,3,7,12,13,28,55,97,94,124,192,203,125,48,6,0,0,2,4,19,41,152,218,574,0,1010
Se15 高血圧性疾患,2017,6,2017-06-01,0,0,0,0,0,0,1,0,3,6,6,17,22,47,35,65,81,124,143,76,15,0,0,0,1,9,23,69,100,439,1,642
Se16 心疾患（高血圧性を除く）,2017,6,2017-06-01,3,0,1,4,8,8,24,34,82,139,176,208,363,738,888,1261,2140,3022,2907,1336,342,3,5,16,58,221,384,1101,2149,9747,1,13685
Se17 急性心筋梗塞,2017,6,2017-06-01,0,0,0,0,0,2,4,9,22,38,50,74,102,205,207,271,373,429,315,93,23,0,0,2,13,60,124,307,478,1233,0,2217
Se18 その他の虚血性心疾患,2017,6,2017-06-01,0,0,0,0,0,0,4,7,20,33,43,56,90,185,213,267,379,423,304,86,26,0,0,0,11,53,99,275,480,1218,1,2137
Se19 不整脈及び伝導障害,2017,6,2017-06-01,1,0,1,2,3,3,4,6,16,23,42,35,54,97,123,206,295,450,425,175,39,1,3,6,10,39,77,151,329,1384,0,2000
Se20 心不全,2017,6,2017-06-01,0,0,0,0,2,0,6,7,12,26,23,26,74,160,235,353,831,1305,1510,837,222,0,0,2,13,38,49,234,588,4705,0,5629
Se21 脳血管疾患,2017,6,2017-06-01,0,1,0,3,0,6,9,19,51,103,118,154,209,456,553,858,1459,1769,1459,648,108,1,3,6,28,154,272,665,1411,5443,0,7983
Se22 くも膜下出血,2017,6,2017-06-01,0,0,0,2,0,1,2,9,18,41,42,55,53,100,79,88,139,123,75,20,8,0,2,1,11,59,97,153,167,365,0,855
Se23 脳内出血,2017,6,2017-06-01,0,1,0,1,0,3,4,9,27,48,64,83,111,189,211,273,431,438,293,96,11,1,1,3,13,75,147,300,484,1269,0,2293
Se24 脳梗塞,2017,6,2017-06-01,0,0,0,0,0,1,1,1,4,12,7,13,39,158,248,474,851,1169,1052,518,84,0,0,1,2,16,20,197,722,3674,0,4632
Se25 大動脈瘤及び解離,2017,6,2017-06-01,0,0,0,0,0,1,0,2,8,12,22,28,44,107,112,178,259,263,159,57,4,0,0,1,2,20,50,151,290,742,0,1256
Se26 肺炎,2017,6,2017-06-01,3,0,0,2,0,1,2,2,6,15,21,25,67,182,306,589,1144,1709,1596,694,174,3,2,1,4,21,46,249,895,5317,3,6541
Se27 慢性閉塞性肺疾患,2017,6,2017-06-01,0,0,0,0,0,0,1,0,0,2,4,6,16,60,105,211,297,373,220,67,8,0,0,0,1,2,10,76,316,965,0,1370
Se28 喘息,2017,6,2017-06-01,0,0,0,0,0,0,0,1,2,3,1,1,0,4,7,7,20,29,21,8,8,0,0,0,1,5,2,4,14,86,0,112
Se29 肝疾患,2017,6,2017-06-01,1,0,0,0,0,1,5,11,30,47,64,103,109,173,150,163,168,149,69,24,3,1,0,1,16,77,167,282,313,413,1,1271
Se30 腎不全,2017,6,2017-06-01,1,0,0,0,0,0,0,1,1,6,8,13,20,83,105,181,333,446,401,141,27,1,0,0,1,7,21,103,286,1348,0,1767
Se31 老衰,2017,6,2017-06-01,0,0,0,0,0,0,0,0,0,0,0,0,1,6,47,149,581,1523,2392,1830,731,0,0,0,0,0,0,7,196,7057,0,7260
Se32 不慮の事故,2017,6,2017-06-01,11,6,5,12,23,19,20,26,41,38,48,62,96,165,175,297,390,482,320,140,34,17,17,42,46,79,110,261,472,1366,5,2415
Se33 交通事故,2017,6,2017-06-01,2,5,1,8,15,7,9,10,19,19,17,19,20,36,34,48,59,43,9,1,0,7,9,22,19,38,36,56,82,112,0,381
Se34 自殺,2017,6,2017-06-01,0,0,6,45,86,84,109,126,155,159,164,123,118,156,141,112,118,67,24,8,2,0,51,170,235,314,287,274,253,219,5,1808
総数,2017,7,2017-07-01,192,34,35,93,153,189,274,382,739,1124,1552,2277,3578,7329,8565,11711,17216,20070,16658,7711,2036,226,128,342,656,1863,3829,10907,20276,63691,41,101959
Se01 結核,2017,7,2017-07-01,0,0,0,0,0,0,0,0,0,0,0,1,3,6,13,21,34,50,40,14,3,0,0,0,0,0,1,9,34,141,0,185
Se02 悪性新生物＜腫瘍＞,2017,7,2017-07-01,9,5,4,13,18,31,55,102,226,389,616,1043,1802,3773,4208,4788,5641,4876,2736,774,93,14,17,49,157,615,1659,5575,8996,14120,1,31203
Se03 食道の悪性新生物＜腫瘍＞,2017,7,2017-07-01,0,0,0,0,0,1,0,2,6,15,23,43,76,176,164,179,153,88,34,7,0,0,0,1,2,21,66,252,343,282,0,967
Se04 胃の悪性新生物＜腫瘍＞,2017,7,2017-07-01,0,0,0,0,0,2,7,7,24,35,66,101,195,469,535,594,709,638,356,114,16,0,0,2,14,59,167,664,1129,1833,0,3868
Se05 結腸の悪性新生物＜腫瘍＞,2017,7,2017-07-01,0,0,0,0,0,0,4,8,19,27,55,86,155,313,344,402,513,511,351,132,15,0,0,0,12,46,141,468,746,1522,0,2935
Se06 直腸Ｓ状結腸移行部及び直腸の悪性新生物＜腫瘍＞,2017,7,2017-07-01,0,0,0,0,0,2,1,2,16,18,27,66,114,201,178,170,176,136,98,25,2,0,0,2,3,34,93,315,348,437,0,1232
Se07 肝及び肝内胆管の悪性新生物＜腫瘍＞,2017,7,2017-07-01,0,0,0,0,1,0,2,2,2,12,40,65,123,279,306,374,523,367,166,38,3,0,0,1,4,14,105,402,680,1097,0,2303
Se08 胆のう及びその他の胆道の悪性新生物＜腫瘍＞,2017,7,2017-07-01,0,0,0,0,0,0,0,4,1,11,12,36,52,123,150,252,271,294,220,58,8,0,0,0,4,12,48,175,402,851,0,1492
Se09 膵の悪性新生物＜腫瘍＞,2017,7,2017-07-01,0,0,0,0,0,0,2,4,8,29,56,102,181,376,446,478,535,366,204,60,6,0,0,0,6,37,158,557,924,1171,0,2853
Se10 気管，気管支及び肺の悪性新生物＜腫瘍＞,2017,7,2017-07-01,0,0,0,1,0,0,3,5,14,48,97,158,316,817,964,1052,1164,1016,500,110,14,0,1,0,8,62,255,1133,2016,2804,1,6280
Se11 乳房の悪性新生物＜腫瘍＞,2017,7,2017-07-01,0,0,0,0,0,2,7,17,48,69,86,112,142,173,140,130,117,102,74,26,5,0,0,2,24,117,198,315,270,324,0,1250
Se12 子宮の悪性新生物＜腫瘍＞,2017,7,2017-07-01,0,0,0,0,0,5,12,15,17,23,41,54,41,81,78,54,47,72,33,3,2,0,0,5,27,40,95,122,132,157,0,578
Se13 白血病,2017,7,2017-07-01,4,0,3,3,6,4,6,6,15,12,10,29,36,79,90,122,131,96,45,16,0,4,6,10,12,27,39,115,212,288,0,713
Se14 糖尿病,2017,7,2017-07-01,0,0,0,0,0,0,0,1,11,12,25,24,47,90,117,143,184,195,117,39,6,0,0,0,1,23,49,137,260,541,0,1011
Se15 高血圧性疾患,2017,7,2017-07-01,0,0,0,0,0,0,0,1,4,5,8,5,18,31,32,52,90,143,127,89,32,0,0,0,1,9,13,49,84,481,0,637
Se16 心疾患（高血圧性を除く）,2017,7,2017-07-01,3,1,0,4,2,13,13,38,100,159,180,269,399,806,904,1396,2399,3142,2918,1492,347,4,4,15,51,259,449,1205,2300,10298,2,14587
Se17 急性心筋梗塞,2017,7,2017-07-01,0,0,0,1,1,3,0,3,23,55,53,75,125,210,209,304,431,459,314,122,17,0,1,4,3,78,128,335,513,1343,1,2406
Se18 その他の虚血性心疾患,2017,7,2017-07-01,0,0,0,0,0,0,2,9,26,41,42,69,105,208,215,309,450,405,302,135,24,0,0,0,11,67,111,313,524,1316,1,2343
Se19 不整脈及び伝導障害,2017,7,2017-07-01,1,0,0,3,0,4,4,13,23,22,32,46,44,120,124,212,380,473,389,182,48,1,3,4,17,45,78,164,336,1472,0,2120
Se20 心不全,2017,7,2017-07-01,0,0,0,0,1,4,5,7,20,24,33,49,77,168,239,404,839,1385,1548,897,229,0,0,5,12,44,82,245,643,4898,0,5929
Se21 脳血管疾患,2017,7,2017-07-01,1,1,0,0,4,2,10,23,52,95,127,136,222,400,536,862,1449,1749,1505,643,115,2,0,6,33,147,263,622,1398,5461,0,7932
Se22 くも膜下出血,2017,7,2017-07-01,0,0,0,0,1,1,5,9,28,50,43,52,60,85,83,97,131,128,78,16,3,0,0,2,14,78,95,145,180,356,0,870
Se23 脳内出血,2017,7,2017-07-01,1,1,0,0,3,1,4,12,21,37,65,64,112,174,204,283,429,441,298,101,14,2,0,4,16,58,129,286,487,1283,0,2265
Se24 脳梗塞,2017,7,2017-07-01,0,0,0,0,0,0,1,1,2,6,14,16,49,132,238,460,854,1126,1093,511,93,0,0,0,2,8,30,181,698,3677,0,4596
Se25 大動脈瘤及び解離,2017,7,2017-07-01,0,0,1,0,0,2,2,1,8,19,16,25,33,89,108,127,218,252,165,46,7,0,1,2,3,27,41,122,235,688,2,1121
Se26 肺炎,2017,7,2017-07-01,5,0,2,2,0,1,2,4,3,11,9,26,63,184,318,612,1175,1750,1646,758,171,5,4,1,6,14,35,247,930,5500,0,6742
Se27 慢性閉塞性肺疾患,2017,7,2017-07-01,0,0,0,0,0,0,0,0,2,1,6,6,12,76,102,187,346,359,226,72,7,0,0,0,0,3,12,88,289,1010,1,1403
Se28 喘息,2017,7,2017-07-01,0,0,0,0,0,1,0,0,2,1,3,1,2,3,7,14,22,19,13,10,2,0,0,1,0,3,4,5,21,66,0,100
Se29 肝疾患,2017,7,2017-07-01,2,0,0,0,0,2,8,12,32,48,69,98,118,171,136,186,169,148,87,25,5,2,0,2,20,80,167,289,322,434,1,1317
Se30 腎不全,2017,7,2017-07-01,0,0,0,0,0,1,1,1,3,5,11,22,31,88,116,192,344,419,400,146,35,0,0,1,2,8,33,119,308,1344,0,1815
Se31 老衰,2017,7,2017-07-01,0,0,0,0,0,0,0,0,0,0,0,0,2,9,44,165,599,1571,2451,1847,805,0,0,0,0,0,0,11,209,7273,0,7493
Se32 不慮の事故,2017,7,2017-07-01,14,13,3,20,28,20,27,29,43,49,69,107,120,195,216,312,454,550,364,132,33,27,23,48,56,92,176,315,528,1533,2,2800
Se33 交通事故,2017,7,2017-07-01,4,7,0,10,18,7,11,6,14,20,15,31,28,37,44,40,49,32,14,2,0,11,10,25,17,34,46,65,84,97,0,389
Se34 自殺,2017,7,2017-07-01,0,0,12,31,77,83,109,106,136,159,154,148,114,145,141,103,90,75,33,9,0,0,43,160,215,295,302,259,244,207,5,1730
総数,2017,8,2017-08-01,185,21,41,122,155,210,290,435,764,1165,1645,2212,3579,7298,8660,12273,17351,20667,16797,7853,2090,206,163,365,725,1929,3857,10877,20933,64758,52,103865
Se01 結核,2017,8,2017-08-01,0,0,0,0,0,1,0,0,0,2,1,2,3,7,8,22,37,52,47,13,3,0,0,1,0,2,3,10,30,152,0,198
Se02 悪性新生物＜腫瘍＞,2017,8,2017-08-01,6,3,9,7,13,20,64,109,221,426,653,994,1795,3708,4233,5133,5727,4995,2758,802,112,9,16,33,173,647,1647,5503,9366,14394,1,31789
Se03 食道の悪性新生物＜腫瘍＞,2017,8,2017-08-01,0,0,0,0,0,0,0,1,7,10,14,37,79,168,188,192,136,86,37,13,0,0,0,0,1,17,51,247,380,272,0,968
Se04 胃の悪性新生物＜腫瘍＞,2017,8,2017-08-01,0,0,0,0,0,2,5,14,29,39,63,98,185,454,543,644,761,638,343,85,13,0,0,2,19,68,161,639,1187,1840,0,3916
Se05 結腸の悪性新生物＜腫瘍＞,2017,8,2017-08-01,0,0,0,0,0,1,5,11,15,46,61,72,150,358,372,449,503,501,373,109,22,0,0,1,16,61,133,508,821,1508,0,3048
Se06 直腸Ｓ状結腸移行部及び直腸の悪性新生物＜腫瘍＞,2017,8,2017-08-01,0,0,0,0,0,2,1,4,10,28,46,62,92,191,197,190,198,165,77,25,5,0,0,2,5,38,108,283,387,470,0,1293
Se07 肝及び肝内胆管の悪性新生物＜腫瘍＞,2017,8,2017-08-01,0,0,0,0,0,0,2,3,9,23,31,61,135,215,307,397,525,404,191,41,5,0,0,0,5,32,92,350,704,1166,0,2349
Se08 胆のう及びその他の胆道の悪性新生物＜腫瘍＞,2017,8,2017-08-01,0,0,0,0,0,0,1,1,5,10,19,37,56,143,161,250,326,300,200,71,7,0,0,0,2,15,56,199,411,904,0,1587
Se09 膵の悪性新生物＜腫瘍＞,2017,8,2017-08-01,0,0,0,0,0,0,1,2,11,21,44,107,172,368,419,539,488,423,200,74,8,0,0,0,3,32,151,540,958,1193,0,2877
Se10 気管，気管支及び肺の悪性新生物＜腫瘍＞,2017,8,2017-08-01,0,0,0,0,0,0,3,9,19,34,81,142,342,789,941,1141,1188,984,450,133,14,0,0,0,12,53,223,1131,2082,2769,1,6271
Se11 乳房の悪性新生物＜腫瘍＞,2017,8,2017-08-01,0,0,0,0,0,1,6,14,36,65,92,103,121,176,139,127,113,84,74,31,7,0,0,1,20,101,195,297,266,309,0,1189
Se12 子宮の悪性新生物＜腫瘍＞,2017,8,2017-08-01,0,0,0,0,1,2,8,13,19,34,42,43,54,74,63,50,71,69,36,16,1,0,0,3,21,53,85,128,113,193,0,596
Se13 白血病,2017,8,2017-08-01,0,1,1,1,3,3,3,8,10,18,20,19,40,86,106,125,131,82,43,13,1,1,2,6,11,28,39,126,231,270,0,714
Se14 糖尿病,2017,8,2017-08-01,0,0,0,0,0,0,2,4,8,12,16,35,59,98,115,135,196,183,128,51,6,0,0,0,6,20,51,157,250,564,0,1048
Se15 高血圧性疾患,2017,8,2017-08-01,0,0,0,0,0,0,0,3,3,5,10,9,17,37,41,52,90,135,160,83,29,0,0,0,3,8,19,54,93,497,0,674
Se16 心疾患（高血圧性を除く）,2017,8,2017-08-01,6,0,0,7,8,10,22,36,86,132,192,255,409,774,931,1440,2288,3131,2830,1391,365,6,7,18,58,218,447,1183,2371,10005,2,14315
Se17 急性心筋梗塞,2017,8,2017-08-01,0,0,0,0,0,1,0,7,24,42,64,69,114,225,241,306,398,472,323,97,23,0,0,1,7,66,133,339,547,1313,1,2407
Se18 その他の虚血性心疾患,2017,8,2017-08-01,0,0,0,1,1,0,2,5,17,34,41,60,100,193,213,316,440,404,300,113,33,0,1,1,7,51,101,293,529,1290,0,2273
Se19 不整脈及び伝導障害,2017,8,2017-08-01,0,0,0,2,3,3,9,11,15,21,29,38,65,111,139,216,310,475,391,197,44,0,2,6,20,36,67,176,355,1417,0,2079
Se20 心不全,2017,8,2017-08-01,0,0,0,3,1,4,7,10,16,22,33,51,79,141,225,418,839,1365,1472,835,233,0,3,5,17,38,84,220,643,4744,1,5755
Se21 脳血管疾患,2017,8,2017-08-01,0,1,1,1,2,5,10,23,73,100,131,150,222,479,509,904,1564,1752,1515,665,127,1,2,7,33,173,281,701,1413,5623,2,8236
Se22 くも膜下出血,2017,8,2017-08-01,0,0,0,0,1,2,5,9,41,42,50,44,57,103,81,108,147,125,69,31,4,0,0,3,14,83,94,160,189,376,0,919
Se23 脳内出血,2017,8,2017-08-01,0,1,1,1,1,3,5,13,25,52,65,84,105,197,177,281,465,428,303,98,14,1,2,4,18,77,149,302,458,1308,1,2320
Se24 脳梗塞,2017,8,2017-08-01,0,0,0,0,0,0,0,1,3,6,15,13,51,160,237,497,914,1171,1108,520,106,0,0,0,1,9,28,211,734,3819,1,4803
Se25 大動脈瘤及び解離,2017,8,2017-08-01,0,0,0,0,0,0,0,4,11,14,21,30,41,103,124,171,230,288,179,51,7,0,0,0,4,25,51,144,295,755,0,1274
Se26 肺炎,2017,8,2017-08-01,0,0,0,1,0,0,2,5,4,7,16,34,75,177,288,615,1262,1852,1655,801,191,0,1,0,7,11,50,252,903,5761,1,6986
Se27 慢性閉塞性肺疾患,2017,8,2017-08-01,0,0,0,0,0,0,0,0,1,2,1,6,22,67,105,197,308,378,218,73,13,0,0,0,0,3,7,89,302,990,0,1391
Se28 喘息,2017,8,2017-08-01,0,0,0,0,0,1,1,1,2,1,3,1,3,9,10,16,20,23,33,9,3,0,0,1,2,3,4,12,26,88,0,136
Se29 肝疾患,2017,8,2017-08-01,1,0,0,0,0,1,6,14,35,57,96,103,99,163,147,170,174,153,70,16,4,1,0,1,20,92,199,262,317,417,0,1309
Se30 腎不全,2017,8,2017-08-01,0,0,0,0,0,0,0,0,3,4,9,11,34,82,114,200,373,483,431,157,39,0,0,0,0,7,20,116,314,1483,1,1941
Se31 老衰,2017,8,2017-08-01,0,0,0,0,0,0,0,0,0,0,0,1,1,12,48,186,679,1655,2577,1878,770,0,0,0,0,0,1,13,234,7559,0,7807
Se32 不慮の事故,2017,8,2017-08-01,11,6,8,43,30,36,28,41,46,65,79,76,113,177,211,305,396,526,370,146,32,17,51,66,69,111,155,290,516,1470,1,2746
Se33 交通事故,2017,8,2017-08-01,1,1,3,20,17,19,18,10,17,27,25,23,17,35,36,55,41,37,20,2,0,2,23,36,28,44,48,52,91,100,0,424
Se34 自殺,2017,8,2017-08-01,0,0,12,42,78,95,100,125,145,163,158,132,114,152,141,98,106,67,31,11,0,0,54,173,225,308,290,266,239,215,4,1774
総数,2017,9,2017-09-01,177,29,39,106,186,201,261,394,701,1122,1479,2075,3379,6871,8195,11890,16951,20285,16693,7869,1995,206,145,387,655,1823,3554,10250,20085,63793,44,100942
Se01 結核,2017,9,2017-09-01,0,0,0,0,0,0,0,0,0,1,0,3,4,5,14,16,29,57,37,11,2,0,0,0,0,1,3,9,30,136,1,180
Se02 悪性新生物＜腫瘍＞,2017,9,2017-09-01,7,7,13,10,15,28,41,98,234,394,563,965,1753,3511,4019,4880,5618,4945,2707,759,93,14,23,43,139,628,1528,5264,8899,14122,1,30661
Se03 食道の悪性新生物＜腫瘍＞,2017,9,2017-09-01,0,0,0,0,0,0,1,0,4,13,16,34,87,165,154,173,155,107,49,11,1,0,0,0,1,17,50,252,327,323,0,970
Se04 胃の悪性新生物＜腫瘍＞,2017,9,2017-09-01,0,0,0,0,0,3,3,7,21,35,46,95,201,413,448,614,674,636,359,118,8,0,0,3,10,56,141,614,1062,1795,0,3681
Se05 結腸の悪性新生物＜腫瘍＞,2017,9,2017-09-01,0,0,1,1,0,2,6,9,24,35,57,88,144,307,334,449,510,501,320,124,17,0,2,2,15,59,145,451,783,1472,0,2929
Se06 直腸Ｓ状結腸移行部及び直腸の悪性新生物＜腫瘍＞,2017,9,2017-09-01,0,0,0,0,1,0,4,3,12,24,33,65,112,191,173,192,192,157,73,34,2,0,0,1,7,36,98,303,365,458,0,1268
Se07 肝及び肝内胆管の悪性新生物＜腫瘍＞,2017,9,2017-09-01,0,0,0,0,2,1,0,3,6,16,29,68,110,243,297,344,498,376,175,38,4,0,0,3,3,22,97,353,641,1091,0,2210
Se08 胆のう及びその他の胆道の悪性新生物＜腫瘍＞,2017,9,2017-09-01,0,0,0,0,0,0,1,0,4,7,19,24,70,128,174,212,312,313,180,54,8,0,0,0,1,11,43,198,386,867,0,1506
Se09 膵の悪性新生物＜腫瘍＞,2017,9,2017-09-01,0,0,0,0,0,1,0,6,14,32,43,99,179,356,401,492,534,426,209,48,10,0,0,1,6,46,142,535,893,1227,0,2850
Se10 気管，気管支及び肺の悪性新生物＜腫瘍＞,2017,9,2017-09-01,0,0,0,0,0,0,2,5,19,36,72,147,286,741,951,1072,1143,977,509,102,9,0,0,0,7,55,219,1027,2023,2740,1,6072
Se11 乳房の悪性新生物＜腫瘍＞,2017,9,2017-09-01,0,0,0,0,0,1,6,15,47,61,72,100,121,159,144,125,119,97,71,22,6,0,0,1,21,108,172,280,269,315,0,1166
Se12 子宮の悪性新生物＜腫瘍＞,2017,9,2017-09-01,0,0,0,0,0,1,3,8,11,31,40,50,44,82,51,70,57,49,32,14,2,0,0,1,11,42,90,126,121,154,0,545
Se13 白血病,2017,9,2017-09-01,2,2,4,0,4,6,5,10,12,17,23,25,49,91,104,134,141,98,53,5,1,4,4,10,15,29,48,140,238,298,0,786
Se14 糖尿病,2017,9,2017-09-01,0,0,0,0,1,1,0,3,5,13,12,27,37,88,95,146,176,181,131,57,13,0,0,2,3,18,39,125,241,558,0,986
Se15 高血圧性疾患,2017,9,2017-09-01,0,0,0,1,0,0,0,0,0,2,3,7,17,30,29,36,94,142,140,107,38,0,1,0,0,2,10,47,65,521,0,646
Se16 心疾患（高血圧性を除く）,2017,9,2017-09-01,8,0,3,3,8,17,10,28,67,136,179,253,332,734,838,1369,2145,3148,2785,1420,314,8,6,25,38,203,432,1066,2207,9812,1,13798
Se17 急性心筋梗塞,2017,9,2017-09-01,0,0,0,1,1,3,2,5,20,33,47,79,95,215,193,275,401,454,304,115,15,0,1,4,7,53,126,310,468,1289,0,2258
Se18 その他の虚血性心疾患,2017,9,2017-09-01,0,0,0,0,1,3,0,4,11,32,59,78,83,222,221,317,348,384,308,119,26,0,0,4,4,43,137,305,538,1185,1,2217
Se19 不整脈及び伝導障害,2017,9,2017-09-01,3,0,1,1,4,5,3,8,14,27,28,23,61,91,113,219,323,495,384,187,34,3,2,9,11,41,51,152,332,1423,0,2024
Se20 心不全,2017,9,2017-09-01,1,0,0,1,0,5,2,7,13,28,25,40,64,130,222,403,788,1416,1475,853,220,1,1,5,9,41,65,194,625,4752,0,5693
Se21 脳血管疾患,2017,9,2017-09-01,0,2,1,1,3,2,12,24,55,104,127,131,229,422,530,918,1491,1762,1411,665,134,2,2,5,36,159,258,651,1448,5463,1,8025
Se22 くも膜下出血,2017,9,2017-09-01,0,2,1,0,3,0,5,11,27,51,50,40,69,74,86,127,159,127,66,28,2,2,1,3,16,78,90,143,213,382,0,928
Se23 脳内出血,2017,9,2017-09-01,0,0,0,1,0,2,6,11,21,45,63,68,101,192,196,320,420,422,296,87,14,0,1,2,17,66,131,293,516,1239,1,2266
Se24 脳梗塞,2017,9,2017-09-01,0,0,0,0,0,0,0,1,4,6,11,19,53,145,235,449,875,1169,1025,535,109,0,0,0,1,10,30,198,684,3713,0,4636
Se25 大動脈瘤及び解離,2017,9,2017-09-01,0,0,0,0,1,0,2,4,11,21,28,42,52,106,133,179,261,304,210,73,2,0,0,1,6,32,70,158,312,850,1,1430
Se26 肺炎,2017,9,2017-09-01,4,1,0,0,1,2,1,2,2,16,16,23,44,195,321,614,1233,1779,1615,783,171,5,0,3,3,18,39,239,935,5581,0,6823
Se27 慢性閉塞性肺疾患,2017,9,2017-09-01,1,0,0,0,0,0,0,0,1,1,3,3,14,49,115,197,292,393,238,67,7,1,0,0,0,2,6,63,312,997,0,1381
Se28 喘息,2017,9,2017-09-01,0,0,0,0,0,0,1,1,1,4,2,3,4,5,7,12,17,39,30,13,9,0,0,0,2,5,5,9,19,108,0,148
Se29 肝疾患,2017,9,2017-09-01,0,0,0,0,0,2,3,15,30,53,80,84,119,160,120,172,168,129,71,12,2,0,0,2,18,83,164,279,292,382,0,1220
Se30 腎不全,2017,9,2017-09-01,1,0,0,1,0,0,0,1,2,4,5,8,24,74,110,180,342,481,407,142,23,1,1,0,1,6,13,98,290,1395,0,1805
Se31 老衰,2017,9,2017-09-01,0,0,0,0,0,0,0,0,0,0,0,0,1,17,57,162,634,1659,2536,1906,809,0,0,0,0,0,0,18,219,7544,0,7781
Se32 不慮の事故,2017,9,2017-09-01,11,7,4,17,27,26,14,18,35,45,50,71,105,162,222,269,390,488,347,163,27,18,21,53,32,80,121,267,491,1415,2,2500
Se33 交通事故,2017,9,2017-09-01,2,3,2,9,14,17,12,10,12,17,15,22,26,36,44,43,62,35,16,3,0,5,11,31,22,29,37,62,87,116,0,400
Se34 自殺,2017,9,2017-09-01,0,0,8,50,101,85,123,115,144,174,160,123,133,138,101,108,111,61,23,3,1,0,58,186,238,318,283,271,209,199,1,1763
総数,2017,10,2017-10-01,221,32,31,97,174,198,254,386,669,1126,1516,2271,3668,7506,9068,12621,18602,22486,18457,8516,2288,253,128,372,640,1795,3787,11174,21689,70349,27,110214
Se01 結核,2017,10,2017-10-01,0,0,0,0,0,0,0,0,0,0,1,2,1,3,8,26,36,65,47,14,1,0,0,0,0,0,3,4,34,163,0,204
Se02 悪性新生物＜腫瘍＞,2017,10,2017-10-01,6,8,7,12,18,23,48,110,213,390,577,1063,1780,3714,4291,4996,5857,5253,2867,797,112,14,19,41,158,603,1640,5494,9287,14886,0,32142
Se03 食道の悪性新生物＜腫瘍＞,2017,10,2017-10-01,0,0,0,0,1,0,1,0,3,8,26,47,79,173,192,183,123,116,39,7,2,0,0,1,1,11,73,252,375,287,0,1000
Se04 胃の悪性新生物＜腫瘍＞,2017,10,2017-10-01,0,0,0,0,0,0,5,8,17,31,39,104,198,444,524,600,741,634,411,103,12,0,0,0,13,48,143,642,1124,1901,0,3871
Se05 結腸の悪性新生物＜腫瘍＞,2017,10,2017-10-01,0,0,0,0,1,1,6,12,23,25,51,96,164,336,337,420,556,552,401,100,11,0,0,2,18,48,147,500,757,1620,0,3092
Se06 直腸Ｓ状結腸移行部及び直腸の悪性新生物＜腫瘍＞,2017,10,2017-10-01,0,0,0,0,1,0,1,5,14,21,32,67,91,209,181,199,211,133,90,27,3,0,0,1,6,35,99,300,380,464,0,1285
Se07 肝及び肝内胆管の悪性新生物＜腫瘍＞,2017,10,2017-10-01,1,0,1,0,0,0,0,3,4,17,33,75,144,247,280,371,441,399,165,40,3,1,1,0,3,21,108,391,651,1048,0,2224
Se08 胆のう及びその他の胆道の悪性新生物＜腫瘍＞,2017,10,2017-10-01,0,0,0,0,1,0,0,0,1,10,16,23,58,134,172,242,326,317,190,63,12,0,0,1,0,11,39,192,414,908,0,1565
Se09 膵の悪性新生物＜腫瘍＞,2017,10,2017-10-01,0,0,0,0,0,2,0,5,16,32,51,105,172,379,463,484,540,431,235,66,6,0,0,2,5,48,156,551,947,1278,0,2987
Se10 気管，気管支及び肺の悪性新生物＜腫瘍＞,2017,10,2017-10-01,0,0,0,0,0,0,1,10,9,35,74,150,321,781,967,1111,1217,1043,484,115,17,0,0,0,11,44,224,1102,2078,2876,0,6335
Se11 乳房の悪性新生物＜腫瘍＞,2017,10,2017-10-01,0,0,0,0,0,0,7,15,35,78,82,104,131,179,141,129,110,110,61,28,8,0,0,0,22,113,186,310,270,317,0,1218
Se12 子宮の悪性新生物＜腫瘍＞,2017,10,2017-10-01,0,0,0,0,0,0,3,7,26,32,29,42,52,70,47,63,62,55,37,7,4,0,0,0,10,58,71,122,110,165,0,536
Se13 白血病,2017,10,2017-10-01,0,2,1,2,2,6,9,12,7,12,17,30,46,98,117,122,157,104,44,11,1,2,3,8,21,19,47,144,239,317,0,800
Se14 糖尿病,2017,10,2017-10-01,0,0,0,0,0,0,1,3,6,14,18,22,43,108,108,148,202,176,116,57,14,0,0,0,4,20,40,151,256,565,1,1037
Se15 高血圧性疾患,2017,10,2017-10-01,0,0,0,0,0,0,0,2,1,2,9,14,20,34,42,50,105,180,142,98,28,0,0,0,2,3,23,54,92,553,0,727
Se16 心疾患（高血圧性を除く）,2017,10,2017-10-01,5,3,0,6,5,8,17,22,70,119,161,278,421,856,1013,1518,2491,3523,3179,1565,374,8,6,13,39,189,439,1277,2531,11132,4,15638
Se17 急性心筋梗塞,2017,10,2017-10-01,0,0,0,0,0,0,1,4,14,33,33,84,151,229,249,336,457,531,354,128,27,0,0,0,5,47,117,380,585,1497,0,2631
Se18 その他の虚血性心疾患,2017,10,2017-10-01,0,0,0,0,0,0,3,1,17,35,52,74,87,213,261,320,500,508,355,126,30,0,0,0,4,52,126,300,581,1519,4,2586
Se19 不整脈及び伝導障害,2017,10,2017-10-01,2,0,0,1,2,2,4,9,15,13,26,44,67,128,143,228,401,510,432,195,35,2,1,4,13,28,70,195,371,1573,0,2257
Se20 心不全,2017,10,2017-10-01,0,0,0,1,3,2,4,4,12,19,31,52,75,176,235,453,846,1527,1647,921,253,0,1,5,8,31,83,251,688,5194,0,6261
Se21 脳血管疾患,2017,10,2017-10-01,0,0,1,1,1,3,13,24,66,118,130,175,263,510,665,1020,1603,2041,1606,689,154,0,2,4,37,184,305,773,1685,6093,0,9083
Se22 くも膜下出血,2017,10,2017-10-01,0,0,0,0,1,1,6,8,28,46,51,54,56,120,99,134,161,159,96,22,3,0,0,2,14,74,105,176,233,441,0,1045
Se23 脳内出血,2017,10,2017-10-01,0,0,1,1,0,2,5,15,30,60,68,91,143,218,261,354,514,548,330,105,16,0,2,2,20,90,159,361,615,1513,0,2762
Se24 脳梗塞,2017,10,2017-10-01,0,0,0,0,0,0,2,1,5,9,10,26,59,159,288,506,898,1293,1151,544,127,0,0,0,3,14,36,218,794,4013,0,5078
Se25 大動脈瘤及び解離,2017,10,2017-10-01,0,0,0,1,1,0,1,3,15,16,35,32,51,140,142,210,302,359,233,73,10,0,1,1,4,31,67,191,352,977,0,1624
Se26 肺炎,2017,10,2017-10-01,4,0,0,1,2,1,0,0,4,12,16,41,62,180,342,693,1352,1891,1800,842,214,4,1,3,0,16,57,242,1035,6099,1,7458
Se27 慢性閉塞性肺疾患,2017,10,2017-10-01,0,0,0,0,0,0,0,0,0,2,2,7,21,73,137,196,359,377,255,62,14,0,0,0,0,2,9,94,333,1067,0,1505
Se28 喘息,2017,10,2017-10-01,0,0,0,0,0,0,0,1,2,2,0,2,1,11,5,19,28,41,23,22,2,0,0,0,1,4,2,12,24,116,0,159
Se29 肝疾患,2017,10,2017-10-01,1,0,0,0,0,2,2,10,27,55,89,94,115,157,152,195,183,153,85,14,2,1,0,2,12,82,183,272,347,437,0,1336
Se30 腎不全,2017,10,2017-10-01,0,0,0,0,0,0,0,1,4,4,6,17,37,87,136,186,378,492,467,179,27,0,0,0,1,8,23,124,322,1543,0,2021
Se31 老衰,2017,10,2017-10-01,0,0,0,0,0,0,0,0,0,0,0,0,2,13,42,181,726,1895,2988,2118,921,0,0,0,0,0,0,15,223,8648,0,8886
Se32 不慮の事故,2017,10,2017-10-01,10,4,3,20,28,21,19,28,36,59,57,84,127,202,256,351,479,650,411,160,32,14,23,49,47,95,141,329,607,1732,2,3039
Se33 交通事故,2017,10,2017-10-01,2,4,0,14,23,11,9,13,17,28,19,22,30,49,28,60,57,45,12,2,0,6,14,34,22,45,41,79,88,116,0,445
Se34 自殺,2017,10,2017-10-01,0,0,7,34,81,105,106,107,114,151,151,110,105,131,112,104,79,43,21,3,0,0,41,186,213,265,261,236,216,146,2,1566
総数,2017,11,2017-11-01,201,30,27,91,155,177,252,333,734,1172,1616,2267,3789,7535,9337,13490,19373,23516,19756,9088,2470,231,118,332,585,1906,3883,11324,22827,74203,67,115476
Se01 結核,2017,11,2017-11-01,0,0,0,0,0,0,0,0,1,0,1,1,2,4,12,14,30,44,49,16,0,0,0,0,0,1,2,6,26,139,1,175
Se02 悪性新生物＜腫瘍＞,2017,11,2017-11-01,5,7,5,13,13,18,31,77,232,376,615,993,1752,3577,4110,5085,5763,5069,2881,774,101,12,18,31,108,608,1608,5329,9195,14588,0,31497
Se03 食道の悪性新生物＜腫瘍＞,2017,11,2017-11-01,0,0,0,0,0,0,0,2,3,3,18,42,77,156,173,195,156,97,39,9,0,0,0,0,2,6,60,233,368,301,0,970
Se04 胃の悪性新生物＜腫瘍＞,2017,11,2017-11-01,0,0,0,1,1,2,1,5,22,38,72,77,195,413,493,640,716,634,350,97,9,0,1,3,6,60,149,608,1133,1806,0,3766
Se05 結腸の悪性新生物＜腫瘍＞,2017,11,2017-11-01,0,0,0,0,2,0,3,11,17,27,54,88,156,318,372,430,517,562,366,129,19,0,0,2,14,44,142,474,802,1593,0,3071
Se06 直腸Ｓ状結腸移行部及び直腸の悪性新生物＜腫瘍＞,2017,11,2017-11-01,0,0,0,1,0,0,2,4,9,22,34,65,101,202,196,207,193,158,76,23,4,0,1,0,6,31,99,303,403,454,0,1297
Se07 肝及び肝内胆管の悪性新生物＜腫瘍＞,2017,11,2017-11-01,1,0,0,0,1,0,0,1,10,13,41,72,103,206,277,382,484,350,184,46,3,1,0,1,1,23,113,309,659,1067,0,2174
Se08 胆のう及びその他の胆道の悪性新生物＜腫瘍＞,2017,11,2017-11-01,0,0,0,0,0,0,0,0,1,4,6,28,66,142,165,229,319,302,223,48,10,0,0,0,0,5,34,208,394,902,0,1543
Se09 膵の悪性新生物＜腫瘍＞,2017,11,2017-11-01,0,0,0,0,0,0,2,2,17,28,51,95,185,375,441,534,532,442,210,63,10,0,0,0,4,45,146,560,975,1257,0,2987
Se10 気管，気管支及び肺の悪性新生物＜腫瘍＞,2017,11,2017-11-01,0,0,0,0,0,1,4,6,27,38,80,151,298,777,872,1130,1201,1010,516,114,20,0,0,1,10,65,231,1075,2002,2861,0,6245
Se11 乳房の悪性新生物＜腫瘍＞,2017,11,2017-11-01,0,0,0,0,0,5,1,10,37,74,88,101,108,181,140,112,124,103,76,32,5,0,0,5,11,111,189,289,252,340,0,1197
Se12 子宮の悪性新生物＜腫瘍＞,2017,11,2017-11-01,0,0,0,0,0,1,6,4,26,23,36,36,52,61,52,49,58,53,34,21,2,0,0,1,10,49,72,113,101,168,0,514
Se13 白血病,2017,11,2017-11-01,2,2,1,3,2,3,3,3,9,11,16,22,42,79,102,123,117,86,46,10,1,4,4,5,6,20,38,121,225,260,0,683
Se14 糖尿病,2017,11,2017-11-01,0,0,0,1,0,1,1,3,7,15,22,35,35,93,115,145,204,223,162,46,12,0,1,1,4,22,57,128,260,647,0,1120
Se15 高血圧性疾患,2017,11,2017-11-01,0,0,0,0,0,0,0,1,3,8,6,8,23,37,40,55,102,155,213,111,44,0,0,0,1,11,14,60,95,625,0,806
Se16 心疾患（高血圧性を除く）,2017,11,2017-11-01,3,3,2,5,7,10,18,24,72,174,192,280,491,923,1152,1799,2838,3915,3533,1733,417,6,7,17,42,246,472,1414,2951,12436,6,17597
Se17 急性心筋梗塞,2017,11,2017-11-01,0,0,0,1,0,1,6,5,15,49,51,91,136,267,291,411,564,646,412,150,25,0,1,1,11,64,142,403,702,1797,3,3124
Se18 その他の虚血性心疾患,2017,11,2017-11-01,0,0,0,0,0,1,6,4,21,39,52,74,133,233,272,416,552,554,368,156,35,0,0,1,10,60,126,366,688,1665,1,2917
Se19 不整脈及び伝導障害,2017,11,2017-11-01,0,0,1,2,3,3,3,8,12,39,31,46,68,131,195,258,446,598,533,222,48,0,3,6,11,51,77,199,453,1847,0,2647
Se20 心不全,2017,11,2017-11-01,0,0,0,1,2,3,1,3,11,31,38,44,100,179,274,492,955,1629,1760,1008,259,0,1,5,4,42,82,279,766,5611,0,6790
Se21 脳血管疾患,2017,11,2017-11-01,0,0,1,0,2,4,14,22,72,109,166,181,279,516,662,1104,1672,2105,1791,742,170,0,1,6,36,181,347,795,1766,6480,0,9612
Se22 くも膜下出血,2017,11,2017-11-01,0,0,0,0,2,4,8,10,27,54,55,60,67,103,95,147,158,179,105,36,2,0,0,6,18,81,115,170,242,480,0,1112
Se23 脳内出血,2017,11,2017-11-01,0,0,1,0,0,0,5,12,39,45,98,94,150,251,264,391,545,555,389,120,23,0,1,0,17,84,192,401,655,1632,0,2982
Se24 脳梗塞,2017,11,2017-11-01,0,0,0,0,0,0,1,0,6,7,12,24,58,152,280,533,929,1324,1252,568,141,0,0,0,1,13,36,210,813,4214,0,5287
Se25 大動脈瘤及び解離,2017,11,2017-11-01,0,1,1,0,1,0,3,8,15,20,29,42,58,124,181,223,341,396,254,70,8,1,1,1,11,35,71,182,404,1069,0,1775
Se26 肺炎,2017,11,2017-11-01,2,0,0,1,1,1,1,2,3,12,23,34,88,214,391,745,1460,2130,2020,885,227,2,1,2,3,15,57,302,1136,6722,0,8240
Se27 慢性閉塞性肺疾患,2017,11,2017-11-01,0,0,0,0,0,0,0,0,0,0,3,8,18,67,122,207,349,407,236,78,10,0,0,0,0,0,11,85,329,1080,0,1505
Se28 喘息,2017,11,2017-11-01,0,0,0,0,0,0,2,1,2,4,3,2,3,7,4,16,24,31,27,14,1,0,0,0,3,6,5,10,20,97,0,141
Se29 肝疾患,2017,11,2017-11-01,1,0,0,0,0,1,8,9,22,65,76,79,138,190,164,200,200,156,80,24,1,1,0,1,17,87,155,328,364,461,0,1414
Se30 腎不全,2017,11,2017-11-01,0,0,0,0,1,0,0,2,2,4,10,11,37,101,134,238,394,574,477,182,41,0,0,1,2,6,21,138,372,1668,0,2208
Se31 老衰,2017,11,2017-11-01,0,0,0,0,0,0,0,0,0,0,0,0,1,13,58,199,751,1973,3068,2215,955,0,0,0,0,0,0,14,257,8962,0,9233
Se32 不慮の事故,2017,11,2017-11-01,8,2,7,23,29,22,21,22,50,67,70,78,127,259,328,412,642,694,544,207,51,10,30,51,43,117,148,386,740,2138,4,3667
Se33 交通事故,2017,11,2017-11-01,1,1,3,14,23,16,7,7,14,21,27,26,29,44,48,63,66,54,21,4,0,2,17,39,14,35,53,73,111,145,2,491
Se34 自殺,2017,11,2017-11-01,0,0,4,32,79,78,107,90,136,139,138,130,102,119,115,121,77,43,26,4,0,0,36,157,197,275,268,221,236,150,6,1546
総数,2017,12,2017-12-01,219,29,39,87,158,175,261,420,716,1210,1749,2575,4081,8564,10317,14625,21276,25901,21494,9822,2731,248,126,333,681,1926,4324,12645,24942,81224,79,126528
Se01 結核,2017,12,2017-12-01,0,0,0,0,0,0,0,0,0,0,2,0,3,3,12,19,29,48,40,17,3,0,0,0,0,0,2,6,31,137,0,176
Se02 悪性新生物＜腫瘍＞,2017,12,2017-12-01,7,5,12,7,15,21,49,96,205,414,601,1033,1778,3766,4336,5090,5929,5174,2918,834,114,12,19,36,145,619,1634,5544,9426,14969,2,32406
Se03 食道の悪性新生物＜腫瘍＞,2017,12,2017-12-01,0,0,0,0,0,0,0,1,1,7,15,45,70,177,175,155,150,94,40,13,0,0,0,0,1,8,60,247,330,297,0,943
Se04 胃の悪性新生物＜腫瘍＞,2017,12,2017-12-01,0,0,0,0,0,1,4,7,18,35,64,86,172,414,492,628,701,644,380,101,9,0,0,1,11,53,150,586,1120,1835,0,3756
Se05 結腸の悪性新生物＜腫瘍＞,2017,12,2017-12-01,0,0,1,0,0,2,6,10,15,43,48,91,165,336,384,435,529,511,378,132,22,0,1,2,16,58,139,501,819,1572,0,3108
Se06 直腸Ｓ状結腸移行部及び直腸の悪性新生物＜腫瘍＞,2017,12,2017-12-01,0,0,0,0,0,0,2,5,9,25,28,66,102,197,199,204,206,185,91,28,5,0,0,0,7,34,94,299,403,515,0,1352
Se07 肝及び肝内胆管の悪性新生物＜腫瘍＞,2017,12,2017-12-01,0,0,0,0,0,0,0,4,5,9,34,55,126,248,311,413,521,376,164,35,7,0,0,0,4,14,89,374,724,1103,0,2308
Se08 胆のう及びその他の胆道の悪性新生物＜腫瘍＞,2017,12,2017-12-01,0,0,0,0,0,0,0,0,4,6,15,21,50,119,167,226,323,323,208,52,7,0,0,0,0,10,36,169,393,913,0,1521
Se09 膵の悪性新生物＜腫瘍＞,2017,12,2017-12-01,0,0,0,0,0,0,3,5,12,33,54,115,168,389,437,502,557,444,222,66,6,0,0,0,8,45,169,557,939,1295,0,3013
Se10 気管，気管支及び肺の悪性新生物＜腫瘍＞,2017,12,2017-12-01,0,0,0,0,1,0,3,4,18,47,62,142,340,820,1015,1170,1208,1080,539,135,15,0,0,1,7,65,204,1160,2185,2977,0,6599
Se11 乳房の悪性新生物＜腫瘍＞,2017,12,2017-12-01,0,0,0,0,0,2,7,17,34,63,85,115,130,188,141,121,130,100,79,36,8,0,0,2,24,97,200,318,262,353,1,1257
Se12 子宮の悪性新生物＜腫瘍＞,2017,12,2017-12-01,0,0,0,0,0,1,6,14,14,34,36,51,52,83,57,65,65,52,29,10,2,0,0,1,20,48,87,135,122,158,0,571
Se13 白血病,2017,12,2017-12-01,5,2,5,2,7,5,4,3,8,11,24,23,37,83,101,125,128,103,45,15,0,7,7,12,7,19,47,120,226,291,0,736
Se14 糖尿病,2017,12,2017-12-01,0,0,0,0,1,0,2,10,10,14,38,36,48,130,137,195,245,251,163,72,12,0,0,1,12,24,74,178,332,743,0,1364
Se15 高血圧性疾患,2017,12,2017-12-01,0,0,0,0,0,0,2,0,5,5,8,9,17,60,58,99,162,260,222,129,35,0,0,0,2,10,17,77,157,808,0,1071
Se16 心疾患（高血圧性を除く）,2017,12,2017-12-01,7,1,0,6,7,10,20,38,84,169,243,375,571,1209,1427,2257,3386,4667,4272,1862,505,8,6,17,58,253,618,1780,3684,14692,4,21120
Se17 急性心筋梗塞,2017,12,2017-12-01,1,0,0,1,0,1,0,9,24,31,84,106,168,316,344,495,645,731,496,169,26,1,1,1,9,55,190,484,839,2067,1,3648
Se18 その他の虚血性心疾患,2017,12,2017-12-01,0,0,0,0,1,0,6,8,13,58,57,113,147,340,390,567,694,783,556,168,46,0,0,1,14,71,170,487,957,2247,2,3949
Se19 不整脈及び伝導障害,2017,12,2017-12-01,0,0,0,2,5,2,5,9,15,27,38,54,102,189,221,339,565,697,610,244,56,0,2,7,14,42,92,291,560,2172,0,3180
Se20 心不全,2017,12,2017-12-01,1,0,0,2,1,1,6,7,19,39,40,72,106,237,330,611,1097,1888,2121,1059,336,1,2,2,13,58,112,343,941,6501,0,7973
Se21 脳血管疾患,2017,12,2017-12-01,0,0,2,0,0,4,13,19,58,109,162,180,292,588,724,1116,1846,2314,1767,780,171,0,2,4,32,167,342,880,1840,6878,1,10146
Se22 くも膜下出血,2017,12,2017-12-01,0,0,0,0,0,2,7,8,28,49,55,44,92,112,126,147,184,163,93,28,5,0,0,2,15,77,99,204,273,473,0,1143
Se23 脳内出血,2017,12,2017-12-01,0,0,2,0,0,1,5,9,23,52,92,110,138,262,287,385,623,627,366,132,27,0,2,1,14,75,202,400,672,1775,1,3142
Se24 脳梗塞,2017,12,2017-12-01,0,0,0,0,0,0,0,1,6,8,13,17,55,193,287,550,995,1478,1270,597,138,0,0,0,1,14,30,248,837,4478,0,5608
Se25 大動脈瘤及び解離,2017,12,2017-12-01,0,0,0,0,1,1,1,3,9,17,27,42,71,189,210,254,413,459,303,91,11,0,0,2,4,26,69,260,464,1277,0,2102
Se26 肺炎,2017,12,2017-12-01,2,0,1,0,0,0,3,4,6,7,21,30,84,235,398,813,1510,2320,2192,994,230,2,1,0,7,13,51,319,1211,7246,0,8850
Se27 慢性閉塞性肺疾患,2017,12,2017-12-01,0,0,0,0,1,0,1,2,0,3,5,9,29,68,149,243,408,446,268,75,10,0,0,1,3,3,14,97,392,1207,1,1718
Se28 喘息,2017,12,2017-12-01,0,0,0,0,0,0,0,1,1,3,1,2,7,5,10,17,22,31,30,10,7,0,0,0,1,4,3,12,27,100,0,147
Se29 肝疾患,2017,12,2017-12-01,1,0,0,0,1,3,1,17,33,66,88,125,130,214,200,218,226,159,89,25,4,1,0,4,18,99,213,344,418,503,0,1600
Se30 腎不全,2017,12,2017-12-01,2,0,1,0,0,1,0,6,4,8,6,12,32,100,137,270,431,589,528,222,31,2,1,1,6,12,18,132,407,1801,0,2380
Se31 老衰,2017,12,2017-12-01,0,0,0,0,0,0,0,0,0,0,0,0,2,21,71,205,853,2060,3291,2445,1105,0,0,0,0,0,0,23,276,9754,0,10053
Se32 不慮の事故,2017,12,2017-12-01,4,2,4,22,22,25,26,29,61,65,88,135,175,297,424,607,826,903,579,188,43,6,26,47,55,126,223,472,1031,2539,3,4528
Se33 交通事故,2017,12,2017-12-01,0,1,2,14,15,11,12,11,20,23,29,34,30,48,60,57,62,49,8,4,0,1,16,26,23,43,63,78,117,123,0,490
Se34 自殺,2017,12,2017-12-01,0,0,9,38,75,66,87,112,107,123,146,147,105,122,95,69,65,51,18,4,1,0,47,141,199,230,293,227,164,139,3,1443
総数,2018,1,2018-01-01,216,28,41,92,142,154,285,399,718,1358,1812,2520,4269,8644,11151,15677,23062,28208,23348,10462,2901,244,133,296,684,2076,4332,12913,26828,87981,17,135504
Se01 結核,2018,1,2018-01-01,0,0,0,0,0,0,0,0,0,2,0,2,2,7,22,31,40,61,41,21,2,0,0,0,0,2,2,9,53,165,0,231
Se02 悪性新生物＜腫瘍＞,2018,1,2018-01-01,4,9,11,10,6,11,51,88,215,409,617,1024,1768,3608,4376,5138,5889,5286,2909,814,111,13,21,17,139,624,1641,5376,9514,15009,3,32357
Se03 食道の悪性新生物＜腫瘍＞,2018,1,2018-01-01,0,0,0,0,0,0,0,1,5,9,19,37,75,154,172,170,154,119,51,12,1,0,0,0,1,14,56,229,342,337,0,979
Se04 胃の悪性新生物＜腫瘍＞,2018,1,2018-01-01,0,0,0,0,0,1,5,12,24,38,54,101,206,408,510,626,685,708,409,97,5,0,0,1,17,62,155,614,1136,1904,0,3889
Se05 結腸の悪性新生物＜腫瘍＞,2018,1,2018-01-01,0,0,0,2,0,2,2,5,15,33,56,94,162,324,369,439,562,523,334,138,25,0,2,2,7,48,150,486,808,1582,0,3085
Se06 直腸Ｓ状結腸移行部及び直腸の悪性新生物＜腫瘍＞,2018,1,2018-01-01,0,0,0,0,0,0,3,2,9,22,45,65,116,195,220,209,187,133,82,28,3,0,0,0,5,31,110,311,429,433,1,1320
Se07 肝及び肝内胆管の悪性新生物＜腫瘍＞,2018,1,2018-01-01,0,0,0,0,0,0,1,2,8,22,29,71,118,255,321,371,474,355,183,36,4,0,0,0,3,30,100,373,692,1052,0,2250
Se08 胆のう及びその他の胆道の悪性新生物＜腫瘍＞,2018,1,2018-01-01,0,0,0,0,0,0,0,1,4,6,8,29,66,120,163,243,311,328,202,53,18,0,0,0,1,10,37,186,406,912,0,1552
Se09 膵の悪性新生物＜腫瘍＞,2018,1,2018-01-01,0,0,0,0,0,0,1,1,11,37,51,101,182,369,451,541,552,441,243,66,8,0,0,0,2,48,152,551,992,1310,0,3055
Se10 気管，気管支及び肺の悪性新生物＜腫瘍＞,2018,1,2018-01-01,0,0,0,0,0,0,4,6,18,46,71,146,301,766,1008,1150,1222,1066,526,134,11,0,0,0,10,64,217,1067,2158,2959,0,6475
Se11 乳房の悪性新生物＜腫瘍＞,2018,1,2018-01-01,0,0,0,0,0,0,10,17,38,62,79,97,124,186,167,131,126,106,98,43,6,0,0,0,27,100,176,310,298,379,0,1290
Se12 子宮の悪性新生物＜腫瘍＞,2018,1,2018-01-01,0,0,0,0,1,1,3,10,24,31,42,47,51,62,65,70,70,75,25,9,3,0,0,2,13,55,89,113,135,182,0,589
Se13 白血病,2018,1,2018-01-01,0,1,4,2,1,1,3,3,13,12,17,33,39,98,76,126,126,103,52,9,0,1,6,2,6,25,50,137,202,290,0,719
Se14 糖尿病,2018,1,2018-01-01,0,0,0,0,1,1,1,5,13,18,39,39,64,146,146,208,252,296,197,60,12,0,0,2,6,31,78,210,354,817,0,1498
Se15 高血圧性疾患,2018,1,2018-01-01,0,0,0,0,0,0,1,2,2,4,15,15,22,48,88,113,181,274,227,154,52,0,0,0,3,6,30,70,201,888,0,1198
Se16 心疾患（高血圧性を除く）,2018,1,2018-01-01,11,0,2,3,6,12,29,36,93,182,250,339,660,1301,1666,2590,4031,5423,4748,2072,533,11,5,18,65,275,589,1961,4256,16807,2,23989
Se17 急性心筋梗塞,2018,1,2018-01-01,0,0,0,0,0,1,3,6,19,52,69,84,170,352,394,562,795,888,558,192,33,0,0,1,9,71,153,522,956,2466,0,4178
Se18 その他の虚血性心疾患,2018,1,2018-01-01,0,0,0,0,3,1,5,12,26,40,65,101,188,359,455,636,898,980,662,196,43,0,0,4,17,66,166,547,1091,2779,1,4671
Se19 不整脈及び伝導障害,2018,1,2018-01-01,2,0,1,0,1,4,8,8,11,45,52,58,125,231,276,434,656,892,671,236,68,2,1,5,16,56,110,356,710,2523,0,3779
Se20 心不全,2018,1,2018-01-01,2,0,0,3,1,3,12,3,20,24,37,67,122,246,385,698,1294,2059,2292,1222,333,2,3,4,15,44,104,368,1083,7200,1,8824
Se21 脳血管疾患,2018,1,2018-01-01,0,0,1,0,1,4,13,33,77,141,182,188,305,616,800,1245,1909,2412,1936,759,173,0,1,5,46,218,370,921,2045,7189,2,10797
Se22 くも膜下出血,2018,1,2018-01-01,0,0,1,0,0,2,6,11,40,52,82,60,75,144,123,163,180,172,112,26,2,0,1,2,17,92,142,219,286,492,0,1251
Se23 脳内出血,2018,1,2018-01-01,0,0,0,0,1,2,7,21,33,81,80,93,162,254,337,448,629,652,419,115,23,0,0,3,28,114,173,416,785,1838,1,3358
Se24 脳梗塞,2018,1,2018-01-01,0,0,0,0,0,0,0,1,3,6,19,26,59,192,313,589,1043,1521,1364,602,142,0,0,0,1,9,45,251,902,4672,0,5880
Se25 大動脈瘤及び解離,2018,1,2018-01-01,0,0,0,0,0,1,3,2,14,37,30,44,73,177,225,259,390,426,311,74,17,0,0,1,5,51,74,250,484,1218,0,2083
Se26 肺炎,2018,1,2018-01-01,4,0,0,0,2,3,3,8,10,26,31,69,132,329,499,958,1862,2776,2578,1153,272,4,0,5,11,36,100,461,1457,8641,0,10715
Se27 慢性閉塞性肺疾患,2018,1,2018-01-01,0,0,0,0,0,0,0,0,1,3,2,9,32,83,177,271,438,474,315,82,13,0,0,0,0,4,11,115,448,1322,0,1900
Se28 喘息,2018,1,2018-01-01,0,0,0,0,0,0,0,0,2,2,5,5,5,6,12,15,29,44,42,25,3,0,0,0,0,4,10,11,27,143,0,195
Se29 肝疾患,2018,1,2018-01-01,1,0,0,0,0,0,2,12,31,70,100,106,155,210,199,229,258,162,93,29,5,1,0,0,14,101,206,365,428,547,0,1662
Se30 腎不全,2018,1,2018-01-01,0,0,0,0,0,0,0,4,4,10,21,23,53,115,188,287,488,706,620,229,50,0,0,0,4,14,44,168,475,2093,0,2798
Se31 老衰,2018,1,2018-01-01,0,0,0,0,0,0,0,0,0,0,0,0,9,15,71,240,869,2125,3344,2472,1097,0,0,0,0,0,0,24,311,9907,0,10242
Se32 不慮の事故,2018,1,2018-01-01,10,3,4,19,29,11,24,37,38,60,82,113,163,345,439,718,963,983,673,280,49,13,23,40,61,98,195,508,1157,2948,6,5049
Se33 交通事故,2018,1,2018-01-01,2,2,3,11,18,3,7,11,12,19,19,26,24,51,38,60,46,34,16,1,0,4,14,21,18,31,45,75,98,97,0,403
Se34 自殺,2018,1,2018-01-01,0,0,8,37,72,73,100,97,113,136,160,108,93,131,116,87,60,52,23,4,0,0,45,145,197,249,268,224,203,139,0,1470
総数,2018,2,2018-02-01,176,35,31,86,156,165,254,397,690,1124,1578,2354,3842,7751,9837,14189,20642,25314,21322,9881,2583,211,117,321,651,1814,3932,11593,24026,79742,18,122425
Se01 結核,2018,2,2018-02-01,0,0,0,0,0,0,0,0,0,1,0,3,2,2,4,20,31,61,35,9,2,0,0,0,0,1,3,4,24,138,0,170
Se02 悪性新生物＜腫瘍＞,2018,2,2018-02-01,8,5,6,5,16,17,37,80,182,358,546,920,1616,3256,3871,4705,5261,4776,2680,709,93,13,11,33,117,540,1466,4872,8576,13519,1,29148
Se03 食道の悪性新生物＜腫瘍＞,2018,2,2018-02-01,0,0,0,0,0,0,0,0,3,8,13,52,74,122,144,178,140,89,43,5,0,0,0,0,0,11,65,196,322,277,0,871
Se04 胃の悪性新生物＜腫瘍＞,2018,2,2018-02-01,0,0,0,0,1,2,4,13,19,27,47,87,181,408,422,587,642,567,358,90,1,0,0,3,17,46,134,589,1009,1658,0,3456
Se05 結腸の悪性新生物＜腫瘍＞,2018,2,2018-02-01,0,0,0,0,0,2,3,5,18,30,52,73,135,287,338,386,468,483,331,111,22,0,0,2,8,48,125,422,724,1415,0,2744
Se06 直腸Ｓ状結腸移行部及び直腸の悪性新生物＜腫瘍＞,2018,2,2018-02-01,0,0,0,0,0,0,0,5,12,22,34,58,106,167,184,210,191,143,92,23,5,0,0,0,5,34,92,273,394,454,0,1252
Se07 肝及び肝内胆管の悪性新生物＜腫瘍＞,2018,2,2018-02-01,0,0,0,1,1,0,0,2,8,10,29,56,120,243,268,360,454,391,164,40,11,0,1,1,2,18,85,363,628,1060,0,2158
Se08 胆のう及びその他の胆道の悪性新生物＜腫瘍＞,2018,2,2018-02-01,0,0,0,0,0,0,0,3,4,4,13,34,48,108,149,235,298,305,161,42,4,0,0,0,3,8,47,156,384,810,0,1408
Se09 膵の悪性新生物＜腫瘍＞,2018,2,2018-02-01,0,0,0,0,0,1,0,2,6,28,57,83,145,349,421,471,448,390,186,53,5,0,0,1,2,34,140,494,892,1082,0,2645
Se10 気管，気管支及び肺の悪性新生物＜腫瘍＞,2018,2,2018-02-01,0,0,0,0,0,1,3,7,18,47,58,146,263,664,877,1009,1064,997,509,119,13,0,0,1,10,65,204,927,1886,2702,1,5796
Se11 乳房の悪性新生物＜腫瘍＞,2018,2,2018-02-01,0,0,0,0,0,2,4,16,26,69,88,101,124,161,143,113,97,105,59,29,5,0,0,2,20,95,189,285,256,295,0,1142
Se12 子宮の悪性新生物＜腫瘍＞,2018,2,2018-02-01,0,0,0,0,1,2,2,8,12,27,39,36,38,70,64,53,58,53,32,8,1,0,0,3,10,39,75,108,117,152,0,504
Se13 白血病,2018,2,2018-02-01,2,0,0,0,8,2,8,3,16,14,12,17,42,75,88,111,142,101,46,10,0,2,0,10,11,30,29,117,199,299,0,697
Se14 糖尿病,2018,2,2018-02-01,0,0,0,0,0,1,1,4,7,16,27,31,60,115,160,181,248,276,184,71,12,0,0,1,5,23,58,175,341,791,0,1394
Se15 高血圧性疾患,2018,2,2018-02-01,0,0,0,0,0,0,0,2,3,2,7,15,23,48,61,104,169,237,217,134,28,0,0,0,2,5,22,71,165,785,0,1050
Se16 心疾患（高血圧性を除く）,2018,2,2018-02-01,10,1,1,1,4,9,24,45,87,150,195,379,548,1167,1490,2239,3559,4644,4243,1988,456,11,2,13,69,237,574,1715,3729,14890,1,21241
Se17 急性心筋梗塞,2018,2,2018-02-01,0,0,0,1,1,0,4,10,17,31,46,106,143,293,372,494,669,739,518,156,32,0,1,1,14,48,152,436,866,2114,0,3632
Se18 その他の虚血性心疾患,2018,2,2018-02-01,0,0,0,0,0,1,4,11,15,45,63,101,162,337,405,541,806,805,558,190,33,0,0,1,15,60,164,499,946,2392,1,4078
Se19 不整脈及び伝導障害,2018,2,2018-02-01,1,0,0,0,3,1,5,11,24,31,34,63,93,191,239,391,521,714,597,283,41,1,0,4,16,55,97,284,630,2156,0,3243
Se20 心不全,2018,2,2018-02-01,2,0,0,0,0,4,5,7,13,23,32,67,100,246,337,592,1184,1847,2078,1159,312,2,0,4,12,36,99,346,929,6580,0,8008
Se21 脳血管疾患,2018,2,2018-02-01,0,0,1,5,2,2,13,24,50,130,158,179,259,570,758,1114,1742,2149,1697,763,168,0,6,4,37,180,337,829,1872,6519,0,9784
Se22 くも膜下出血,2018,2,2018-02-01,0,0,1,4,0,0,7,13,22,52,54,51,50,94,102,139,170,162,81,17,4,0,5,0,20,74,105,144,241,434,0,1023
Se23 脳内出血,2018,2,2018-02-01,0,0,0,1,1,2,5,9,24,70,83,106,142,264,307,408,585,583,347,113,31,0,1,3,14,94,189,406,715,1659,0,3081
Se24 脳梗塞,2018,2,2018-02-01,0,0,0,0,1,0,1,1,2,6,14,18,52,191,329,536,932,1354,1231,602,126,0,0,1,2,8,32,243,865,4245,0,5396
Se25 大動脈瘤及び解離,2018,2,2018-02-01,0,0,0,0,0,0,3,3,12,23,24,45,55,118,170,218,330,379,262,72,10,0,0,0,6,35,69,173,388,1053,0,1724
Se26 肺炎,2018,2,2018-02-01,2,0,0,1,1,0,3,5,15,30,40,67,119,272,431,931,1666,2471,2319,1071,234,2,1,1,8,45,107,391,1362,7761,1,9679
Se27 慢性閉塞性肺疾患,2018,2,2018-02-01,0,0,0,1,0,0,0,0,1,0,4,7,28,73,118,240,397,439,265,79,12,0,1,0,0,1,11,101,358,1192,0,1664
Se28 喘息,2018,2,2018-02-01,0,0,0,0,1,1,0,0,1,0,4,2,2,6,10,18,27,39,40,17,6,0,0,2,0,1,6,8,28,129,0,174
Se29 肝疾患,2018,2,2018-02-01,1,0,0,0,0,0,4,12,33,50,71,95,136,200,209,202,213,186,99,19,5,1,0,0,16,83,166,336,411,522,1,1536
Se30 腎不全,2018,2,2018-02-01,0,0,0,0,0,0,0,1,3,4,8,21,41,95,144,235,433,657,552,244,50,0,0,0,1,7,29,136,379,1936,1,2489
Se31 老衰,2018,2,2018-02-01,0,0,0,0,0,0,0,0,0,0,0,0,3,12,60,229,786,1958,3155,2345,976,0,0,0,0,0,0,15,289,9220,0,9524
Se32 不慮の事故,2018,2,2018-02-01,8,5,3,18,20,19,25,28,46,57,63,80,143,305,370,589,845,879,573,220,42,13,21,39,53,103,143,448,959,2559,3,4341
Se33 交通事故,2018,2,2018-02-01,2,0,2,8,9,6,7,9,16,19,19,9,25,41,38,35,43,30,7,2,0,2,10,15,16,35,28,66,73,82,0,327
Se34 自殺,2018,2,2018-02-01,0,0,5,35,82,76,108,124,135,127,151,123,90,110,108,112,83,54,22,3,3,0,40,158,232,262,274,200,220,165,2,1553
総数,2018,3,2018-03-01,195,23,48,81,188,198,262,386,726,1228,1723,2293,3759,7548,9945,13922,20000,24966,20827,9750,2576,218,129,386,648,1954,4016,11307,23867,78119,49,120693
Se01 結核,2018,3,2018-03-01,0,0,0,0,0,0,0,0,0,2,2,4,4,3,8,12,37,52,50,9,3,0,0,0,0,2,6,7,20,151,0,186
Se02 悪性新生物＜腫瘍＞,2018,3,2018-03-01,5,5,17,7,5,20,46,91,223,412,607,951,1713,3462,4299,5111,5546,5082,2840,811,116,10,24,25,137,635,1558,5175,9410,14395,3,31372
Se03 食道の悪性新生物＜腫瘍＞,2018,3,2018-03-01,0,0,0,0,0,0,0,1,1,10,25,52,73,155,150,183,158,93,33,7,1,0,0,0,1,11,77,228,333,292,0,942
Se04 胃の悪性新生物＜腫瘍＞,2018,3,2018-03-01,0,0,0,0,1,2,6,7,27,41,59,92,176,431,488,612,685,628,365,99,15,0,0,3,13,68,151,607,1100,1792,0,3734
Se05 結腸の悪性新生物＜腫瘍＞,2018,3,2018-03-01,0,0,0,0,0,1,4,5,12,41,43,59,162,320,335,376,480,488,362,123,18,0,0,1,9,53,102,482,711,1471,2,2831
Se06 直腸Ｓ状結腸移行部及び直腸の悪性新生物＜腫瘍＞,2018,3,2018-03-01,0,0,0,0,0,0,1,7,12,22,27,58,101,190,201,201,177,139,91,25,3,0,0,0,8,34,85,291,402,435,0,1255
Se07 肝及び肝内胆管の悪性新生物＜腫瘍＞,2018,3,2018-03-01,0,0,0,0,0,2,0,3,7,15,36,70,118,222,291,412,451,411,198,35,9,0,0,2,3,22,106,340,703,1104,0,2280
Se08 胆のう及びその他の胆道の悪性新生物＜腫瘍＞,2018,3,2018-03-01,0,0,0,0,0,0,2,1,4,6,9,25,58,116,180,236,343,324,191,64,10,0,0,0,3,10,34,174,416,932,0,1569
Se09 膵の悪性新生物＜腫瘍＞,2018,3,2018-03-01,0,0,0,0,0,0,1,3,13,25,53,82,192,346,452,470,496,411,191,66,11,0,0,0,4,38,135,538,922,1175,0,2812
Se10 気管，気管支及び肺の悪性新生物＜腫瘍＞,2018,3,2018-03-01,0,0,0,0,1,0,3,11,20,33,75,159,291,714,986,1105,1134,1088,482,129,13,0,0,1,14,53,234,1005,2091,2846,1,6245
Se11 乳房の悪性新生物＜腫瘍＞,2018,3,2018-03-01,0,0,0,0,0,0,3,8,37,77,81,105,125,156,148,151,125,101,80,34,7,0,0,0,11,114,186,281,299,347,0,1238
Se12 子宮の悪性新生物＜腫瘍＞,2018,3,2018-03-01,0,0,0,0,0,1,5,10,12,30,40,38,53,73,67,69,66,61,38,14,3,0,0,1,15,42,78,126,136,182,0,580
Se13 白血病,2018,3,2018-03-01,3,1,5,2,0,4,8,7,12,15,16,31,49,81,117,134,123,113,44,14,1,4,7,4,15,27,47,130,251,295,0,780
Se14 糖尿病,2018,3,2018-03-01,0,0,0,0,0,2,0,5,9,12,26,26,58,90,133,176,248,264,188,60,6,0,0,2,5,21,52,148,309,766,0,1303
Se15 高血圧性疾患,2018,3,2018-03-01,0,0,0,0,0,0,0,3,2,11,6,12,20,38,47,52,121,197,208,116,51,0,0,0,3,13,18,58,99,693,0,884
Se16 心疾患（高血圧性を除く）,2018,3,2018-03-01,4,0,1,1,9,8,22,33,64,166,223,288,471,955,1260,1954,3103,4300,4033,1918,422,4,2,17,55,230,511,1426,3214,13776,4,19239
Se17 急性心筋梗塞,2018,3,2018-03-01,0,0,0,0,0,0,1,12,9,42,61,76,148,241,296,428,512,634,429,165,20,0,0,0,13,51,137,389,724,1760,1,3075
Se18 その他の虚血性心疾患,2018,3,2018-03-01,0,0,0,0,0,1,4,3,15,43,71,69,122,281,343,452,611,670,481,179,29,0,0,1,7,58,140,403,795,1970,2,3376
Se19 不整脈及び伝導障害,2018,3,2018-03-01,0,0,0,0,5,5,8,6,18,32,31,55,57,151,174,309,517,681,559,278,48,0,0,10,14,50,86,208,483,2083,1,2935
Se20 心不全,2018,3,2018-03-01,0,0,0,0,1,0,7,7,12,21,40,58,101,193,302,566,1123,1788,2071,1090,290,0,0,1,14,33,98,294,868,6362,0,7670
Se21 脳血管疾患,2018,3,2018-03-01,1,0,2,2,1,2,8,22,74,103,158,163,272,518,754,1090,1718,2197,1791,746,173,1,4,3,30,177,321,790,1844,6625,1,9796
Se22 くも膜下出血,2018,3,2018-03-01,1,0,1,0,0,1,6,9,36,49,57,50,61,102,120,124,142,147,100,35,7,1,1,1,15,85,107,163,244,431,0,1048
Se23 脳内出血,2018,3,2018-03-01,0,0,0,2,1,1,1,11,35,50,87,93,137,243,302,404,559,631,402,120,23,0,2,2,12,85,180,380,706,1735,1,3103
Se24 脳梗塞,2018,3,2018-03-01,0,0,0,0,0,0,1,0,2,3,12,15,72,157,303,527,967,1370,1239,573,140,0,0,0,1,5,27,229,830,4289,0,5381
Se25 大動脈瘤及び解離,2018,3,2018-03-01,0,0,0,1,0,0,2,2,9,15,24,50,67,132,168,217,332,385,223,82,6,0,1,0,4,24,74,199,385,1028,0,1715
Se26 肺炎,2018,3,2018-03-01,6,0,0,1,1,2,2,2,5,12,13,41,99,228,439,782,1507,2391,2147,983,216,6,1,3,4,17,54,327,1221,7244,1,8878
Se27 慢性閉塞性肺疾患,2018,3,2018-03-01,0,0,0,0,0,0,0,0,1,3,4,6,24,64,132,235,362,420,254,70,11,0,0,0,0,4,10,88,367,1117,0,1586
Se28 喘息,2018,3,2018-03-01,0,0,0,0,0,0,0,1,2,0,2,2,5,8,9,15,18,32,43,22,3,0,0,0,1,2,4,13,24,118,0,162
Se29 肝疾患,2018,3,2018-03-01,0,0,0,0,1,3,10,17,27,56,100,131,134,203,165,209,200,183,90,19,4,0,0,4,27,83,231,337,374,496,0,1552
Se30 腎不全,2018,3,2018-03-01,0,0,0,0,1,0,1,1,3,5,12,11,22,102,134,218,411,589,508,225,37,0,0,1,2,8,23,124,352,1770,1,2281
Se31 老衰,2018,3,2018-03-01,0,0,0,0,0,0,0,0,0,0,0,0,4,23,67,222,818,2008,3182,2408,989,0,0,0,0,0,0,27,289,9405,0,9721
Se32 不慮の事故,2018,3,2018-03-01,12,7,7,15,26,23,21,35,42,54,71,100,139,224,308,452,703,718,519,186,42,19,22,49,56,96,171,363,760,2168,6,3710
Se33 交通事故,2018,3,2018-03-01,2,5,3,8,19,12,6,11,11,14,20,15,30,32,42,45,62,29,9,0,0,7,11,31,17,25,35,62,87,100,0,375
Se34 自殺,2018,3,2018-03-01,0,0,7,38,117,93,116,102,153,175,201,148,136,153,123,134,107,68,25,5,0,0,45,210,218,328,349,289,257,205,2,1903
総数,2018,4,2018-04-01,204,28,35,107,164,176,267,377,701,1088,1570,2196,3619,6904,9015,12474,18167,21991,18592,8723,2247,232,142,340,644,1789,3766,10523,21489,69720,25,108670
Se01 結核,2018,4,2018-04-01,0,0,0,0,0,0,0,0,0,1,3,3,2,5,10,11,27,43,45,19,2,0,0,0,0,1,6,7,21,136,0,171
Se02 悪性新生物＜腫瘍＞,2018,4,2018-04-01,11,5,12,6,13,23,44,105,228,369,640,981,1734,3312,4105,4792,5476,4790,2679,744,108,16,18,36,149,597,1621,5046,8897,13797,1,30178
Se03 食道の悪性新生物＜腫瘍＞,2018,4,2018-04-01,0,1,0,0,0,0,0,1,4,9,21,36,91,152,186,176,156,77,34,8,0,1,0,0,1,13,57,243,362,275,0,952
Se04 胃の悪性新生物＜腫瘍＞,2018,4,2018-04-01,0,0,0,0,0,2,4,16,21,27,72,88,180,373,518,541,692,570,361,104,16,0,0,2,20,48,160,553,1059,1743,0,3585
Se05 結腸の悪性新生物＜腫瘍＞,2018,4,2018-04-01,0,0,1,0,0,1,2,14,26,25,44,89,151,273,317,443,479,483,328,100,12,0,1,1,16,51,133,424,760,1402,0,2788
Se06 直腸Ｓ状結腸移行部及び直腸の悪性新生物＜腫瘍＞,2018,4,2018-04-01,0,0,0,0,0,4,1,4,9,29,40,67,103,172,162,195,192,137,103,25,4,0,0,4,5,38,107,275,357,461,0,1247
Se07 肝及び肝内胆管の悪性新生物＜腫瘍＞,2018,4,2018-04-01,3,0,1,0,1,0,1,4,5,4,30,51,118,222,276,339,423,362,196,37,6,3,1,1,5,9,81,340,615,1024,0,2079
Se08 胆のう及びその他の胆道の悪性新生物＜腫瘍＞,2018,4,2018-04-01,0,0,0,0,0,0,0,1,3,7,14,22,51,110,146,244,294,293,151,56,5,0,0,0,1,10,36,161,390,799,0,1397
Se09 膵の悪性新生物＜腫瘍＞,2018,4,2018-04-01,0,0,0,0,0,0,2,5,10,27,60,92,210,376,477,509,499,407,236,50,6,0,0,0,7,37,152,586,986,1198,0,2966
Se10 気管，気管支及び肺の悪性新生物＜腫瘍＞,2018,4,2018-04-01,0,0,0,0,0,0,1,4,20,47,68,150,308,706,904,1078,1126,989,472,121,21,0,0,0,5,67,218,1014,1982,2729,0,6015
Se11 乳房の悪性新生物＜腫瘍＞,2018,4,2018-04-01,0,0,0,0,0,4,8,17,43,64,97,118,115,149,131,121,132,96,73,35,5,0,0,4,25,107,215,264,252,341,0,1208
Se12 子宮の悪性新生物＜腫瘍＞,2018,4,2018-04-01,0,0,0,0,0,0,7,8,22,38,35,59,47,66,57,50,72,65,22,10,3,0,0,0,15,60,94,113,107,172,0,561
Se13 白血病,2018,4,2018-04-01,4,1,5,3,7,1,5,6,11,14,22,26,34,94,91,111,158,107,45,9,1,5,8,8,11,25,48,128,202,320,1,756
Se14 糖尿病,2018,4,2018-04-01,0,0,0,0,2,0,4,4,1,8,23,28,45,91,102,174,210,221,152,54,14,0,0,2,8,9,51,136,276,651,0,1133
Se15 高血圧性疾患,2018,4,2018-04-01,0,0,0,0,0,0,0,1,4,1,8,13,16,25,38,61,92,155,182,102,34,0,0,0,1,5,21,41,99,565,0,732
Se16 心疾患（高血圧性を除く）,2018,4,2018-04-01,6,1,0,4,4,9,16,39,73,126,198,255,439,832,1092,1607,2630,3697,3530,1705,374,7,4,13,55,199,453,1271,2699,11936,4,16641
Se17 急性心筋梗塞,2018,4,2018-04-01,1,0,0,0,0,0,3,7,18,39,51,71,125,216,268,305,469,532,357,119,17,1,0,0,10,57,122,341,573,1494,2,2600
Se18 その他の虚血性心疾患,2018,4,2018-04-01,0,0,0,0,0,1,3,9,16,34,57,68,116,220,272,398,490,562,408,148,29,0,0,1,12,50,125,336,670,1637,2,2833
Se19 不整脈及び伝導障害,2018,4,2018-04-01,3,0,0,2,2,5,3,9,12,21,30,41,67,105,175,229,405,576,540,232,51,3,2,7,12,33,71,172,404,1804,0,2508
Se20 心不全,2018,4,2018-04-01,0,0,0,0,1,2,6,9,15,19,28,43,75,187,262,475,976,1578,1776,1015,248,0,0,3,15,34,71,262,737,5593,0,6715
Se21 脳血管疾患,2018,4,2018-04-01,0,0,3,1,0,4,10,17,86,102,125,150,250,433,669,938,1580,1936,1597,667,141,0,4,4,27,188,275,683,1607,5921,0,8709
Se22 くも膜下出血,2018,4,2018-04-01,0,0,2,1,0,3,5,10,36,40,42,41,73,87,104,113,154,145,75,20,5,0,3,3,15,76,83,160,217,399,0,956
Se23 脳内出血,2018,4,2018-04-01,0,0,1,0,0,0,2,5,46,52,64,81,127,189,263,348,505,500,326,111,17,0,1,0,7,98,145,316,611,1459,0,2637
Se24 脳梗塞,2018,4,2018-04-01,0,0,0,0,0,0,0,2,3,8,13,25,44,149,274,452,879,1241,1150,523,117,0,0,0,2,11,38,193,726,3910,0,4880
Se25 大動脈瘤及び解離,2018,4,2018-04-01,0,0,0,0,0,0,3,2,9,13,22,36,57,125,164,189,310,319,217,69,5,0,0,0,5,22,58,182,353,920,0,1540
Se26 肺炎,2018,4,2018-04-01,4,0,0,1,4,2,1,3,7,7,16,43,81,231,332,657,1289,1898,1753,928,198,4,1,6,4,14,59,312,989,6066,0,7455
Se27 慢性閉塞性肺疾患,2018,4,2018-04-01,0,0,0,0,0,0,0,0,1,3,3,7,15,48,137,191,299,387,251,72,10,0,0,0,0,4,10,63,328,1019,0,1424
Se28 喘息,2018,4,2018-04-01,0,0,0,1,1,0,0,0,1,2,2,2,2,5,9,18,22,37,34,12,3,0,1,1,0,3,4,7,27,108,0,151
Se29 肝疾患,2018,4,2018-04-01,0,1,0,1,0,0,2,14,25,64,65,101,121,173,166,186,205,155,88,23,2,1,1,0,16,89,166,294,352,473,0,1392
Se30 腎不全,2018,4,2018-04-01,0,0,0,0,1,0,1,2,4,3,11,14,32,88,137,219,393,549,490,180,37,0,0,1,3,7,25,120,356,1649,0,2161
Se31 老衰,2018,4,2018-04-01,0,0,0,0,0,0,0,0,0,0,0,0,2,14,46,182,805,1831,2831,2144,905,0,0,0,0,0,0,16,228,8516,0,8760
Se32 不慮の事故,2018,4,2018-04-01,6,3,5,22,26,18,33,26,31,51,60,76,107,181,269,392,525,581,439,194,35,9,27,44,59,82,136,288,661,1774,3,3083
Se33 交通事故,2018,4,2018-04-01,2,0,3,19,11,10,13,10,11,16,17,24,15,33,41,38,37,32,11,0,0,2,22,21,23,27,41,48,79,80,1,344
Se34 自殺,2018,4,2018-04-01,0,0,6,49,81,79,106,109,119,148,142,142,131,138,124,128,95,48,35,6,2,0,55,160,215,267,284,269,252,186,3,1691
総数,2018,5,2018-05-01,194,30,39,104,158,185,262,396,745,1143,1539,2269,3465,6969,9052,12328,17600,21416,18015,8675,2182,224,143,343,658,1888,3808,10434,21380,67888,44,106810
Se01 結核,2018,5,2018-05-01,0,0,0,0,0,0,0,0,0,0,0,2,4,7,5,15,20,47,38,16,0,0,0,0,0,0,2,11,20,121,0,154
Se02 悪性新生物＜腫瘍＞,2018,5,2018-05-01,5,6,13,10,23,21,51,97,239,377,625,985,1655,3428,4292,4925,5420,4955,2735,821,91,11,23,44,148,616,1610,5083,9217,14022,2,30776
Se03 食道の悪性新生物＜腫瘍＞,2018,5,2018-05-01,0,0,0,0,0,0,0,2,4,9,19,40,68,132,165,152,146,102,31,10,3,0,0,0,2,13,59,200,317,292,0,883
Se04 胃の悪性新生物＜腫瘍＞,2018,5,2018-05-01,0,0,0,0,1,1,4,11,21,37,42,92,164,420,508,608,709,549,353,98,9,0,0,2,15,58,134,584,1116,1718,0,3627
Se05 結腸の悪性新生物＜腫瘍＞,2018,5,2018-05-01,0,0,0,0,2,3,11,8,22,41,61,92,163,308,384,429,480,537,359,128,12,0,0,5,19,63,153,471,813,1516,0,3040
Se06 直腸Ｓ状結腸移行部及び直腸の悪性新生物＜腫瘍＞,2018,5,2018-05-01,0,0,0,0,0,1,0,2,14,16,40,63,93,184,182,197,192,161,74,22,5,0,0,1,2,30,103,277,379,454,1,1247
Se07 肝及び肝内胆管の悪性新生物＜腫瘍＞,2018,5,2018-05-01,1,0,0,1,1,0,1,4,9,17,24,50,106,231,292,323,486,413,153,37,5,1,1,1,5,26,74,337,615,1094,0,2154
Se08 胆のう及びその他の胆道の悪性新生物＜腫瘍＞,2018,5,2018-05-01,0,0,0,0,0,0,0,0,1,4,14,19,37,120,161,237,317,310,185,80,6,0,0,0,0,5,33,157,398,898,0,1491
Se09 膵の悪性新生物＜腫瘍＞,2018,5,2018-05-01,0,0,0,0,0,0,1,2,20,31,54,95,189,370,459,518,469,422,224,67,9,0,0,0,3,51,149,559,977,1191,1,2931
Se10 気管，気管支及び肺の悪性新生物＜腫瘍＞,2018,5,2018-05-01,0,0,0,0,1,0,4,4,16,44,82,171,320,737,978,1084,1025,1001,495,114,17,0,0,1,8,60,253,1057,2062,2652,0,6093
Se11 乳房の悪性新生物＜腫瘍＞,2018,5,2018-05-01,0,0,0,0,0,0,5,15,50,60,93,99,105,161,162,128,107,102,69,35,3,0,0,0,20,110,192,266,290,316,0,1194
Se12 子宮の悪性新生物＜腫瘍＞,2018,5,2018-05-01,0,0,0,0,0,0,4,14,20,32,43,42,51,63,58,68,63,67,30,12,2,0,0,0,18,52,85,114,126,174,0,569
Se13 白血病,2018,5,2018-05-01,0,0,4,4,4,7,5,6,9,5,14,23,35,76,99,128,121,88,38,14,0,0,8,11,11,14,37,111,227,261,0,680
Se14 糖尿病,2018,5,2018-05-01,0,0,0,0,2,0,4,4,4,14,12,33,39,82,107,130,204,218,152,59,9,0,0,2,8,18,45,121,237,642,0,1073
Se15 高血圧性疾患,2018,5,2018-05-01,0,0,0,0,0,0,0,1,3,4,9,13,17,32,39,55,98,155,158,101,29,0,0,0,1,7,22,49,94,541,0,714
Se16 心疾患（高血圧性を除く）,2018,5,2018-05-01,8,1,4,3,5,13,19,25,78,163,181,272,386,804,998,1507,2508,3353,3275,1686,372,9,7,18,44,241,453,1190,2505,11194,4,15665
Se17 急性心筋梗塞,2018,5,2018-05-01,1,0,0,0,1,0,2,6,20,42,39,88,98,218,225,276,459,457,311,122,15,1,0,1,8,62,127,316,501,1364,1,2381
Se18 その他の虚血性心疾患,2018,5,2018-05-01,0,0,1,0,0,2,2,2,13,40,60,72,97,221,268,381,442,482,340,133,17,0,1,2,4,53,132,318,649,1414,1,2574
Se19 不整脈及び伝導障害,2018,5,2018-05-01,2,0,0,2,1,4,9,9,20,25,34,42,57,96,129,224,355,486,496,214,31,2,2,5,18,45,76,153,353,1582,1,2237
Se20 心不全,2018,5,2018-05-01,0,0,2,1,2,4,4,4,16,39,26,43,89,181,260,457,942,1495,1718,1021,268,0,3,6,8,55,69,270,717,5444,1,6573
Se21 脳血管疾患,2018,5,2018-05-01,0,0,0,3,3,4,12,34,56,100,119,155,232,473,611,944,1506,1889,1593,717,138,0,3,7,46,156,274,705,1555,5843,1,8590
Se22 くも膜下出血,2018,5,2018-05-01,0,0,0,2,2,2,5,15,21,46,47,54,57,74,109,118,141,137,92,19,8,0,2,4,20,67,101,131,227,397,0,949
Se23 脳内出血,2018,5,2018-05-01,0,0,0,0,1,2,6,17,33,47,62,81,122,238,226,325,471,502,335,111,10,0,0,3,23,80,143,360,551,1429,0,2589
Se24 脳梗塞,2018,5,2018-05-01,0,0,0,1,0,0,0,1,1,7,8,18,48,149,258,478,859,1205,1127,566,118,0,1,0,1,8,26,197,736,3875,1,4845
Se25 大動脈瘤及び解離,2018,5,2018-05-01,0,0,0,0,0,2,1,3,5,20,28,45,64,88,146,184,263,306,207,60,7,0,0,2,4,25,73,152,330,843,1,1430
Se26 肺炎,2018,5,2018-05-01,2,1,0,0,0,4,0,5,4,10,18,35,74,172,374,666,1255,1849,1776,834,189,3,0,4,5,14,53,246,1040,5903,0,7268
Se27 慢性閉塞性肺疾患,2018,5,2018-05-01,0,0,0,0,0,0,0,0,0,0,1,6,19,56,127,197,363,375,250,74,12,0,0,0,0,0,7,75,324,1074,0,1480
Se28 喘息,2018,5,2018-05-01,0,0,0,0,0,0,0,1,2,1,3,1,2,7,5,11,12,30,19,20,5,0,0,0,1,3,4,9,16,86,0,119
Se29 肝疾患,2018,5,2018-05-01,2,0,0,0,0,1,5,17,34,56,84,101,136,164,163,179,223,152,69,25,6,2,0,1,22,90,185,300,342,475,0,1417
Se30 腎不全,2018,5,2018-05-01,1,0,0,1,0,1,0,0,1,9,7,22,37,84,135,221,364,575,408,132,32,1,1,1,0,10,29,121,356,1511,0,2030
Se31 老衰,2018,5,2018-05-01,0,0,0,0,0,0,0,0,0,0,0,0,4,14,40,183,674,1739,2775,2058,835,0,0,0,0,0,0,18,223,8081,0,8322
Se32 不慮の事故,2018,5,2018-05-01,13,7,3,19,13,24,26,24,33,56,53,72,101,192,220,319,446,532,384,161,41,20,22,37,50,89,125,293,539,1564,0,2739
Se33 交通事故,2018,5,2018-05-01,3,5,2,15,11,12,16,8,11,19,14,15,19,28,31,41,45,28,10,1,0,8,17,23,24,30,29,47,72,84,0,334
Se34 自殺,2018,5,2018-05-01,0,0,7,56,83,88,102,108,150,164,167,142,129,139,125,114,105,58,20,6,0,0,63,171,210,314,309,268,239,189,5,1768
総数,2018,6,2018-06-01,202,24,32,102,151,184,247,360,687,1073,1444,2075,3110,6383,8467,11400,16241,19625,16813,7784,1986,226,134,335,607,1760,3519,9493,19867,62449,45,98435
Se01 結核,2018,6,2018-06-01,0,0,0,0,0,0,0,0,0,0,0,0,3,8,7,15,21,57,40,9,0,0,0,0,0,0,0,11,22,127,0,160
Se02 悪性新生物＜腫瘍＞,2018,6,2018-06-01,6,4,9,14,18,17,51,85,202,361,600,959,1517,3293,4101,4770,5305,4707,2694,720,100,10,23,35,136,563,1559,4810,8871,13526,2,29535
Se03 食道の悪性新生物＜腫瘍＞,2018,6,2018-06-01,0,0,0,0,0,0,0,0,6,3,15,36,81,138,167,192,129,91,42,11,0,0,0,0,0,9,51,219,359,273,0,911
Se04 胃の悪性新生物＜腫瘍＞,2018,6,2018-06-01,0,0,0,1,0,3,5,5,19,40,53,99,165,343,486,524,704,642,337,86,15,0,1,3,10,59,152,508,1010,1784,0,3527
Se05 結腸の悪性新生物＜腫瘍＞,2018,6,2018-06-01,0,0,0,0,1,2,6,2,20,36,58,92,144,282,355,399,478,425,371,106,12,0,0,3,8,56,150,426,754,1392,1,2790
Se06 直腸Ｓ状結腸移行部及び直腸の悪性新生物＜腫瘍＞,2018,6,2018-06-01,0,0,0,0,1,1,3,4,13,19,39,60,86,170,166,207,163,134,74,21,5,0,0,2,7,32,99,256,373,397,0,1166
Se07 肝及び肝内胆管の悪性新生物＜腫瘍＞,2018,6,2018-06-01,0,0,0,1,0,0,2,2,3,4,29,63,108,209,259,348,418,367,170,38,2,0,1,0,4,7,92,317,607,995,0,2023
Se08 胆のう及びその他の胆道の悪性新生物＜腫瘍＞,2018,6,2018-06-01,0,0,0,0,0,0,0,1,2,7,16,25,52,118,159,237,327,282,200,54,6,0,0,0,1,9,41,170,396,869,0,1486
Se09 膵の悪性新生物＜腫瘍＞,2018,6,2018-06-01,0,0,0,0,1,0,1,4,15,37,59,99,143,353,447,475,472,423,228,61,5,0,0,1,5,52,158,496,922,1189,0,2823
Se10 気管，気管支及び肺の悪性新生物＜腫瘍＞,2018,6,2018-06-01,0,0,0,0,0,1,6,5,20,32,54,142,247,687,965,1066,1123,970,449,123,23,0,0,1,11,52,196,934,2031,2688,0,5913
Se11 乳房の悪性新生物＜腫瘍＞,2018,6,2018-06-01,0,0,0,0,0,0,1,13,34,67,84,107,113,181,131,120,127,88,66,29,3,0,0,0,14,101,191,294,251,313,0,1164
Se12 子宮の悪性新生物＜腫瘍＞,2018,6,2018-06-01,0,0,0,0,1,0,2,13,12,33,51,32,34,58,55,73,58,51,35,3,2,0,0,1,15,45,83,92,128,149,0,513
Se13 白血病,2018,6,2018-06-01,2,2,5,2,3,3,5,7,9,11,20,31,43,71,109,94,129,100,36,8,1,4,7,6,12,20,51,114,203,274,0,691
Se14 糖尿病,2018,6,2018-06-01,0,0,0,0,1,2,1,1,4,11,18,25,47,82,110,150,209,198,147,45,14,0,0,3,2,15,43,129,260,613,0,1065
Se15 高血圧性疾患,2018,6,2018-06-01,0,0,0,0,0,0,0,1,2,4,8,8,13,30,34,48,81,118,144,75,32,0,0,0,1,6,16,43,82,450,1,599
Se16 心疾患（高血圧性を除く）,2018,6,2018-06-01,7,2,3,3,2,7,16,38,83,137,171,205,382,670,891,1335,2231,3081,2971,1452,349,9,6,9,54,220,376,1052,2226,10084,4,14040
Se17 急性心筋梗塞,2018,6,2018-06-01,0,0,0,0,0,0,2,4,23,37,51,68,112,190,218,303,409,412,303,101,21,0,0,0,6,60,119,302,521,1246,2,2256
Se18 その他の虚血性心疾患,2018,6,2018-06-01,0,0,0,0,0,2,2,7,15,34,38,47,106,157,216,299,403,446,302,117,19,0,0,2,9,49,85,263,515,1287,1,2211
Se19 不整脈及び伝導障害,2018,6,2018-06-01,2,0,1,0,0,2,4,13,12,23,30,31,46,81,140,195,316,420,411,166,27,2,1,2,17,35,61,127,335,1340,1,1921
Se20 心不全,2018,6,2018-06-01,1,2,2,0,0,1,2,6,18,28,26,35,74,165,210,395,804,1412,1587,879,247,3,2,1,8,46,61,239,605,4929,0,5894
Se21 脳血管疾患,2018,6,2018-06-01,0,0,0,2,2,3,10,21,54,86,116,150,198,396,582,857,1337,1716,1418,615,123,0,2,5,31,140,266,594,1439,5209,1,7687
Se22 くも膜下出血,2018,6,2018-06-01,0,0,0,2,2,1,4,7,27,41,50,50,54,68,81,102,125,131,77,27,7,0,2,3,11,68,100,122,183,367,0,856
Se23 脳内出血,2018,6,2018-06-01,0,0,0,0,0,2,6,12,27,36,56,75,93,180,237,291,422,467,278,80,12,0,0,2,18,63,131,273,528,1259,1,2275
Se24 脳梗塞,2018,6,2018-06-01,0,0,0,0,0,0,0,2,0,6,8,22,41,137,250,447,761,1081,1029,484,102,0,0,0,2,6,30,178,697,3457,0,4370
Se25 大動脈瘤及び解離,2018,6,2018-06-01,0,0,0,0,1,2,1,7,8,19,21,40,47,81,127,152,222,253,190,66,6,0,0,3,8,27,61,128,279,737,0,1243
Se26 肺炎,2018,6,2018-06-01,8,0,0,0,2,1,0,1,2,2,14,26,69,173,293,576,1083,1698,1595,702,157,8,0,3,1,4,40,242,869,5235,0,6402
Se27 慢性閉塞性肺疾患,2018,6,2018-06-01,0,0,0,0,0,0,2,0,1,2,2,3,17,35,106,176,281,328,237,56,13,0,0,0,2,3,5,52,282,915,0,1259
Se28 喘息,2018,6,2018-06-01,0,0,0,0,0,0,0,0,0,0,0,0,3,4,5,8,20,22,11,11,1,0,0,0,0,0,0,7,13,65,0,85
Se29 肝疾患,2018,6,2018-06-01,3,0,1,0,0,1,3,8,30,60,65,97,116,164,150,147,179,150,65,15,3,3,1,1,11,90,162,280,297,412,0,1257
Se30 腎不全,2018,6,2018-06-01,0,0,0,0,1,0,2,1,3,8,7,13,19,86,98,185,316,515,409,170,27,0,0,1,3,11,20,105,283,1437,0,1860
Se31 老衰,2018,6,2018-06-01,0,0,0,0,0,0,0,0,0,0,0,0,0,10,62,153,637,1612,2558,1938,779,0,0,0,0,0,0,10,215,7524,0,7749
Se32 不慮の事故,2018,6,2018-06-01,13,8,3,12,19,17,23,21,30,43,54,69,77,157,189,282,415,472,346,150,41,21,15,36,44,73,123,234,471,1424,1,2442
Se33 交通事故,2018,6,2018-06-01,4,5,0,8,13,8,7,11,9,6,16,14,23,27,33,41,39,23,15,1,0,9,8,21,18,15,30,50,74,78,0,303
Se34 自殺,2018,6,2018-06-01,0,0,6,56,89,98,86,111,148,151,135,116,102,132,111,120,105,63,33,7,1,0,62,187,197,299,251,234,231,209,2,1672
総数,2018,7,2018-07-01,189,33,42,100,196,198,262,371,693,1147,1665,2338,3628,7248,9314,12367,17430,21040,17823,8023,2096,222,142,394,633,1840,4003,10876,21681,66412,68,106271
Se01 結核,2018,7,2018-07-01,0,0,0,0,0,0,0,0,0,0,0,1,0,6,7,10,39,53,38,17,3,0,0,0,0,0,1,6,17,150,0,174
Se02 悪性新生物＜腫瘍＞,2018,7,2018-07-01,6,8,4,6,11,19,51,82,210,375,640,991,1743,3513,4246,4886,5579,4940,2861,815,92,14,10,30,133,585,1631,5256,9132,14287,0,31078
Se03 食道の悪性新生物＜腫瘍＞,2018,7,2018-07-01,0,0,0,0,0,0,0,0,2,12,25,33,68,149,189,196,169,91,46,13,1,0,0,0,0,14,58,217,385,320,0,994
Se04 胃の悪性新生物＜腫瘍＞,2018,7,2018-07-01,0,0,0,0,1,5,4,7,27,34,55,91,187,374,466,595,698,626,384,99,10,0,0,6,11,61,146,561,1061,1817,0,3663
Se05 結腸の悪性新生物＜腫瘍＞,2018,7,2018-07-01,0,0,0,0,1,0,5,5,14,33,60,75,169,304,347,430,531,493,349,126,14,0,0,1,10,47,135,473,777,1513,0,2956
Se06 直腸Ｓ状結腸移行部及び直腸の悪性新生物＜腫瘍＞,2018,7,2018-07-01,0,0,0,0,0,1,0,5,19,19,44,55,117,211,214,189,198,145,97,21,3,0,0,1,5,38,99,328,403,464,0,1338
Se07 肝及び肝内胆管の悪性新生物＜腫瘍＞,2018,7,2018-07-01,0,1,0,0,0,2,0,1,2,12,20,63,107,243,271,358,481,365,181,46,4,1,0,2,1,14,83,350,629,1077,0,2157
Se08 胆のう及びその他の胆道の悪性新生物＜腫瘍＞,2018,7,2018-07-01,0,0,0,0,0,0,1,2,3,5,11,23,57,119,145,235,302,310,184,80,5,0,0,0,3,8,34,176,380,881,0,1482
Se09 膵の悪性新生物＜腫瘍＞,2018,7,2018-07-01,0,0,0,0,0,0,2,2,16,32,51,107,170,368,438,515,482,415,233,61,6,0,0,0,4,48,158,538,953,1197,0,2898
Se10 気管，気管支及び肺の悪性新生物＜腫瘍＞,2018,7,2018-07-01,0,0,0,0,0,0,2,5,16,29,81,156,301,740,1050,1044,1125,1007,516,128,11,0,0,0,7,45,237,1041,2094,2787,0,6211
Se11 乳房の悪性新生物＜腫瘍＞,2018,7,2018-07-01,0,0,0,0,0,1,9,18,29,74,112,101,128,170,146,116,126,119,78,25,7,0,0,1,27,103,213,298,262,355,0,1259
Se12 子宮の悪性新生物＜腫瘍＞,2018,7,2018-07-01,0,0,0,0,0,1,6,8,19,32,36,48,49,74,60,57,54,64,38,15,2,0,0,1,14,51,84,123,117,173,0,563
Se13 白血病,2018,7,2018-07-01,4,0,0,1,1,1,6,4,7,5,15,23,46,84,88,121,118,83,51,8,2,4,1,2,10,12,38,130,209,262,0,668
Se14 糖尿病,2018,7,2018-07-01,0,0,0,0,1,1,1,4,5,10,18,29,45,102,121,138,179,185,131,39,7,0,0,2,5,15,47,147,259,541,0,1016
Se15 高血圧性疾患,2018,7,2018-07-01,0,0,0,0,0,0,0,1,2,4,10,12,19,37,50,67,116,139,131,76,38,0,0,0,1,6,22,56,117,500,0,702
Se16 心疾患（高血圧性を除く）,2018,7,2018-07-01,9,2,2,5,4,15,22,45,74,131,222,278,419,833,1063,1580,2434,3296,3138,1494,339,11,7,19,67,205,500,1252,2643,10701,3,15408
Se17 急性心筋梗塞,2018,7,2018-07-01,0,0,0,1,0,3,0,8,11,39,69,65,130,220,236,324,389,447,315,99,11,0,1,3,8,50,134,350,560,1261,0,2367
Se18 その他の虚血性心疾患,2018,7,2018-07-01,0,0,0,1,0,0,5,7,24,28,49,91,114,234,317,359,568,500,361,126,22,0,1,0,12,52,140,348,676,1577,3,2809
Se19 不整脈及び伝導障害,2018,7,2018-07-01,0,0,0,1,2,5,8,10,18,29,38,38,57,117,142,221,366,511,403,195,32,0,1,7,18,47,76,174,363,1507,0,2193
Se20 心不全,2018,7,2018-07-01,1,1,0,1,0,0,5,10,14,21,40,46,74,164,245,492,838,1426,1692,887,249,2,1,0,15,35,86,238,737,5092,0,6206
Se21 脳血管疾患,2018,7,2018-07-01,1,0,1,3,1,4,14,21,52,78,112,163,214,443,625,877,1402,1754,1507,639,119,1,4,5,35,130,275,657,1502,5421,0,8030
Se22 くも膜下出血,2018,7,2018-07-01,0,0,1,2,1,3,8,10,25,38,44,64,49,75,99,110,138,131,88,22,5,0,3,4,18,63,108,124,209,384,0,913
Se23 脳内出血,2018,7,2018-07-01,0,0,0,1,0,1,4,11,24,32,52,78,111,209,224,309,446,437,345,113,19,0,1,1,15,56,130,320,533,1360,0,2416
Se24 脳梗塞,2018,7,2018-07-01,1,0,0,0,0,0,1,0,3,6,13,17,46,146,289,433,785,1155,1040,487,93,1,0,0,1,9,30,192,722,3560,0,4515
Se25 大動脈瘤及び解離,2018,7,2018-07-01,0,0,1,0,0,0,1,5,6,16,20,26,38,69,122,147,220,259,211,77,8,0,1,0,6,22,46,107,269,775,0,1226
Se26 肺炎,2018,7,2018-07-01,1,0,0,2,0,0,1,1,6,10,18,29,60,178,319,553,1219,1716,1657,699,160,1,2,0,2,16,47,238,872,5451,0,6629
Se27 慢性閉塞性肺疾患,2018,7,2018-07-01,0,0,0,0,0,0,1,0,0,1,2,8,16,57,122,211,344,401,254,66,10,0,0,0,1,1,10,73,333,1075,0,1493
Se28 喘息,2018,7,2018-07-01,0,0,0,0,0,0,0,0,0,0,1,0,1,7,6,9,20,25,25,9,3,0,0,0,0,0,1,8,15,82,0,106
Se29 肝疾患,2018,7,2018-07-01,2,0,0,1,0,2,2,13,27,52,82,111,102,171,154,170,157,176,65,19,4,2,1,2,15,79,193,273,324,421,0,1310
Se30 腎不全,2018,7,2018-07-01,0,1,0,1,0,0,1,1,0,3,10,9,34,75,134,195,381,510,429,170,24,1,1,0,2,3,19,109,329,1514,0,1978
Se31 老衰,2018,7,2018-07-01,0,0,0,0,0,0,0,0,0,0,0,0,2,10,45,191,678,1732,2754,1966,860,0,0,0,0,0,0,12,236,7990,0,8238
Se32 不慮の事故,2018,7,2018-07-01,18,12,10,27,33,32,29,36,61,98,92,149,158,289,347,418,586,676,442,154,27,30,37,65,65,159,241,447,765,1885,1,3695
Se33 交通事故,2018,7,2018-07-01,5,2,3,13,19,9,9,9,13,25,14,29,24,30,41,40,34,19,12,1,0,7,16,28,18,38,43,54,81,66,0,351
Se34 自殺,2018,7,2018-07-01,0,0,12,39,104,85,94,95,132,154,147,111,114,154,124,104,91,40,24,4,3,0,51,189,189,286,258,268,228,162,8,1639
総数,2018,8,2018-08-01,189,31,45,104,173,184,271,388,629,1148,1561,2174,3489,6958,9228,12320,17260,21418,18029,8380,2167,220,149,357,659,1777,3735,10447,21548,67254,47,106193
Se01 結核,2018,8,2018-08-01,0,0,0,0,0,0,0,0,0,0,1,0,5,6,12,20,35,61,53,11,6,0,0,0,0,0,1,11,32,166,0,210
Se02 悪性新生物＜腫瘍＞,2018,8,2018-08-01,7,5,10,9,11,15,36,77,199,402,585,974,1718,3509,4486,5032,5619,5237,2786,844,124,12,19,26,113,601,1559,5227,9518,14610,1,31686
Se03 食道の悪性新生物＜腫瘍＞,2018,8,2018-08-01,0,0,0,0,0,0,1,1,1,5,12,44,77,151,169,207,144,106,30,9,1,0,0,0,2,6,56,228,376,290,0,958
Se04 胃の悪性新生物＜腫瘍＞,2018,8,2018-08-01,0,0,0,0,0,0,6,14,23,30,59,105,189,418,533,567,732,644,356,88,13,0,0,0,20,53,164,607,1100,1833,1,3778
Se05 結腸の悪性新生物＜腫瘍＞,2018,8,2018-08-01,0,0,0,0,1,0,1,3,19,34,58,92,145,294,389,465,549,485,351,126,23,0,0,1,4,53,150,439,854,1534,0,3035
Se06 直腸Ｓ状結腸移行部及び直腸の悪性新生物＜腫瘍＞,2018,8,2018-08-01,0,0,0,0,0,0,0,7,15,14,48,56,109,194,208,201,191,147,90,30,4,0,0,0,7,29,104,303,409,462,0,1314
Se07 肝及び肝内胆管の悪性新生物＜腫瘍＞,2018,8,2018-08-01,0,0,0,0,0,0,1,0,8,13,27,50,99,233,305,355,422,414,157,57,6,0,0,0,1,21,77,332,660,1056,0,2147
Se08 胆のう及びその他の胆道の悪性新生物＜腫瘍＞,2018,8,2018-08-01,0,0,0,0,0,1,0,0,3,5,15,34,62,126,188,231,300,333,190,64,15,0,0,1,0,8,49,188,419,902,0,1567
Se09 膵の悪性新生物＜腫瘍＞,2018,8,2018-08-01,0,0,0,0,1,0,0,2,12,31,63,97,191,361,454,533,513,444,227,61,9,0,0,1,2,43,160,552,987,1254,0,2999
Se10 気管，気管支及び肺の悪性新生物＜腫瘍＞,2018,8,2018-08-01,0,0,0,0,0,2,4,5,20,47,69,133,341,732,1029,1099,1120,1045,530,121,19,0,0,2,9,67,202,1073,2128,2835,0,6316
Se11 乳房の悪性新生物＜腫瘍＞,2018,8,2018-08-01,0,0,0,0,0,1,2,11,34,73,76,105,105,178,153,140,122,117,84,35,6,0,0,1,13,107,181,283,293,364,0,1242
Se12 子宮の悪性新生物＜腫瘍＞,2018,8,2018-08-01,0,0,0,0,0,0,4,5,12,36,39,45,42,75,66,68,56,58,41,8,2,0,0,0,9,48,84,117,134,165,0,557
Se13 白血病,2018,8,2018-08-01,3,3,3,3,2,3,2,3,10,14,13,26,44,74,121,116,124,113,42,16,2,6,6,5,5,24,39,118,237,297,0,737
Se14 糖尿病,2018,8,2018-08-01,0,0,0,0,0,2,4,4,6,10,20,29,44,115,96,146,196,202,123,45,7,0,0,2,8,16,49,159,242,573,0,1049
Se15 高血圧性疾患,2018,8,2018-08-01,0,0,0,0,0,0,1,0,2,3,9,10,22,33,36,48,96,120,149,101,32,0,0,0,1,5,19,55,84,498,0,662
Se16 心疾患（高血圧性を除く）,2018,8,2018-08-01,6,2,2,2,5,11,18,37,76,120,191,250,385,748,1064,1472,2234,3188,3093,1558,370,8,4,16,55,196,441,1133,2536,10443,7,14839
Se17 急性心筋梗塞,2018,8,2018-08-01,0,0,0,0,1,1,0,8,15,35,58,67,98,218,249,299,366,418,320,117,22,0,0,2,8,50,125,316,548,1243,1,2293
Se18 その他の虚血性心疾患,2018,8,2018-08-01,0,0,0,1,0,0,5,8,20,31,57,81,112,197,285,354,414,460,346,129,26,0,1,0,13,51,138,309,639,1375,4,2530
Se19 不整脈及び伝導障害,2018,8,2018-08-01,1,1,1,1,2,6,4,9,18,23,27,31,56,104,137,211,353,437,439,200,43,2,2,8,13,41,58,160,348,1472,0,2104
Se20 心不全,2018,8,2018-08-01,2,1,1,0,0,1,3,5,15,20,28,42,63,134,262,456,813,1461,1609,940,244,3,1,1,8,35,70,197,718,5067,1,6101
Se21 脳血管疾患,2018,8,2018-08-01,0,2,1,1,2,3,21,28,47,113,124,132,198,402,599,916,1490,1802,1484,678,111,2,2,5,49,160,256,600,1515,5565,2,8156
Se22 くも膜下出血,2018,8,2018-08-01,0,1,0,0,0,2,10,12,26,57,48,42,49,89,97,113,139,141,74,21,5,1,0,2,22,83,90,138,210,380,0,926
Se23 脳内出血,2018,8,2018-08-01,0,1,0,1,2,1,9,14,19,46,65,71,93,187,244,304,441,420,321,94,15,1,1,3,23,65,136,280,548,1291,1,2349
Se24 脳梗塞,2018,8,2018-08-01,0,0,1,0,0,0,1,2,1,6,11,15,47,120,245,479,859,1198,1059,550,89,0,1,0,3,7,26,167,724,3755,1,4684
Se25 大動脈瘤及び解離,2018,8,2018-08-01,0,0,0,0,0,1,0,6,0,15,18,28,44,86,112,145,263,301,197,61,7,0,0,1,6,15,46,130,257,829,0,1284
Se26 肺炎,2018,8,2018-08-01,3,0,0,0,0,2,2,1,7,10,13,39,62,177,305,617,1174,1831,1748,788,206,3,0,2,3,17,52,239,922,5747,0,6985
Se27 慢性閉塞性肺疾患,2018,8,2018-08-01,0,0,0,0,0,0,1,0,0,0,3,9,17,48,120,192,328,417,275,54,12,0,0,0,1,0,12,65,312,1086,0,1476
Se28 喘息,2018,8,2018-08-01,0,0,0,0,1,0,0,0,1,1,2,7,5,4,4,13,21,24,22,15,1,0,0,1,0,2,9,9,17,83,0,121
Se29 肝疾患,2018,8,2018-08-01,2,0,0,0,0,1,5,12,25,64,80,95,110,144,155,191,178,158,97,29,4,2,0,1,17,89,175,254,346,466,0,1350
Se30 腎不全,2018,8,2018-08-01,1,0,0,0,0,0,1,2,5,8,9,11,32,86,128,207,341,486,451,173,35,1,0,0,3,13,20,118,335,1486,0,1976
Se31 老衰,2018,8,2018-08-01,0,0,0,0,0,0,0,0,0,0,0,0,1,12,58,168,684,1759,2806,2106,847,0,0,0,0,0,0,13,226,8202,0,8441
Se32 不慮の事故,2018,8,2018-08-01,13,8,11,33,34,25,29,40,50,61,71,100,106,158,233,317,462,535,403,140,29,21,44,59,69,111,171,264,550,1569,0,2858
Se33 交通事故,2018,8,2018-08-01,3,2,5,17,15,8,13,17,21,18,26,25,18,22,46,48,48,29,6,2,1,5,22,23,30,39,51,40,94,86,0,390
Se34 自殺,2018,8,2018-08-01,0,0,14,39,83,92,101,108,114,148,158,112,114,121,111,125,100,70,23,10,1,0,53,175,209,262,270,235,236,204,4,1648
総数,2018,9,2018-09-01,190,27,34,90,176,186,265,348,670,1058,1567,2132,3226,6622,8962,12285,16989,20955,17903,8416,2204,217,124,362,613,1728,3699,9848,21247,66467,40,104345
Se01 結核,2018,9,2018-09-01,0,0,0,0,0,0,0,0,0,1,2,1,4,8,7,9,37,47,48,8,3,0,0,0,0,1,3,12,16,143,0,175
Se02 悪性新生物＜腫瘍＞,2018,9,2018-09-01,9,8,8,6,13,21,44,89,227,358,623,980,1629,3398,4244,5074,5673,5009,2957,851,114,17,14,34,133,585,1603,5027,9318,14604,2,31337
Se03 食道の悪性新生物＜腫瘍＞,2018,9,2018-09-01,0,0,0,0,0,0,0,0,1,9,15,44,89,146,196,191,140,91,37,6,1,0,0,0,0,10,59,235,387,275,0,966
Se04 胃の悪性新生物＜腫瘍＞,2018,9,2018-09-01,0,0,0,0,0,3,3,12,23,36,57,87,157,373,463,593,729,593,399,113,11,0,0,3,15,59,144,530,1056,1845,0,3652
Se05 結腸の悪性新生物＜腫瘍＞,2018,9,2018-09-01,0,0,0,0,1,0,8,5,16,29,50,94,154,291,356,411,532,505,389,119,14,0,0,1,13,45,144,445,767,1559,0,2974
Se06 直腸Ｓ状結腸移行部及び直腸の悪性新生物＜腫瘍＞,2018,9,2018-09-01,0,0,0,0,0,0,2,4,10,15,39,53,101,201,171,220,188,147,82,19,3,0,0,0,6,25,92,302,391,439,1,1256
Se07 肝及び肝内胆管の悪性新生物＜腫瘍＞,2018,9,2018-09-01,0,1,0,0,1,0,0,0,5,12,26,50,105,220,267,349,447,384,159,51,5,1,0,1,0,17,76,325,616,1046,0,2082
Se08 胆のう及びその他の胆道の悪性新生物＜腫瘍＞,2018,9,2018-09-01,0,0,0,0,0,0,0,0,8,4,12,22,56,130,185,234,320,318,201,58,9,0,0,0,0,12,34,186,419,906,0,1557
Se09 膵の悪性新生物＜腫瘍＞,2018,9,2018-09-01,1,1,0,0,0,0,1,5,14,34,63,107,153,367,471,532,567,441,253,67,5,2,0,0,6,48,170,520,1003,1333,0,3082
Se10 気管，気管支及び肺の悪性新生物＜腫瘍＞,2018,9,2018-09-01,0,0,0,0,0,2,0,2,16,39,78,152,285,714,999,1143,1132,993,547,138,16,0,0,2,2,55,230,999,2142,2826,0,6256
Se11 乳房の悪性新生物＜腫瘍＞,2018,9,2018-09-01,0,0,0,0,0,0,5,15,38,53,79,104,116,163,129,153,124,98,73,39,9,0,0,0,20,91,183,279,282,343,0,1198
Se12 子宮の悪性新生物＜腫瘍＞,2018,9,2018-09-01,0,0,0,0,0,1,5,9,31,23,54,41,54,70,60,62,80,60,35,8,2,0,0,1,14,54,95,124,122,185,0,595
Se13 白血病,2018,9,2018-09-01,1,0,4,1,3,4,2,6,9,14,17,22,40,66,105,141,120,125,43,10,3,1,5,7,8,23,39,106,246,301,0,736
Se14 糖尿病,2018,9,2018-09-01,0,0,0,0,0,0,0,2,4,13,24,23,34,85,113,158,199,197,123,49,7,0,0,0,2,17,47,119,271,575,0,1031
Se15 高血圧性疾患,2018,9,2018-09-01,0,0,0,0,0,0,0,1,0,2,4,8,16,25,41,53,84,126,164,88,23,0,0,0,1,2,12,41,94,485,0,635
Se16 心疾患（高血圧性を除く）,2018,9,2018-09-01,3,0,2,2,9,10,18,19,61,124,171,222,354,646,957,1372,2124,3193,3034,1472,330,3,4,19,37,185,393,1000,2329,10153,0,14123
Se17 急性心筋梗塞,2018,9,2018-09-01,1,0,0,0,0,0,3,7,15,28,63,60,98,162,201,285,371,441,279,97,23,1,0,0,10,43,123,260,486,1211,0,2134
Se18 その他の虚血性心疾患,2018,9,2018-09-01,0,0,0,0,1,2,2,4,15,39,42,65,94,170,270,302,398,420,309,100,37,0,0,3,6,54,107,264,572,1264,0,2270
Se19 不整脈及び伝導障害,2018,9,2018-09-01,0,0,1,0,6,2,9,2,16,22,30,32,48,109,134,194,313,463,433,208,32,0,1,8,11,38,62,157,328,1449,0,2054
Se20 心不全,2018,9,2018-09-01,1,0,0,1,0,2,2,1,6,21,21,31,76,125,240,409,791,1484,1650,918,211,1,1,2,3,27,52,201,649,5054,0,5990
Se21 脳血管疾患,2018,9,2018-09-01,1,2,2,3,2,4,7,29,47,86,139,156,221,378,628,962,1353,1802,1511,663,146,3,5,6,36,133,295,599,1590,5475,3,8145
Se22 くも膜下出血,2018,9,2018-09-01,0,0,0,2,1,2,3,13,20,32,52,49,74,66,95,117,127,126,88,19,4,0,2,3,16,52,101,140,212,364,0,890
Se23 脳内出血,2018,9,2018-09-01,1,2,2,0,1,2,3,16,24,45,69,85,97,175,250,326,427,469,310,114,14,3,2,3,19,69,154,272,576,1334,3,2435
Se24 脳梗塞,2018,9,2018-09-01,0,0,0,0,0,0,1,0,1,5,14,18,43,132,267,503,774,1172,1076,511,121,0,0,0,1,6,32,175,770,3654,0,4638
Se25 大動脈瘤及び解離,2018,9,2018-09-01,0,0,0,0,0,1,1,0,7,22,24,29,27,97,112,165,241,284,178,57,7,0,0,1,1,29,53,124,277,767,1,1253
Se26 肺炎,2018,9,2018-09-01,1,0,0,0,0,2,2,3,3,9,16,30,60,174,328,623,1218,1825,1720,741,204,1,0,2,5,12,46,234,951,5708,0,6959
Se27 慢性閉塞性肺疾患,2018,9,2018-09-01,0,0,0,0,0,0,0,0,1,2,2,9,17,64,126,237,298,398,275,91,14,0,0,0,0,3,11,81,363,1076,0,1534
Se28 喘息,2018,9,2018-09-01,0,0,0,0,0,0,1,0,0,2,2,0,2,5,6,10,20,22,27,13,4,0,0,0,1,2,2,7,16,86,0,114
Se29 肝疾患,2018,9,2018-09-01,3,0,0,1,0,1,2,14,35,60,91,84,114,143,152,156,171,149,68,19,3,3,1,1,16,95,175,257,308,410,1,1267
Se30 腎不全,2018,9,2018-09-01,0,0,0,1,1,0,0,0,1,7,5,15,29,64,121,198,363,494,383,155,29,0,1,1,0,8,20,93,319,1424,0,1866
Se31 老衰,2018,9,2018-09-01,0,0,0,0,0,0,0,0,0,0,0,0,1,14,64,193,698,1778,2803,2178,886,0,0,0,0,0,0,15,257,8343,0,8615
Se32 不慮の事故,2018,9,2018-09-01,15,5,1,23,29,25,27,24,42,53,58,68,104,191,213,308,419,425,365,147,32,20,24,54,51,95,126,295,521,1388,4,2578
Se33 交通事故,2018,9,2018-09-01,5,4,1,14,17,17,13,15,18,16,21,15,18,27,32,48,44,35,10,2,0,9,15,34,28,34,36,45,80,91,1,373
Se34 自殺,2018,9,2018-09-01,0,0,10,43,92,88,116,102,118,161,151,141,93,131,150,115,100,60,21,2,1,0,53,180,218,279,292,224,265,184,4,1699
総数,2018,10,2018-10-01,189,25,35,94,181,194,267,397,681,1208,1596,2250,3434,6896,9642,13151,18453,22787,19815,9385,2394,214,129,375,664,1889,3846,10330,22793,72834,37,113111
Se01 結核,2018,10,2018-10-01,0,0,0,0,0,0,0,0,0,0,1,0,0,4,11,12,44,56,48,14,1,0,0,0,0,0,1,4,23,163,0,191
Se02 悪性新生物＜腫瘍＞,2018,10,2018-10-01,5,7,5,16,14,17,55,93,202,438,610,1009,1662,3423,4521,5258,5802,5244,3026,894,109,12,21,31,148,640,1619,5085,9779,15075,0,32410
Se03 食道の悪性新生物＜腫瘍＞,2018,10,2018-10-01,0,0,0,0,0,0,0,0,1,12,14,43,84,123,196,211,142,102,51,4,0,0,0,0,0,13,57,207,407,299,0,983
Se04 胃の悪性新生物＜腫瘍＞,2018,10,2018-10-01,0,0,0,0,0,0,8,9,27,52,45,80,196,425,522,595,679,658,394,111,13,0,0,0,17,79,125,621,1117,1855,0,3814
Se05 結腸の悪性新生物＜腫瘍＞,2018,10,2018-10-01,0,0,0,0,1,1,11,9,24,42,51,105,146,282,389,444,552,522,402,140,12,0,0,2,20,66,156,428,833,1628,0,3133
Se06 直腸Ｓ状結腸移行部及び直腸の悪性新生物＜腫瘍＞,2018,10,2018-10-01,0,0,0,0,0,1,1,7,9,22,34,65,87,206,188,210,222,167,93,27,4,0,0,1,8,31,99,293,398,513,0,1343
Se07 肝及び肝内胆管の悪性新生物＜腫瘍＞,2018,10,2018-10-01,0,0,1,0,0,0,1,2,6,12,28,60,84,203,321,372,468,374,205,52,3,0,1,0,3,18,88,287,693,1102,0,2192
Se08 胆のう及びその他の胆道の悪性新生物＜腫瘍＞,2018,10,2018-10-01,0,0,0,0,0,0,1,1,2,7,15,18,44,130,197,236,336,346,216,69,16,0,0,0,2,9,33,174,433,983,0,1634
Se09 膵の悪性新生物＜腫瘍＞,2018,10,2018-10-01,0,0,0,0,0,0,0,4,15,46,62,98,196,335,447,566,548,451,210,77,9,0,0,0,4,61,160,531,1013,1295,0,3064
Se10 気管，気管支及び肺の悪性新生物＜腫瘍＞,2018,10,2018-10-01,0,0,0,0,1,1,3,5,20,34,63,150,307,708,995,1159,1166,1059,531,155,15,0,0,2,8,54,213,1015,2154,2926,0,6372
Se11 乳房の悪性新生物＜腫瘍＞,2018,10,2018-10-01,0,0,0,1,1,1,1,16,31,65,99,123,119,169,162,137,120,116,64,38,4,0,1,2,17,96,222,288,299,342,0,1267
Se12 子宮の悪性新生物＜腫瘍＞,2018,10,2018-10-01,0,0,0,0,0,2,8,8,20,33,51,51,49,76,67,52,78,60,40,14,2,0,0,2,16,53,102,125,119,194,0,611
Se13 白血病,2018,10,2018-10-01,1,1,1,5,4,5,7,7,9,11,22,25,46,101,139,150,118,81,64,10,2,2,6,9,14,20,47,147,289,275,0,809
Se14 糖尿病,2018,10,2018-10-01,0,0,1,1,1,0,1,1,7,15,23,27,43,106,105,166,194,209,135,57,8,0,2,1,2,22,50,149,271,603,0,1100
Se15 高血圧性疾患,2018,10,2018-10-01,0,0,0,0,0,0,1,0,4,4,6,14,9,27,36,51,84,147,158,125,35,0,0,0,1,8,20,36,87,549,0,701
Se16 心疾患（高血圧性を除く）,2018,10,2018-10-01,6,1,2,4,5,8,7,34,69,126,196,258,363,765,1106,1517,2519,3347,3426,1704,399,7,6,13,41,195,454,1128,2623,11395,2,15864
Se17 急性心筋梗塞,2018,10,2018-10-01,0,0,0,0,0,0,0,9,19,29,64,65,105,198,306,310,468,486,348,133,19,0,0,0,9,48,129,303,616,1454,1,2560
Se18 その他の虚血性心疾患,2018,10,2018-10-01,1,0,0,0,0,0,1,6,15,37,43,66,95,224,293,352,463,501,341,166,39,1,0,0,7,52,109,319,645,1510,1,2644
Se19 不整脈及び伝導障害,2018,10,2018-10-01,1,0,1,1,4,2,3,5,11,22,35,47,60,113,153,219,362,496,495,215,40,1,2,6,8,33,82,173,372,1608,0,2285
Se20 心不全,2018,10,2018-10-01,2,0,1,1,0,2,2,5,7,25,30,45,66,148,240,458,940,1463,1817,1001,276,2,2,2,7,32,75,214,698,5497,0,6529
Se21 脳血管疾患,2018,10,2018-10-01,2,1,1,0,2,3,6,31,66,120,136,175,250,460,698,998,1543,2067,1661,733,146,3,1,5,37,186,311,710,1696,6150,1,9100
Se22 くも膜下出血,2018,10,2018-10-01,0,1,1,0,2,1,4,11,36,40,51,59,58,83,96,137,172,174,91,18,8,1,1,3,15,76,110,141,233,463,0,1043
Se23 脳内出血,2018,10,2018-10-01,0,0,0,0,0,2,2,19,25,69,69,92,131,211,310,354,463,580,359,150,16,0,0,2,21,94,161,342,664,1568,1,2853
Se24 脳梗塞,2018,10,2018-10-01,0,0,0,0,0,0,0,1,2,6,12,19,56,154,271,484,880,1261,1186,544,118,0,0,0,1,8,31,210,755,3989,0,4994
Se25 大動脈瘤及び解離,2018,10,2018-10-01,0,0,0,0,0,0,1,3,4,18,30,51,56,115,151,198,310,339,240,89,11,0,0,0,4,22,81,171,349,989,1,1617
Se26 肺炎,2018,10,2018-10-01,3,1,0,2,0,2,2,1,5,6,14,31,83,196,329,712,1278,1918,1952,881,225,4,2,2,3,11,45,279,1041,6254,0,7641
Se27 慢性閉塞性肺疾患,2018,10,2018-10-01,0,0,0,0,0,0,0,0,0,2,5,6,16,62,146,233,341,402,251,74,8,0,0,0,0,2,11,78,379,1076,0,1546
Se28 喘息,2018,10,2018-10-01,0,0,0,0,0,0,2,0,2,3,1,2,1,4,9,13,21,30,27,15,7,0,0,0,2,5,3,5,22,100,0,137
Se29 肝疾患,2018,10,2018-10-01,0,0,0,0,0,2,4,10,37,54,86,103,112,153,177,186,193,171,84,22,2,0,0,2,14,91,189,265,363,472,0,1396
Se30 腎不全,2018,10,2018-10-01,0,0,0,0,0,0,1,3,4,4,5,14,33,77,118,224,369,560,448,199,18,0,0,0,4,8,19,110,342,1594,0,2077
Se31 老衰,2018,10,2018-10-01,0,0,0,0,0,0,0,0,0,0,0,0,3,16,61,214,808,1979,3244,2420,955,0,0,0,0,0,0,19,275,9406,0,9700
Se32 不慮の事故,2018,10,2018-10-01,11,4,3,18,31,16,23,26,44,60,73,83,111,201,278,342,485,583,420,182,37,15,21,47,49,104,156,312,620,1707,2,3033
Se33 交通事故,2018,10,2018-10-01,5,0,1,12,16,9,13,9,18,22,21,24,26,38,43,51,53,39,22,3,0,5,13,25,22,40,45,64,94,117,0,425
Se34 自殺,2018,10,2018-10-01,0,0,7,30,93,104,114,113,148,160,137,138,128,132,129,107,93,75,20,4,1,0,37,197,227,308,275,260,236,193,5,1738
総数,2018,11,2018-11-01,239,36,39,79,153,191,228,387,655,1136,1614,2264,3557,6849,9415,13442,18790,23388,20284,9437,2419,275,118,344,615,1791,3878,10406,22857,74318,52,114654
Se01 結核,2018,11,2018-11-01,0,0,0,0,0,0,0,0,1,1,0,2,3,3,2,28,38,47,41,13,0,0,0,0,0,2,2,6,30,139,0,179
Se02 悪性新生物＜腫瘍＞,2018,11,2018-11-01,13,9,13,9,12,33,34,102,177,411,638,953,1687,3268,4280,5112,5577,5056,2997,883,98,22,22,45,136,588,1591,4955,9392,14611,0,31362
Se03 食道の悪性新生物＜腫瘍＞,2018,11,2018-11-01,0,0,0,0,0,0,0,1,0,7,18,33,78,144,165,174,159,91,48,8,0,0,0,0,1,7,51,222,339,306,0,926
Se04 胃の悪性新生物＜腫瘍＞,2018,11,2018-11-01,0,0,0,0,0,6,2,17,24,44,45,103,163,403,534,580,667,612,381,104,7,0,0,6,19,68,148,566,1114,1771,0,3692
Se05 結腸の悪性新生物＜腫瘍＞,2018,11,2018-11-01,0,0,1,1,0,3,5,5,15,37,46,92,154,279,372,442,529,514,364,134,13,0,2,3,10,52,138,433,814,1554,0,3006
Se06 直腸Ｓ状結腸移行部及び直腸の悪性新生物＜腫瘍＞,2018,11,2018-11-01,0,0,0,0,0,2,0,2,8,17,40,63,86,157,189,210,174,145,93,23,7,0,0,2,2,25,103,243,399,442,0,1216
Se07 肝及び肝内胆管の悪性新生物＜腫瘍＞,2018,11,2018-11-01,0,0,0,0,0,0,2,1,3,13,21,54,111,205,263,374,440,392,195,50,5,0,0,0,3,16,75,316,637,1082,0,2129
Se08 胆のう及びその他の胆道の悪性新生物＜腫瘍＞,2018,11,2018-11-01,0,0,0,0,0,0,0,1,3,8,15,20,60,110,163,247,328,298,212,64,6,0,0,0,1,11,35,170,410,908,0,1535
Se09 膵の悪性新生物＜腫瘍＞,2018,11,2018-11-01,0,0,1,0,0,1,0,5,15,36,56,94,171,326,475,546,573,475,222,80,3,0,1,1,5,51,150,497,1021,1353,0,3079
Se10 気管，気管支及び肺の悪性新生物＜腫瘍＞,2018,11,2018-11-01,0,0,0,0,0,0,2,15,22,48,88,139,297,719,952,1133,1125,1016,540,126,14,0,0,0,17,70,227,1016,2085,2821,0,6236
Se11 乳房の悪性新生物＜腫瘍＞,2018,11,2018-11-01,0,0,0,0,0,2,2,11,23,66,99,99,126,152,149,143,123,116,82,44,10,0,0,2,13,89,198,278,292,375,0,1247
Se12 子宮の悪性新生物＜腫瘍＞,2018,11,2018-11-01,0,0,0,0,0,1,4,5,14,34,40,45,60,69,57,71,77,63,37,8,1,0,0,1,9,48,85,129,128,186,0,586
Se13 白血病,2018,11,2018-11-01,3,1,6,2,5,2,4,3,5,12,14,24,45,64,143,125,131,103,50,10,2,4,8,7,7,17,38,109,268,296,0,754
Se14 糖尿病,2018,11,2018-11-01,0,1,0,0,0,1,2,4,6,12,24,45,42,107,109,141,235,227,157,54,13,1,0,1,6,18,69,149,250,686,0,1180
Se15 高血圧性疾患,2018,11,2018-11-01,0,0,0,0,0,0,1,1,3,3,5,16,10,27,49,52,117,161,190,104,28,0,0,0,2,6,21,37,101,600,0,767
Se16 心疾患（高血圧性を除く）,2018,11,2018-11-01,2,1,1,1,7,8,18,34,66,134,184,261,421,848,1116,1735,2574,3718,3642,1736,439,3,2,15,52,200,445,1269,2851,12109,4,16950
Se17 急性心筋梗塞,2018,11,2018-11-01,0,0,0,0,0,1,2,7,17,41,47,68,132,224,264,376,476,525,403,136,24,0,0,1,9,58,115,356,640,1564,0,2743
Se18 その他の虚血性心疾患,2018,11,2018-11-01,0,0,0,0,2,2,3,4,13,31,52,72,115,226,295,371,492,581,409,164,30,0,0,4,7,44,124,341,666,1676,1,2863
Se19 不整脈及び伝導障害,2018,11,2018-11-01,0,1,0,0,3,2,3,8,13,22,33,38,61,131,163,280,396,607,528,219,51,1,0,5,11,35,71,192,443,1801,1,2560
Se20 心不全,2018,11,2018-11-01,0,0,1,0,1,1,6,9,13,28,30,50,71,185,280,519,897,1580,1872,1005,292,0,1,2,15,41,80,256,799,5646,0,6840
Se21 脳血管疾患,2018,11,2018-11-01,0,1,1,1,1,2,8,28,61,118,149,183,252,502,671,1043,1611,2045,1690,714,168,1,2,3,36,179,332,754,1714,6228,2,9251
Se22 くも膜下出血,2018,11,2018-11-01,0,1,0,1,1,2,5,10,25,58,60,53,57,110,92,111,178,123,91,20,4,1,1,3,15,83,113,167,203,416,0,1002
Se23 脳内出血,2018,11,2018-11-01,0,0,0,0,0,0,3,18,33,45,81,103,140,209,296,353,491,564,379,113,11,0,0,0,21,78,184,349,649,1558,0,2839
Se24 脳梗塞,2018,11,2018-11-01,0,0,0,0,0,0,0,0,3,8,6,23,48,164,259,555,898,1317,1190,565,150,0,0,0,0,11,29,212,814,4120,2,5188
Se25 大動脈瘤及び解離,2018,11,2018-11-01,0,0,0,0,0,1,2,3,14,16,32,54,86,130,184,230,325,377,251,74,10,0,0,1,5,30,86,216,414,1037,0,1789
Se26 肺炎,2018,11,2018-11-01,6,0,2,0,0,1,0,1,4,6,21,40,69,188,322,693,1338,2002,1936,886,205,6,2,1,1,10,61,257,1015,6367,0,7720
Se27 慢性閉塞性肺疾患,2018,11,2018-11-01,1,0,0,0,0,0,0,1,0,1,3,14,18,55,110,227,329,437,269,82,7,1,0,0,1,1,17,73,337,1124,0,1554
Se28 喘息,2018,11,2018-11-01,0,0,0,0,0,0,0,0,1,2,0,2,3,4,13,10,15,23,26,16,1,0,0,0,0,3,2,7,23,81,0,116
Se29 肝疾患,2018,11,2018-11-01,2,0,0,0,1,0,1,14,32,58,91,111,122,170,162,197,194,157,80,21,2,2,0,1,15,90,202,292,359,454,0,1415
Se30 腎不全,2018,11,2018-11-01,1,0,0,0,0,0,1,0,4,4,14,25,42,83,115,223,384,558,521,210,25,1,0,0,1,8,39,125,338,1698,0,2210
Se31 老衰,2018,11,2018-11-01,0,0,0,0,0,0,0,0,0,0,0,0,1,19,61,209,832,2068,3224,2390,994,0,0,0,0,0,0,20,270,9508,0,9798
Se32 不慮の事故,2018,11,2018-11-01,12,2,3,21,25,20,19,26,41,43,75,72,104,199,302,431,589,693,463,195,25,14,24,45,45,84,147,303,733,1965,2,3362
Se33 交通事故,2018,11,2018-11-01,2,0,0,17,14,10,7,10,13,16,26,20,19,30,51,71,60,46,19,3,0,2,17,24,17,29,46,49,122,128,0,434
Se34 自殺,2018,11,2018-11-01,0,0,10,28,76,93,100,104,138,132,131,139,94,114,150,122,78,47,24,4,0,0,38,169,204,270,270,208,272,153,8,1592
総数,2018,12,2018-12-01,210,43,42,104,167,203,244,400,737,1285,1814,2514,3934,7583,10475,14717,20496,25592,21887,10297,2569,253,146,370,644,2022,4328,11517,25192,80841,58,125371
Se01 結核,2018,12,2018-12-01,0,0,0,0,0,0,0,0,0,0,0,2,3,4,7,16,34,73,44,16,3,0,0,0,0,0,2,7,23,170,1,203
Se02 悪性新生物＜腫瘍＞,2018,12,2018-12-01,7,10,6,12,18,26,33,97,212,427,652,963,1700,3412,4357,5278,5700,5358,3011,903,125,17,18,44,130,639,1615,5112,9635,15097,1,32308
Se03 食道の悪性新生物＜腫瘍＞,2018,12,2018-12-01,0,0,0,0,0,0,0,1,1,8,30,23,83,144,183,188,142,115,54,8,0,0,0,0,1,9,53,227,371,319,0,980
Se04 胃の悪性新生物＜腫瘍＞,2018,12,2018-12-01,0,0,0,0,3,1,2,14,19,41,46,79,177,380,508,632,670,692,407,90,11,0,0,4,16,60,125,557,1140,1870,0,3772
Se05 結腸の悪性新生物＜腫瘍＞,2018,12,2018-12-01,0,0,0,0,1,2,3,7,21,34,53,80,165,303,356,446,517,520,348,153,21,0,0,3,10,55,133,468,802,1559,0,3030
Se06 直腸Ｓ状結腸移行部及び直腸の悪性新生物＜腫瘍＞,2018,12,2018-12-01,0,0,0,0,0,1,0,2,6,27,32,62,98,201,190,182,201,156,93,39,0,0,0,1,2,33,94,299,372,489,0,1290
Se07 肝及び肝内胆管の悪性新生物＜腫瘍＞,2018,12,2018-12-01,1,0,0,0,0,1,2,4,8,13,30,64,109,240,283,378,460,433,186,51,8,1,0,1,6,21,94,349,661,1138,0,2271
Se08 胆のう及びその他の胆道の悪性新生物＜腫瘍＞,2018,12,2018-12-01,0,0,0,0,0,0,0,3,3,9,13,34,60,116,143,252,315,333,193,71,15,0,0,0,3,12,47,176,395,927,0,1560
Se09 膵の悪性新生物＜腫瘍＞,2018,12,2018-12-01,0,0,0,0,0,0,0,3,10,48,57,108,176,343,482,512,520,459,221,83,9,0,0,0,3,58,165,519,994,1292,1,3032
Se10 気管，気管支及び肺の悪性新生物＜腫瘍＞,2018,12,2018-12-01,0,0,0,1,0,0,2,5,23,39,85,149,287,675,1034,1184,1192,1011,558,133,16,0,1,0,7,62,234,962,2218,2910,0,6394
Se11 乳房の悪性新生物＜腫瘍＞,2018,12,2018-12-01,0,0,0,0,0,1,3,12,36,62,93,107,120,184,157,160,116,137,72,42,7,0,0,1,15,98,200,304,317,374,0,1309
Se12 子宮の悪性新生物＜腫瘍＞,2018,12,2018-12-01,0,0,0,0,0,0,2,11,24,32,49,42,45,69,51,60,64,66,48,6,2,0,0,0,13,56,91,114,111,186,0,571
Se13 白血病,2018,12,2018-12-01,3,5,2,4,3,4,4,5,10,21,15,22,45,88,97,152,142,99,48,6,1,8,6,7,9,31,37,133,249,296,0,776
Se14 糖尿病,2018,12,2018-12-01,0,0,0,0,1,1,2,6,7,15,22,44,53,104,140,191,253,243,185,51,10,0,0,2,8,22,66,157,331,742,0,1328
Se15 高血圧性疾患,2018,12,2018-12-01,0,0,0,0,0,0,0,1,3,5,13,17,24,33,52,80,160,210,177,125,30,0,0,0,1,8,30,57,132,702,0,930
Se16 心疾患（高血圧性を除く）,2018,12,2018-12-01,5,1,3,3,7,11,18,35,83,158,247,337,499,1030,1371,2121,3246,4351,4211,2008,458,6,6,18,53,241,584,1529,3492,14274,8,20211
Se17 急性心筋梗塞,2018,12,2018-12-01,0,0,0,0,0,0,4,7,22,47,92,94,128,295,299,469,583,633,462,166,24,0,0,0,11,69,186,423,768,1868,0,3325
Se18 その他の虚血性心疾患,2018,12,2018-12-01,0,0,0,0,1,0,5,4,21,38,58,103,136,268,378,557,666,720,506,166,36,0,0,1,9,59,161,404,935,2094,4,3667
Se19 不整脈及び伝導障害,2018,12,2018-12-01,0,1,0,2,5,4,1,9,16,30,34,56,80,159,198,321,518,679,604,258,55,1,2,9,10,46,90,239,519,2114,1,3031
Se20 心不全,2018,12,2018-12-01,1,0,2,0,0,3,5,11,15,27,39,51,94,214,336,568,1101,1840,2146,1200,302,1,2,3,16,42,90,308,904,6589,2,7957
Se21 脳血管疾患,2018,12,2018-12-01,0,1,0,0,4,6,9,17,64,115,138,213,305,521,779,1142,1782,2227,1839,789,169,1,0,10,26,179,351,826,1921,6806,0,10120
Se22 くも膜下出血,2018,12,2018-12-01,0,1,0,0,2,3,2,7,30,42,44,71,75,90,123,134,192,192,90,29,6,1,0,5,9,72,115,165,257,509,0,1133
Se23 脳内出血,2018,12,2018-12-01,0,0,0,0,2,2,7,10,32,61,74,111,163,217,316,413,551,577,412,132,25,0,0,4,17,93,185,380,729,1697,0,3105
Se24 脳梗塞,2018,12,2018-12-01,0,0,0,0,0,1,0,0,0,9,13,24,58,188,318,561,994,1399,1284,609,133,0,0,1,0,9,37,246,879,4419,0,5591
Se25 大動脈瘤及び解離,2018,12,2018-12-01,0,0,0,0,0,2,2,3,11,24,22,49,85,133,205,239,384,394,247,86,11,0,0,2,5,35,71,218,444,1122,0,1897
Se26 肺炎,2018,12,2018-12-01,3,1,0,1,1,0,0,3,10,12,33,42,86,201,390,765,1390,2148,2055,974,208,4,1,1,3,22,75,287,1155,6775,0,8323
Se27 慢性閉塞性肺疾患,2018,12,2018-12-01,0,0,0,0,0,0,0,0,1,1,6,10,21,57,147,256,339,430,296,83,8,0,0,0,0,2,16,78,403,1156,1,1656
Se28 喘息,2018,12,2018-12-01,0,0,0,0,0,0,0,0,3,2,4,1,2,3,13,14,22,24,28,19,3,0,0,0,0,5,5,5,27,96,0,138
Se29 肝疾患,2018,12,2018-12-01,0,0,0,0,0,1,3,14,34,62,94,136,134,210,204,234,213,203,134,25,2,0,0,1,17,96,230,344,438,577,1,1704
Se30 腎不全,2018,12,2018-12-01,0,0,0,0,0,0,3,0,6,6,15,14,35,78,147,240,450,611,526,197,25,0,0,0,3,12,29,113,387,1809,1,2354
Se31 老衰,2018,12,2018-12-01,0,0,0,0,0,0,0,0,0,0,0,0,2,17,70,240,894,2146,3522,2602,1002,0,0,0,0,0,0,19,310,10166,1,10496
Se32 不慮の事故,2018,12,2018-12-01,15,11,11,13,29,27,24,41,49,61,91,121,167,281,356,564,824,799,560,229,47,26,24,56,65,110,212,448,920,2459,3,4323
Se33 交通事故,2018,12,2018-12-01,0,6,6,9,16,15,9,17,19,20,27,29,40,53,58,60,79,48,22,4,0,6,15,31,26,39,56,93,118,153,0,537
Se34 自殺,2018,12,2018-12-01,0,0,7,53,73,90,93,113,105,159,173,142,129,114,125,92,85,71,22,6,0,0,60,163,206,264,315,243,217,184,7,1659
総数,2019,1,2019-01-01,227,39,36,103,166,200,291,416,756,1371,1826,2635,4119,8056,11364,16132,22633,28649,24374,11458,2914,266,139,366,707,2127,4461,12175,27496,90028,22,137787
Se01 結核,2019,1,2019-01-01,0,0,0,0,0,0,0,0,0,0,0,2,3,7,10,17,40,54,63,18,3,0,0,0,0,0,2,10,27,178,0,217
Se02 悪性新生物＜腫瘍＞,2019,1,2019-01-01,7,8,7,12,23,19,44,94,201,423,625,1039,1649,3381,4504,5334,5672,5223,3038,872,111,15,19,42,138,624,1664,5030,9838,14916,1,32287
Se03 食道の悪性新生物＜腫瘍＞,2019,1,2019-01-01,0,0,0,0,0,0,0,1,4,6,27,53,89,146,200,228,159,107,53,6,3,0,0,0,1,10,80,235,428,328,0,1082
Se04 胃の悪性新生物＜腫瘍＞,2019,1,2019-01-01,0,0,0,0,2,3,7,11,27,31,44,94,186,366,461,646,682,645,380,104,10,0,0,5,18,58,138,552,1107,1821,0,3699
Se05 結腸の悪性新生物＜腫瘍＞,2019,1,2019-01-01,0,0,0,0,2,1,0,7,16,33,70,89,142,280,372,435,457,490,384,129,13,0,0,3,7,49,159,422,807,1473,0,2920
Se06 直腸Ｓ状結腸移行部及び直腸の悪性新生物＜腫瘍＞,2019,1,2019-01-01,0,0,0,0,0,0,1,5,6,27,23,70,102,185,217,216,191,163,105,39,8,0,0,0,6,33,93,287,433,506,0,1358
Se07 肝及び肝内胆管の悪性新生物＜腫瘍＞,2019,1,2019-01-01,0,0,0,0,0,1,1,1,2,17,29,53,104,218,300,376,428,376,187,41,5,0,0,1,2,19,82,322,676,1037,0,2139
Se08 胆のう及びその他の胆道の悪性新生物＜腫瘍＞,2019,1,2019-01-01,0,0,0,0,0,0,0,2,1,6,18,30,52,114,177,283,346,285,186,51,12,0,0,0,2,7,48,166,460,880,0,1563
Se09 膵の悪性新生物＜腫瘍＞,2019,1,2019-01-01,0,0,0,0,1,2,1,2,13,37,57,100,174,325,454,542,528,449,227,54,4,0,0,3,3,50,157,499,996,1262,0,2970
Se10 気管，気管支及び肺の悪性新生物＜腫瘍＞,2019,1,2019-01-01,0,0,0,0,0,0,1,6,20,50,86,148,309,738,1060,1189,1207,1088,534,154,15,0,0,0,7,70,234,1047,2249,2998,0,6605
Se11 乳房の悪性新生物＜腫瘍＞,2019,1,2019-01-01,0,0,0,0,0,2,4,13,36,66,100,116,108,201,160,131,131,99,85,42,9,0,0,2,17,102,216,309,291,366,0,1303
Se12 子宮の悪性新生物＜腫瘍＞,2019,1,2019-01-01,0,0,0,0,0,0,10,4,16,43,41,54,50,58,64,60,62,58,46,11,1,0,0,0,14,59,95,108,124,178,0,578
Se13 白血病,2019,1,2019-01-01,3,0,3,6,8,3,4,4,3,8,16,22,28,75,98,125,120,99,54,12,1,3,9,11,8,11,38,103,223,286,0,692
Se14 糖尿病,2019,1,2019-01-01,0,0,0,1,0,2,0,7,12,21,24,42,61,126,174,212,272,279,191,64,7,0,1,2,7,33,66,187,386,813,1,1496
Se15 高血圧性疾患,2019,1,2019-01-01,0,0,0,0,0,0,0,0,2,5,15,9,25,52,65,113,176,259,239,128,56,0,0,0,0,7,24,77,178,858,0,1144
Se16 心疾患（高血圧性を除く）,2019,1,2019-01-01,9,1,1,4,10,10,24,42,93,199,256,420,642,1164,1703,2542,3917,5284,4792,2242,506,10,5,20,66,292,676,1806,4245,16741,1,23862
Se17 急性心筋梗塞,2019,1,2019-01-01,0,1,1,0,2,0,2,9,25,42,77,117,155,303,381,503,761,823,555,174,31,1,1,2,11,67,194,458,884,2344,0,3962
Se18 その他の虚血性心疾患,2019,1,2019-01-01,1,0,0,1,0,0,4,5,16,54,65,132,197,331,472,682,848,926,585,228,31,1,1,0,9,70,197,528,1154,2618,1,4579
Se19 不整脈及び伝導障害,2019,1,2019-01-01,2,0,0,1,3,3,6,14,24,36,33,63,99,193,277,411,598,764,692,302,52,2,1,6,20,60,96,292,688,2408,0,3573
Se20 心不全,2019,1,2019-01-01,1,0,0,0,0,4,6,6,16,45,57,62,137,242,398,710,1324,2149,2446,1316,349,1,0,4,12,61,119,379,1108,7584,0,9268
Se21 脳血管疾患,2019,1,2019-01-01,0,1,0,1,1,1,14,20,64,138,147,212,313,554,798,1240,1933,2361,1917,856,168,1,1,2,34,202,359,867,2038,7235,1,10740
Se22 くも膜下出血,2019,1,2019-01-01,0,0,0,1,0,1,6,11,26,58,56,66,70,93,134,161,188,192,114,34,4,0,1,1,17,84,122,163,295,532,0,1215
Se23 脳内出血,2019,1,2019-01-01,0,1,0,0,1,0,8,8,38,63,74,110,148,265,317,462,625,658,436,136,18,1,0,1,16,101,184,413,779,1873,1,3369
Se24 脳梗塞,2019,1,2019-01-01,0,0,0,0,0,0,0,1,0,12,15,27,83,179,314,581,1058,1453,1334,659,141,0,0,0,1,12,42,262,895,4645,0,5857
Se25 大動脈瘤及び解離,2019,1,2019-01-01,0,0,0,0,0,1,3,4,13,14,41,46,72,148,205,257,363,412,253,96,11,0,0,1,7,27,87,220,462,1135,0,1939
Se26 肺炎,2019,1,2019-01-01,5,0,0,0,0,2,1,7,21,21,41,82,134,317,523,1013,1803,2797,2498,1148,270,5,0,2,8,42,123,451,1536,8516,2,10685
Se27 慢性閉塞性肺疾患,2019,1,2019-01-01,0,0,0,0,0,0,0,0,0,5,6,6,16,91,180,279,407,495,277,79,7,0,0,0,0,5,12,107,459,1265,0,1848
Se28 喘息,2019,1,2019-01-01,0,1,0,0,0,1,0,0,1,7,3,2,4,8,13,15,28,42,37,13,5,1,0,1,0,8,5,12,28,125,0,180
Se29 肝疾患,2019,1,2019-01-01,0,0,0,0,2,3,3,8,40,65,102,123,143,190,205,244,243,172,94,30,1,0,0,5,11,105,225,333,449,540,0,1668
Se30 腎不全,2019,1,2019-01-01,0,0,0,0,0,0,0,1,6,12,16,17,55,104,153,272,466,669,595,233,35,0,0,0,1,18,33,159,425,1998,0,2634
Se31 老衰,2019,1,2019-01-01,0,0,0,0,0,0,0,0,0,0,0,0,4,18,80,267,959,2393,3718,2862,1126,0,0,0,0,0,0,22,347,11058,1,11428
Se32 不慮の事故,2019,1,2019-01-01,12,7,4,15,30,26,30,30,44,61,84,89,155,273,405,681,873,1025,701,249,49,19,19,56,60,105,173,428,1086,2897,3,4846
Se33 交通事故,2019,1,2019-01-01,3,1,1,10,16,6,10,7,11,17,14,14,27,28,35,44,64,36,16,1,1,4,11,22,17,28,28,55,79,118,0,362
Se34 自殺,2019,1,2019-01-01,0,0,10,50,71,103,119,112,124,158,133,110,109,121,117,83,84,41,20,4,0,0,60,174,231,282,243,230,200,149,2,1571
総数,2019,2,2019-02-01,180,34,27,92,177,154,223,327,591,1147,1600,2314,3541,6984,9667,13711,19236,23900,20983,9932,2442,214,119,331,550,1738,3914,10525,23378,76493,24,117286
Se01 結核,2019,2,2019-02-01,0,0,0,0,1,0,0,0,0,1,1,1,4,5,8,13,22,41,39,13,1,0,0,1,0,1,2,9,21,116,0,150
Se02 悪性新生物＜腫瘍＞,2019,2,2019-02-01,7,9,6,11,15,15,41,63,176,375,596,966,1559,3037,4023,4746,5259,4775,2744,807,95,16,17,30,104,551,1562,4596,8769,13680,3,29328
Se03 食道の悪性新生物＜腫瘍＞,2019,2,2019-02-01,0,0,0,0,0,0,0,0,3,12,16,40,73,111,166,179,151,107,36,13,1,0,0,0,0,15,56,184,345,308,0,908
Se04 胃の悪性新生物＜腫瘍＞,2019,2,2019-02-01,0,0,0,0,1,4,2,6,21,31,41,91,158,322,461,520,684,563,332,103,6,0,0,5,8,52,132,480,981,1688,1,3347
Se05 結腸の悪性新生物＜腫瘍＞,2019,2,2019-02-01,0,0,0,0,0,0,5,6,17,29,56,92,145,272,337,416,479,457,349,118,10,0,0,0,11,46,148,417,753,1413,1,2789
Se06 直腸Ｓ状結腸移行部及び直腸の悪性新生物＜腫瘍＞,2019,2,2019-02-01,0,0,0,0,0,0,1,3,9,16,35,66,105,175,199,192,179,160,88,24,5,0,0,0,4,25,101,280,391,456,0,1257
Se07 肝及び肝内胆管の悪性新生物＜腫瘍＞,2019,2,2019-02-01,2,0,0,0,0,0,1,0,9,10,17,52,93,204,270,342,434,364,168,39,5,2,0,0,1,19,69,297,612,1010,0,2010
Se08 胆のう及びその他の胆道の悪性新生物＜腫瘍＞,2019,2,2019-02-01,0,0,0,0,0,0,1,0,1,7,12,31,51,110,176,233,262,296,202,68,6,0,0,0,1,8,43,161,409,834,0,1456
Se09 膵の悪性新生物＜腫瘍＞,2019,2,2019-02-01,0,0,0,0,0,1,2,5,6,26,62,111,172,328,442,524,515,426,206,63,6,0,0,1,7,32,173,500,966,1216,0,2895
Se10 気管，気管支及び肺の悪性新生物＜腫瘍＞,2019,2,2019-02-01,0,0,0,0,0,1,3,3,13,44,78,141,277,601,915,1053,1077,925,470,126,18,0,0,1,6,57,219,878,1968,2616,0,5745
Se11 乳房の悪性新生物＜腫瘍＞,2019,2,2019-02-01,0,0,0,0,0,2,5,11,34,65,82,111,118,175,145,128,106,106,86,25,3,0,0,2,16,99,193,293,273,326,0,1202
Se12 子宮の悪性新生物＜腫瘍＞,2019,2,2019-02-01,0,0,0,1,0,1,4,9,21,29,35,52,48,66,65,64,53,53,23,8,1,0,1,1,13,50,87,114,129,138,0,533
Se13 白血病,2019,2,2019-02-01,1,4,1,5,4,2,6,1,10,11,17,21,26,71,99,118,115,87,43,8,1,5,6,6,7,21,38,97,217,254,0,651
Se14 糖尿病,2019,2,2019-02-01,0,0,0,1,0,0,1,3,8,15,25,30,41,111,116,175,213,236,154,55,4,0,1,0,4,23,55,152,291,662,0,1188
Se15 高血圧性疾患,2019,2,2019-02-01,0,0,0,0,0,0,0,1,2,5,3,14,21,39,73,77,137,189,193,131,39,0,0,0,1,7,17,60,150,689,0,924
Se16 心疾患（高血圧性を除く）,2019,2,2019-02-01,3,2,1,4,7,9,11,33,72,143,229,304,468,913,1277,2020,3100,4266,3873,1932,392,5,5,16,44,215,533,1381,3297,13563,3,19062
Se17 急性心筋梗塞,2019,2,2019-02-01,0,0,0,0,1,1,2,6,15,37,43,71,117,248,305,437,545,624,424,173,20,0,0,2,8,52,114,365,742,1786,0,3069
Se18 その他の虚血性心疾患,2019,2,2019-02-01,0,0,0,0,1,1,2,6,15,38,67,100,137,243,353,510,647,715,450,151,29,0,0,2,8,53,167,380,863,1992,2,3467
Se19 不整脈及び伝導障害,2019,2,2019-02-01,0,0,0,3,2,1,2,7,18,25,37,47,80,151,194,296,472,656,568,241,41,0,3,3,9,43,84,231,490,1978,0,2841
Se20 心不全,2019,2,2019-02-01,0,0,0,0,1,5,2,7,13,25,52,51,92,179,311,580,1093,1794,2013,1142,264,0,0,6,9,38,103,271,891,6306,1,7625
Se21 脳血管疾患,2019,2,2019-02-01,1,2,1,0,1,3,7,23,44,104,132,174,261,489,696,1062,1619,2059,1702,764,138,3,1,4,30,148,306,750,1758,6282,0,9282
Se22 くも膜下出血,2019,2,2019-02-01,0,0,0,0,1,3,3,12,25,37,49,51,57,110,110,142,148,152,94,19,6,0,0,4,15,62,100,167,252,419,0,1019
Se23 脳内出血,2019,2,2019-02-01,0,1,0,0,0,0,4,11,16,58,66,90,142,218,277,387,523,572,365,126,9,1,0,0,15,74,156,360,664,1595,0,2865
Se24 脳梗塞,2019,2,2019-02-01,0,0,0,0,0,0,0,0,2,5,11,22,51,147,283,492,899,1277,1207,592,119,0,0,0,0,7,33,198,775,4094,0,5107
Se25 大動脈瘤及び解離,2019,2,2019-02-01,0,0,0,0,0,1,2,2,5,20,23,51,56,121,194,223,293,329,235,85,5,0,0,1,4,25,74,177,417,947,0,1645
Se26 肺炎,2019,2,2019-02-01,2,0,1,0,1,0,3,3,9,20,28,45,105,225,436,833,1468,2192,2203,970,239,2,1,1,6,29,73,330,1269,7072,0,8783
Se27 慢性閉塞性肺疾患,2019,2,2019-02-01,0,0,0,0,0,0,1,0,1,2,0,8,25,48,131,228,300,393,235,79,7,0,0,0,1,3,8,73,359,1014,0,1458
Se28 喘息,2019,2,2019-02-01,0,0,0,0,0,0,0,1,0,2,2,2,0,5,12,10,32,34,31,12,3,0,0,0,1,2,4,5,22,112,0,146
Se29 肝疾患,2019,2,2019-02-01,1,0,0,1,0,1,6,12,20,67,89,112,139,174,195,180,208,172,84,24,6,1,1,1,18,87,201,313,375,494,0,1491
Se30 腎不全,2019,2,2019-02-01,0,0,0,0,0,0,2,2,2,4,10,15,36,97,136,243,419,589,531,229,35,0,0,0,4,6,25,133,379,1803,0,2350
Se31 老衰,2019,2,2019-02-01,0,0,0,0,0,0,0,0,0,0,0,0,4,19,61,193,793,2009,3320,2436,985,0,0,0,0,0,0,23,254,9543,2,9822
Se32 不慮の事故,2019,2,2019-02-01,14,2,1,5,15,26,19,22,36,46,69,86,122,233,302,501,655,764,522,187,35,16,6,41,41,82,155,355,803,2163,2,3664
Se33 交通事故,2019,2,2019-02-01,0,1,0,4,4,12,3,3,13,13,20,15,16,37,41,42,39,26,15,2,0,1,4,16,6,26,35,53,83,82,0,306
Se34 自殺,2019,2,2019-02-01,0,0,6,56,98,64,87,102,105,169,142,115,110,121,115,83,67,61,22,6,0,0,62,162,189,274,257,231,198,156,2,1531
総数,2019,3,2019-03-01,203,23,38,88,177,179,281,377,666,1176,1666,2221,3547,6823,9960,13776,19321,23977,21086,10091,2478,226,126,356,658,1842,3887,10370,23736,76953,28,118182
Se01 結核,2019,3,2019-03-01,0,0,0,0,0,1,0,0,0,1,2,1,5,7,11,19,29,55,49,9,3,0,0,1,0,1,3,12,30,145,0,192
Se02 悪性新生物＜腫瘍＞,2019,3,2019-03-01,12,5,8,8,11,21,58,94,179,409,581,939,1630,3155,4380,5168,5691,5089,3012,894,108,17,16,32,152,588,1520,4785,9548,14794,2,31454
Se03 食道の悪性新生物＜腫瘍＞,2019,3,2019-03-01,0,0,0,0,0,0,2,0,3,14,14,31,78,141,181,204,152,88,52,8,1,0,0,0,2,17,45,219,385,301,1,970
Se04 胃の悪性新生物＜腫瘍＞,2019,3,2019-03-01,0,0,0,0,0,1,3,5,16,38,48,83,171,349,478,608,714,619,330,105,9,0,0,1,8,54,131,520,1086,1777,0,3577
Se05 結腸の悪性新生物＜腫瘍＞,2019,3,2019-03-01,0,0,0,0,1,1,5,10,15,37,56,93,116,262,380,439,518,495,385,121,16,0,0,2,15,52,149,378,819,1535,0,2950
Se06 直腸Ｓ状結腸移行部及び直腸の悪性新生物＜腫瘍＞,2019,3,2019-03-01,0,0,0,0,0,1,3,10,6,21,31,50,82,185,210,229,215,177,88,39,1,0,0,1,13,27,81,267,439,520,0,1348
Se07 肝及び肝内胆管の悪性新生物＜腫瘍＞,2019,3,2019-03-01,1,0,0,1,1,1,0,3,1,9,27,46,101,186,283,355,480,422,172,46,3,1,1,2,3,10,73,287,638,1123,0,2138
Se08 胆のう及びその他の胆道の悪性新生物＜腫瘍＞,2019,3,2019-03-01,0,0,0,0,0,0,0,5,2,4,4,26,40,113,180,216,313,338,189,73,4,0,0,0,5,6,30,153,396,917,0,1507
Se09 膵の悪性新生物＜腫瘍＞,2019,3,2019-03-01,0,0,0,0,0,1,3,4,9,41,48,90,204,338,474,522,567,397,231,66,7,0,0,1,7,50,138,542,996,1268,0,3002
Se10 気管，気管支及び肺の悪性新生物＜腫瘍＞,2019,3,2019-03-01,0,0,0,0,0,0,2,7,16,50,78,141,315,676,1023,1197,1135,1011,545,160,18,0,0,0,9,66,219,991,2220,2869,0,6374
Se11 乳房の悪性新生物＜腫瘍＞,2019,3,2019-03-01,0,0,0,0,0,2,4,13,39,72,88,96,135,157,145,139,117,107,93,32,10,0,0,2,17,111,184,292,284,359,0,1249
Se12 子宮の悪性新生物＜腫瘍＞,2019,3,2019-03-01,0,0,0,0,0,1,5,11,18,28,45,41,45,64,64,59,67,41,44,8,1,0,0,1,16,46,86,109,123,161,0,542
Se13 白血病,2019,3,2019-03-01,3,0,3,2,3,4,9,2,8,10,19,32,38,94,107,129,134,91,51,10,2,3,5,7,11,18,51,132,236,288,0,751
Se14 糖尿病,2019,3,2019-03-01,0,0,0,0,0,0,1,0,6,11,23,34,38,90,142,178,222,250,163,55,7,0,0,0,1,17,57,128,320,697,0,1220
Se15 高血圧性疾患,2019,3,2019-03-01,0,0,0,0,0,0,1,1,3,8,3,11,26,43,54,65,113,180,198,111,32,0,0,0,2,11,14,69,119,634,0,849
Se16 心疾患（高血圧性を除く）,2019,3,2019-03-01,8,2,1,4,3,8,18,34,61,136,221,271,443,902,1237,1863,2892,4028,3955,1932,420,10,5,11,52,197,492,1345,3100,13227,3,18442
Se17 急性心筋梗塞,2019,3,2019-03-01,0,0,0,0,0,0,1,4,17,36,58,88,97,201,274,395,549,549,437,144,24,0,0,0,5,53,146,298,669,1703,1,2875
Se18 その他の虚血性心疾患,2019,3,2019-03-01,0,0,0,0,0,1,2,10,10,30,53,71,108,243,310,437,550,573,426,168,26,0,0,1,12,40,124,351,747,1743,2,3020
Se19 不整脈及び伝導障害,2019,3,2019-03-01,1,1,0,1,2,2,7,8,19,23,38,41,87,150,197,284,399,661,578,253,38,2,1,4,15,42,79,237,481,1929,0,2790
Se20 心不全,2019,3,2019-03-01,1,0,0,1,0,2,2,11,8,27,49,49,99,214,307,540,1056,1748,2037,1161,302,1,1,2,13,35,98,313,847,6304,0,7614
Se21 脳血管疾患,2019,3,2019-03-01,2,2,2,0,6,3,12,21,59,109,172,185,245,476,696,1031,1677,2059,1818,770,171,4,2,9,33,168,357,721,1727,6495,0,9516
Se22 くも膜下出血,2019,3,2019-03-01,1,2,1,0,3,1,7,8,27,40,64,45,47,76,86,132,152,153,103,38,1,3,1,4,15,67,109,123,218,447,0,987
Se23 脳内出血,2019,3,2019-03-01,0,0,1,0,3,2,4,12,29,52,97,100,136,246,301,366,536,569,405,128,21,0,1,5,16,81,197,382,667,1659,0,3008
Se24 脳梗塞,2019,3,2019-03-01,0,0,0,0,0,0,1,1,2,12,9,33,54,136,285,496,939,1282,1274,586,145,0,0,0,2,14,42,190,781,4226,0,5255
Se25 大動脈瘤及び解離,2019,3,2019-03-01,0,0,0,0,0,1,1,2,15,23,45,37,63,104,202,249,328,389,249,69,9,0,0,1,3,38,82,167,451,1044,0,1786
Se26 肺炎,2019,3,2019-03-01,6,0,1,0,1,1,1,5,9,12,33,33,87,193,426,795,1374,2086,2030,924,193,6,1,2,6,21,66,280,1221,6607,2,8212
Se27 慢性閉塞性肺疾患,2019,3,2019-03-01,0,0,0,0,0,0,0,1,1,1,4,11,22,70,128,235,319,391,275,70,10,0,0,0,1,2,15,92,363,1065,0,1538
Se28 喘息,2019,3,2019-03-01,0,0,0,0,0,0,0,1,0,2,3,2,2,8,4,18,23,26,30,12,7,0,0,0,1,2,5,10,22,98,0,138
Se29 肝疾患,2019,3,2019-03-01,0,1,0,0,0,0,5,9,32,53,74,116,123,189,194,213,198,191,98,27,4,1,0,0,14,85,190,312,407,518,2,1529
Se30 腎不全,2019,3,2019-03-01,1,0,0,0,1,0,1,1,5,8,14,19,26,76,147,244,435,662,510,227,37,1,0,1,2,13,33,102,391,1871,0,2414
Se31 老衰,2019,3,2019-03-01,0,0,0,0,0,0,0,0,0,0,0,0,3,12,72,228,835,2079,3389,2588,995,0,0,0,0,0,0,15,300,9886,0,10201
Se32 不慮の事故,2019,3,2019-03-01,10,1,3,19,20,17,26,22,45,62,63,79,107,209,304,430,568,684,499,194,39,11,22,37,48,107,142,316,734,1984,0,3401
Se33 交通事故,2019,3,2019-03-01,1,0,2,9,14,8,5,8,13,20,22,18,13,31,39,46,44,34,14,2,0,1,11,22,13,33,40,44,85,94,0,343
Se34 自殺,2019,3,2019-03-01,0,0,8,42,103,94,104,120,131,159,173,154,138,137,124,127,79,70,21,2,0,0,50,197,224,290,327,275,251,172,2,1788
総数,2019,4,2019-04-01,182,34,45,108,186,170,254,339,606,1122,1602,2201,3349,6594,9414,13350,18029,22639,19891,9451,2300,216,153,356,593,1728,3803,9943,22764,72310,28,111894
Se01 結核,2019,4,2019-04-01,0,0,0,0,0,0,0,0,1,1,1,1,2,6,11,16,24,45,52,15,0,0,0,0,0,2,2,8,27,136,0,175
Se02 悪性新生物＜腫瘍＞,2019,4,2019-04-01,3,11,8,7,11,17,41,84,189,372,582,966,1567,3120,4226,5057,5347,4924,2901,807,104,14,15,28,125,561,1548,4687,9283,14083,0,30344
Se03 食道の悪性新生物＜腫瘍＞,2019,4,2019-04-01,0,0,0,0,0,0,0,1,3,9,16,37,64,136,172,182,150,109,50,12,1,0,0,0,1,12,53,200,354,322,0,942
Se04 胃の悪性新生物＜腫瘍＞,2019,4,2019-04-01,0,0,0,0,1,2,8,13,24,30,52,88,157,345,498,569,667,647,346,101,11,0,0,3,21,54,140,502,1067,1772,0,3559
Se05 結腸の悪性新生物＜腫瘍＞,2019,4,2019-04-01,0,0,0,0,1,1,1,4,16,37,68,81,151,271,340,463,479,454,368,106,15,0,0,2,5,53,149,422,803,1422,0,2856
Se06 直腸Ｓ状結腸移行部及び直腸の悪性新生物＜腫瘍＞,2019,4,2019-04-01,0,0,0,0,0,0,1,1,10,23,48,54,84,154,217,222,155,150,103,31,2,0,0,0,2,33,102,238,439,441,0,1255
Se07 肝及び肝内胆管の悪性新生物＜腫瘍＞,2019,4,2019-04-01,0,0,0,0,0,0,0,4,5,17,20,40,97,194,276,362,420,398,168,56,5,0,0,0,4,22,60,291,638,1047,0,2062
Se08 胆のう及びその他の胆道の悪性新生物＜腫瘍＞,2019,4,2019-04-01,0,0,0,0,0,0,1,1,4,7,18,22,49,122,154,230,272,305,231,43,7,0,0,0,2,11,40,171,384,858,0,1466
Se09 膵の悪性新生物＜腫瘍＞,2019,4,2019-04-01,0,0,0,0,0,1,0,6,16,23,59,102,155,340,468,547,499,464,205,67,6,0,0,1,6,39,161,495,1015,1241,0,2958
Se10 気管，気管支及び肺の悪性新生物＜腫瘍＞,2019,4,2019-04-01,0,0,0,0,0,2,2,6,14,28,73,152,294,669,953,1067,1149,950,508,130,11,0,0,2,8,42,225,963,2020,2748,0,6008
Se11 乳房の悪性新生物＜腫瘍＞,2019,4,2019-04-01,0,0,0,0,0,1,6,9,19,69,65,115,122,142,150,128,123,115,89,33,9,0,0,1,15,88,180,264,278,369,0,1195
Se12 子宮の悪性新生物＜腫瘍＞,2019,4,2019-04-01,0,0,0,1,0,3,2,7,17,25,40,54,56,76,52,58,57,50,37,14,3,0,1,3,9,42,94,132,110,161,0,552
Se13 白血病,2019,4,2019-04-01,1,4,1,2,0,2,3,6,11,7,17,26,40,66,106,124,118,95,49,11,3,5,3,2,9,18,43,106,230,276,0,692
Se14 糖尿病,2019,4,2019-04-01,0,0,0,0,0,0,1,3,1,13,13,34,31,78,134,173,219,236,183,60,9,0,0,0,4,14,47,109,307,707,0,1188
Se15 高血圧性疾患,2019,4,2019-04-01,0,0,0,0,0,0,0,0,6,6,8,14,16,29,35,70,95,163,196,95,33,0,0,0,0,12,22,45,105,582,0,766
Se16 心疾患（高血圧性を除く）,2019,4,2019-04-01,4,2,5,4,10,10,17,30,72,133,222,275,418,799,1145,1731,2651,3883,3645,1829,400,6,9,20,47,205,497,1217,2876,12408,3,17288
Se17 急性心筋梗塞,2019,4,2019-04-01,1,0,0,0,2,2,2,3,13,27,58,67,105,206,250,376,469,544,380,137,11,1,0,4,5,40,125,311,626,1541,1,2654
Se18 その他の虚血性心疾患,2019,4,2019-04-01,0,0,0,0,0,1,3,6,20,40,67,76,112,205,283,386,478,579,374,154,24,0,0,1,9,60,143,317,669,1609,1,2809
Se19 不整脈及び伝導障害,2019,4,2019-04-01,0,0,3,1,3,5,6,7,17,20,36,39,61,122,199,269,414,597,528,248,45,0,4,8,13,37,75,183,468,1832,1,2621
Se20 心不全,2019,4,2019-04-01,1,1,0,0,4,1,3,7,11,27,37,51,90,173,296,506,993,1705,1926,1115,284,2,0,5,10,38,88,263,802,6023,0,7231
Se21 脳血管疾患,2019,4,2019-04-01,0,2,0,1,0,4,15,23,48,111,151,171,256,435,666,1014,1525,1910,1542,724,123,2,1,4,38,159,322,691,1680,5824,1,8722
Se22 くも膜下出血,2019,4,2019-04-01,0,1,0,0,0,3,6,9,18,51,55,53,62,91,101,131,142,145,82,25,2,1,0,3,15,69,108,153,232,396,0,977
Se23 脳内出血,2019,4,2019-04-01,0,1,0,1,0,1,6,14,26,53,77,97,136,204,289,349,523,530,330,127,14,1,1,1,20,79,174,340,638,1524,0,2778
Se24 脳梗塞,2019,4,2019-04-01,0,0,0,0,0,0,2,0,3,6,13,18,49,125,261,508,820,1195,1102,548,102,0,0,0,2,9,31,174,769,3767,1,4753
Se25 大動脈瘤及び解離,2019,4,2019-04-01,0,0,0,0,0,0,1,4,10,19,25,41,55,112,165,235,296,312,223,88,9,0,0,0,5,29,66,167,400,928,0,1595
Se26 肺炎,2019,4,2019-04-01,2,0,0,0,0,3,4,1,7,7,29,44,71,195,368,740,1277,1987,1952,890,212,2,0,3,5,14,73,266,1108,6318,2,7791
Se27 慢性閉塞性肺疾患,2019,4,2019-04-01,0,0,0,0,0,0,0,0,0,1,3,5,13,58,107,223,301,403,279,67,12,0,0,0,0,1,8,71,330,1062,0,1472
Se28 喘息,2019,4,2019-04-01,0,0,0,0,0,0,1,1,1,1,4,1,3,4,9,8,19,27,38,15,4,0,0,0,2,2,5,7,17,103,0,136
Se29 肝疾患,2019,4,2019-04-01,1,0,0,0,0,1,8,9,26,55,86,100,111,176,168,172,197,150,83,36,5,1,0,1,17,81,186,287,340,471,0,1384
Se30 腎不全,2019,4,2019-04-01,1,0,0,0,0,1,0,0,5,7,10,18,30,74,138,248,405,513,502,196,32,1,0,1,0,12,28,104,386,1648,0,2180
Se31 老衰,2019,4,2019-04-01,0,0,0,0,0,0,0,0,0,0,0,0,0,11,67,225,763,1963,3136,2481,911,0,0,0,0,0,0,11,292,9254,0,9557
Se32 不慮の事故,2019,4,2019-04-01,11,5,9,17,31,15,12,29,27,54,62,94,96,185,257,418,555,627,462,154,47,16,26,46,41,81,156,281,675,1845,5,3172
Se33 交通事故,2019,4,2019-04-01,2,1,2,13,15,8,4,11,13,25,21,23,18,23,34,37,47,29,9,1,0,3,15,23,15,38,44,41,71,86,0,336
Se34 自殺,2019,4,2019-04-01,0,0,10,58,95,96,104,89,109,158,153,133,117,127,140,108,102,49,26,5,0,0,68,191,193,267,286,244,248,182,3,1682
総数,2019,5,2019-05-01,191,30,31,103,174,169,267,388,724,1218,1593,2241,3445,6482,9627,13172,17757,22234,19588,9263,2373,221,134,343,655,1942,3834,9927,22799,71215,49,111119
Se01 結核,2019,5,2019-05-01,0,0,0,0,0,0,0,0,1,2,0,1,1,4,3,19,21,53,42,9,3,0,0,0,0,3,1,5,22,128,1,160
Se02 悪性新生物＜腫瘍＞,2019,5,2019-05-01,3,5,6,9,15,26,50,104,206,424,624,957,1650,3163,4365,5109,5550,5119,2962,866,108,8,15,41,154,630,1581,4813,9474,14605,1,31322
Se03 食道の悪性新生物＜腫瘍＞,2019,5,2019-05-01,0,0,0,0,1,0,0,3,2,16,21,47,86,127,165,189,148,92,49,7,0,0,0,1,3,18,68,213,354,296,0,953
Se04 胃の悪性新生物＜腫瘍＞,2019,5,2019-05-01,0,0,0,0,0,2,4,12,19,42,53,102,175,336,487,570,625,620,343,103,9,0,0,2,16,61,155,511,1057,1700,0,3502
Se05 結腸の悪性新生物＜腫瘍＞,2019,5,2019-05-01,0,0,0,0,0,3,4,9,19,32,43,94,143,264,355,455,538,515,367,125,13,0,0,3,13,51,137,407,810,1558,0,2979
Se06 直腸Ｓ状結腸移行部及び直腸の悪性新生物＜腫瘍＞,2019,5,2019-05-01,0,0,0,0,0,2,2,7,9,18,34,51,87,184,216,195,172,157,109,34,3,0,0,2,9,27,85,271,411,475,0,1280
Se07 肝及び肝内胆管の悪性新生物＜腫瘍＞,2019,5,2019-05-01,1,0,0,0,0,2,0,2,6,12,27,56,105,226,297,395,435,413,174,46,4,1,0,2,2,18,83,331,692,1072,1,2202
Se08 胆のう及びその他の胆道の悪性新生物＜腫瘍＞,2019,5,2019-05-01,0,0,0,0,0,0,0,1,3,5,14,27,45,96,156,234,313,274,189,71,12,0,0,0,1,8,41,141,390,859,0,1440
Se09 膵の悪性新生物＜腫瘍＞,2019,5,2019-05-01,0,0,0,0,0,0,1,5,13,35,57,95,161,320,498,522,520,444,227,71,8,0,0,0,6,48,152,481,1020,1270,0,2977
Se10 気管，気管支及び肺の悪性新生物＜腫瘍＞,2019,5,2019-05-01,0,0,0,0,0,1,5,1,17,46,65,142,311,678,998,1164,1145,1049,537,139,17,0,0,1,6,63,207,989,2162,2887,0,6315
Se11 乳房の悪性新生物＜腫瘍＞,2019,5,2019-05-01,0,0,0,0,0,1,9,21,34,65,112,97,103,157,147,126,134,108,86,30,6,0,0,1,30,99,209,260,273,364,0,1236
Se12 子宮の悪性新生物＜腫瘍＞,2019,5,2019-05-01,0,0,0,0,0,2,8,8,18,47,39,39,47,60,63,67,69,53,37,9,1,0,0,2,16,65,78,107,130,169,0,567
Se13 白血病,2019,5,2019-05-01,1,2,2,1,3,1,3,4,8,15,15,29,42,66,111,109,145,112,55,11,3,3,3,4,7,23,44,108,220,326,0,738
Se14 糖尿病,2019,5,2019-05-01,0,0,0,0,1,0,1,1,9,15,22,30,56,79,134,159,199,218,167,59,6,0,0,1,2,24,52,135,293,649,0,1156
Se15 高血圧性疾患,2019,5,2019-05-01,0,0,0,0,0,0,0,1,0,8,3,19,17,36,47,67,82,138,170,93,34,0,0,0,1,8,22,53,114,517,1,716
Se16 心疾患（高血圧性を除く）,2019,5,2019-05-01,7,2,1,2,5,11,19,37,76,137,191,271,410,726,1132,1621,2523,3507,3480,1735,376,9,3,16,56,213,462,1136,2753,11621,9,16278
Se17 急性心筋梗塞,2019,5,2019-05-01,0,0,0,0,0,0,1,13,17,24,49,67,90,175,263,322,424,438,345,137,8,0,0,0,14,41,116,265,585,1352,0,2373
Se18 その他の虚血性心疾患,2019,5,2019-05-01,0,0,0,0,1,0,2,6,12,38,57,68,141,191,288,371,476,497,399,120,26,0,0,1,8,50,125,332,659,1518,5,2698
Se19 不整脈及び伝導障害,2019,5,2019-05-01,2,0,0,2,2,7,6,7,24,27,33,52,66,97,164,244,385,519,525,246,41,2,2,9,13,51,85,163,408,1716,3,2452
Se20 心不全,2019,5,2019-05-01,2,0,0,0,2,0,2,3,13,25,32,52,75,162,286,497,953,1630,1783,1034,270,2,0,2,5,38,84,237,783,5670,1,6822
Se21 脳血管疾患,2019,5,2019-05-01,1,0,1,1,3,0,8,21,63,125,122,172,241,375,639,1055,1391,1933,1583,688,163,1,2,3,29,188,294,616,1694,5758,1,8586
Se22 くも膜下出血,2019,5,2019-05-01,0,0,1,1,2,0,5,11,26,48,44,50,64,69,86,130,126,152,68,26,9,0,2,2,16,74,94,133,216,381,0,918
Se23 脳内出血,2019,5,2019-05-01,1,0,0,0,1,0,3,9,31,65,64,94,127,176,271,390,430,510,340,102,15,1,0,1,12,96,158,303,661,1397,1,2630
Se24 脳梗塞,2019,5,2019-05-01,0,0,0,0,0,0,0,0,5,9,10,27,42,117,268,503,797,1230,1131,542,134,0,0,0,0,14,37,159,771,3834,0,4815
Se25 大動脈瘤及び解離,2019,5,2019-05-01,0,0,0,0,0,0,1,3,8,22,25,33,44,92,127,179,266,314,201,69,16,0,0,0,4,30,58,136,306,866,0,1400
Se26 肺炎,2019,5,2019-05-01,4,0,0,1,0,1,2,5,10,14,22,27,84,179,381,727,1327,2050,1983,898,230,4,1,1,7,24,49,263,1108,6488,2,7947
Se27 慢性閉塞性肺疾患,2019,5,2019-05-01,0,0,0,0,0,0,1,0,0,1,2,11,14,66,123,228,312,389,262,68,8,0,0,0,1,1,13,80,351,1039,0,1485
Se28 喘息,2019,5,2019-05-01,0,0,0,0,0,0,1,1,2,1,0,1,2,4,5,14,16,22,27,15,4,0,0,0,2,3,1,6,19,84,0,115
Se29 肝疾患,2019,5,2019-05-01,1,0,0,0,0,5,3,14,29,63,77,115,111,149,175,212,187,157,73,21,3,1,0,5,17,92,192,260,387,441,1,1396
Se30 腎不全,2019,5,2019-05-01,0,0,0,0,0,0,1,1,1,5,9,23,36,78,128,207,337,544,478,216,49,0,0,0,2,6,32,114,335,1624,0,2113
Se31 老衰,2019,5,2019-05-01,0,0,0,0,0,0,0,0,0,0,0,0,2,24,68,221,763,1849,3144,2311,942,0,0,0,0,0,0,26,289,9009,0,9324
Se32 不慮の事故,2019,5,2019-05-01,9,7,6,12,25,16,24,20,30,54,48,73,97,168,242,340,459,568,420,185,40,16,18,41,44,84,121,265,582,1672,2,2845
Se33 交通事故,2019,5,2019-05-01,3,4,1,7,18,8,7,8,8,20,14,19,26,26,20,53,42,22,2,1,0,7,8,26,15,28,33,52,73,67,0,309
Se34 自殺,2019,5,2019-05-01,0,0,7,55,89,75,111,127,150,147,185,123,131,137,176,116,89,52,28,3,1,0,62,164,238,297,308,268,292,173,7,1809
総数,2019,6,2019-06-01,189,17,28,94,161,161,234,358,633,1083,1512,2042,3191,6105,8721,11973,16204,20315,17666,8477,2182,206,122,322,592,1716,3554,9296,20694,64844,40,101386
Se01 結核,2019,6,2019-06-01,0,0,0,0,0,0,0,0,0,0,1,2,5,5,11,15,17,48,34,18,2,0,0,0,0,0,3,10,26,119,0,158
Se02 悪性新生物＜腫瘍＞,2019,6,2019-06-01,4,4,9,11,17,23,40,87,192,360,599,941,1556,3111,4220,4948,5370,4870,2882,804,97,8,20,40,127,552,1540,4667,9168,14023,1,30146
Se03 食道の悪性新生物＜腫瘍＞,2019,6,2019-06-01,0,0,0,0,0,0,1,1,4,11,15,34,62,115,157,177,144,89,37,9,0,0,0,0,2,15,49,177,334,279,0,856
Se04 胃の悪性新生物＜腫瘍＞,2019,6,2019-06-01,0,0,0,1,1,3,4,7,20,32,50,99,186,376,490,535,644,562,381,106,7,0,1,4,11,52,149,562,1025,1700,0,3504
Se05 結腸の悪性新生物＜腫瘍＞,2019,6,2019-06-01,0,0,0,0,0,3,4,7,20,29,58,73,122,273,348,403,508,474,366,130,23,0,0,3,11,49,131,395,751,1501,0,2841
Se06 直腸Ｓ状結腸移行部及び直腸の悪性新生物＜腫瘍＞,2019,6,2019-06-01,0,0,0,0,0,1,1,5,12,21,44,65,100,162,210,200,185,143,91,16,6,0,0,1,6,33,109,262,410,441,0,1262
Se07 肝及び肝内胆管の悪性新生物＜腫瘍＞,2019,6,2019-06-01,0,0,0,0,0,0,0,2,10,15,21,39,79,217,291,369,425,371,180,42,4,0,0,0,2,25,60,296,660,1022,0,2065
Se08 胆のう及びその他の胆道の悪性新生物＜腫瘍＞,2019,6,2019-06-01,0,0,0,0,0,1,0,0,2,5,12,23,48,109,155,207,286,303,186,72,7,0,0,1,0,7,35,157,362,854,0,1416
Se09 膵の悪性新生物＜腫瘍＞,2019,6,2019-06-01,0,0,0,0,1,0,1,7,8,32,63,78,151,320,461,544,491,484,241,76,5,0,0,1,8,40,141,471,1005,1297,0,2963
Se10 気管，気管支及び肺の悪性新生物＜腫瘍＞,2019,6,2019-06-01,0,0,0,0,0,0,2,3,8,34,73,143,297,634,976,1196,1067,990,527,118,11,0,0,0,5,42,216,931,2172,2713,0,6079
Se11 乳房の悪性新生物＜腫瘍＞,2019,6,2019-06-01,0,0,0,0,0,1,3,13,27,49,87,115,106,167,141,121,125,97,74,29,7,0,0,1,16,76,202,273,262,332,0,1162
Se12 子宮の悪性新生物＜腫瘍＞,2019,6,2019-06-01,0,0,0,0,1,0,5,14,21,34,32,55,52,61,54,58,72,52,35,6,1,0,0,1,19,55,87,113,112,166,0,553
Se13 白血病,2019,6,2019-06-01,1,1,4,4,3,6,1,7,9,10,14,14,47,72,90,120,162,95,40,7,2,2,8,9,8,19,28,119,210,306,0,709
Se14 糖尿病,2019,6,2019-06-01,0,0,0,0,0,1,1,3,5,15,17,26,35,78,100,135,166,197,122,43,6,0,0,1,4,20,43,113,235,534,0,950
Se15 高血圧性疾患,2019,6,2019-06-01,0,0,0,0,0,0,1,0,0,3,8,12,19,41,29,47,76,112,146,91,31,0,0,0,1,3,20,60,76,456,0,616
Se16 心疾患（高血圧性を除く）,2019,6,2019-06-01,4,1,0,4,5,7,20,27,70,145,167,230,363,650,919,1416,2098,3103,3108,1548,364,5,4,12,47,215,397,1013,2335,10221,3,14252
Se17 急性心筋梗塞,2019,6,2019-06-01,0,0,0,0,0,1,1,5,15,44,38,68,111,159,189,279,344,401,284,125,18,0,0,1,6,59,106,270,468,1172,0,2082
Se18 その他の虚血性心疾患,2019,6,2019-06-01,0,0,0,0,1,2,3,9,17,39,44,70,94,156,218,304,378,432,302,126,21,0,0,3,12,56,114,250,522,1259,0,2216
Se19 不整脈及び伝導障害,2019,6,2019-06-01,1,0,0,3,0,0,5,9,16,30,30,36,49,101,148,212,308,468,446,191,45,1,3,0,14,46,66,150,360,1458,0,2098
Se20 心不全,2019,6,2019-06-01,0,0,0,1,1,2,6,2,14,20,35,34,69,159,253,442,820,1426,1711,931,257,0,1,3,8,34,69,228,695,5145,3,6186
Se21 脳血管疾患,2019,6,2019-06-01,0,0,2,0,1,2,11,26,46,94,124,126,193,357,618,891,1340,1718,1433,639,135,0,2,3,37,140,250,550,1509,5265,0,7756
Se22 くも膜下出血,2019,6,2019-06-01,0,0,0,0,1,2,4,13,21,35,42,42,59,74,105,99,112,128,93,19,1,0,0,3,17,56,84,133,204,353,0,850
Se23 脳内出血,2019,6,2019-06-01,0,0,2,0,0,0,6,12,23,45,69,61,93,168,256,317,451,466,311,98,15,0,2,0,18,68,130,261,573,1341,0,2393
Se24 脳梗塞,2019,6,2019-06-01,0,0,0,0,0,0,0,1,0,13,10,21,40,106,241,449,746,1084,990,510,116,0,0,0,1,13,31,146,690,3446,0,4327
Se25 大動脈瘤及び解離,2019,6,2019-06-01,0,0,0,0,0,0,0,7,5,16,29,28,39,82,134,167,217,300,196,47,19,0,0,0,7,21,57,121,301,779,0,1286
Se26 肺炎,2019,6,2019-06-01,5,0,1,3,0,1,2,1,4,11,20,31,70,179,303,613,1057,1691,1559,777,167,5,4,1,3,15,51,249,916,5251,1,6496
Se27 慢性閉塞性肺疾患,2019,6,2019-06-01,0,0,0,0,1,0,0,0,1,0,3,5,15,61,106,226,274,334,221,61,9,0,0,1,0,1,8,76,332,899,0,1317
Se28 喘息,2019,6,2019-06-01,0,0,0,0,0,0,0,0,0,1,1,0,3,5,7,9,16,25,20,10,2,0,0,0,0,1,1,8,16,73,0,99
Se29 肝疾患,2019,6,2019-06-01,0,0,2,0,1,0,8,13,29,57,84,96,103,133,166,173,152,138,74,24,4,0,2,1,21,86,180,236,339,392,0,1257
Se30 腎不全,2019,6,2019-06-01,0,0,0,0,0,0,0,0,2,6,6,12,25,56,122,199,339,495,485,189,33,0,0,0,0,8,18,81,321,1541,1,1970
Se31 老衰,2019,6,2019-06-01,0,0,0,0,0,0,0,0,0,0,0,0,4,9,57,213,732,1831,2870,2299,892,0,0,0,0,0,0,13,270,8624,0,8907
Se32 不慮の事故,2019,6,2019-06-01,15,1,1,11,26,15,18,20,23,32,61,54,96,149,190,270,396,447,367,142,35,16,12,41,38,55,115,245,460,1387,0,2369
Se33 交通事故,2019,6,2019-06-01,4,0,0,5,19,9,10,6,5,12,19,13,20,23,29,31,36,23,10,0,0,4,5,28,16,17,32,43,60,69,0,274
Se34 自殺,2019,6,2019-06-01,0,0,6,46,89,74,85,105,137,159,150,131,93,121,109,98,99,57,24,6,0,0,52,163,190,296,281,214,207,186,3,1592
総数,2019,7,2019-07-01,198,31,38,87,179,196,249,391,626,1084,1560,2218,3407,6038,9228,12658,16895,21031,18691,8652,2139,229,125,375,640,1710,3778,9445,21886,67408,59,105655
Se01 結核,2019,7,2019-07-01,0,0,0,0,0,0,0,0,0,0,1,3,1,3,6,12,28,48,48,13,0,0,0,0,0,0,4,4,18,137,0,163
Se02 悪性新生物＜腫瘍＞,2019,7,2019-07-01,8,10,8,9,8,18,51,88,178,378,614,986,1682,3033,4385,5243,5530,5018,3116,824,91,18,17,26,139,556,1600,4715,9628,14579,2,31280
Se03 食道の悪性新生物＜腫瘍＞,2019,7,2019-07-01,0,0,0,0,0,0,0,1,7,7,19,37,60,156,188,185,154,130,55,10,1,0,0,0,1,14,56,216,373,350,0,1010
Se04 胃の悪性新生物＜腫瘍＞,2019,7,2019-07-01,0,0,0,0,0,1,7,11,11,37,57,97,166,325,480,594,645,599,395,116,10,0,0,1,18,48,154,491,1074,1765,0,3551
Se05 結腸の悪性新生物＜腫瘍＞,2019,7,2019-07-01,0,0,0,0,0,1,4,12,17,31,68,86,121,294,370,409,532,494,413,125,13,0,0,1,16,48,154,415,779,1577,0,2990
Se06 直腸Ｓ状結腸移行部及び直腸の悪性新生物＜腫瘍＞,2019,7,2019-07-01,0,0,0,0,0,0,3,1,9,29,31,61,106,184,218,237,200,157,100,28,4,0,0,0,4,38,92,290,455,489,0,1368
Se07 肝及び肝内胆管の悪性新生物＜腫瘍＞,2019,7,2019-07-01,1,2,0,0,1,1,1,1,5,14,24,62,123,202,268,372,424,381,203,37,2,3,0,2,2,19,86,325,640,1047,0,2124
Se08 胆のう及びその他の胆道の悪性新生物＜腫瘍＞,2019,7,2019-07-01,0,0,0,0,0,1,2,1,4,5,13,21,52,104,158,231,278,297,205,52,15,0,0,1,3,9,34,156,389,847,0,1439
Se09 膵の悪性新生物＜腫瘍＞,2019,7,2019-07-01,0,0,0,0,0,0,3,7,13,30,46,107,187,297,478,540,560,463,239,67,4,0,0,0,10,43,153,484,1018,1333,0,3041
Se10 気管，気管支及び肺の悪性新生物＜腫瘍＞,2019,7,2019-07-01,0,0,0,0,0,0,2,3,17,32,90,143,310,678,1020,1257,1183,984,531,129,16,0,0,0,5,49,233,988,2277,2843,2,6397
Se11 乳房の悪性新生物＜腫瘍＞,2019,7,2019-07-01,0,0,0,0,0,1,3,9,27,58,84,101,131,135,177,141,130,110,74,38,3,0,0,1,12,85,185,266,318,355,0,1222
Se12 子宮の悪性新生物＜腫瘍＞,2019,7,2019-07-01,0,0,0,0,0,2,8,13,21,37,42,48,54,57,70,59,63,47,29,6,4,0,0,2,21,58,90,111,129,149,0,560
Se13 白血病,2019,7,2019-07-01,4,1,3,2,3,2,4,3,6,13,13,23,33,82,102,145,137,105,54,11,0,5,5,5,7,19,36,115,247,307,0,746
Se14 糖尿病,2019,7,2019-07-01,0,0,0,0,0,0,0,3,6,11,20,29,49,84,116,162,184,179,131,71,9,0,0,0,3,17,49,133,278,574,0,1054
Se15 高血圧性疾患,2019,7,2019-07-01,0,0,0,0,0,0,0,0,1,6,8,10,23,24,51,69,77,117,153,94,21,0,0,0,0,7,18,47,120,462,0,654
Se16 心疾患（高血圧性を除く）,2019,7,2019-07-01,8,0,0,2,10,7,11,28,68,106,189,257,377,668,1074,1446,2190,3221,3158,1463,313,8,2,17,39,174,446,1045,2520,10345,4,14600
Se17 急性心筋梗塞,2019,7,2019-07-01,0,0,0,0,0,0,1,6,16,30,53,63,96,160,250,254,372,455,281,103,14,0,0,0,7,46,116,256,504,1225,1,2155
Se18 その他の虚血性心疾患,2019,7,2019-07-01,0,0,0,0,1,1,2,4,16,33,55,74,107,182,287,346,363,429,344,109,26,0,0,2,6,49,129,289,633,1271,0,2379
Se19 不整脈及び伝導障害,2019,7,2019-07-01,2,0,0,0,4,2,5,10,10,20,28,47,63,106,167,236,334,463,454,199,31,2,0,6,15,30,75,169,403,1481,2,2183
Se20 心不全,2019,7,2019-07-01,2,0,0,1,2,2,2,4,13,12,33,44,65,147,256,447,866,1475,1683,896,207,2,1,4,6,25,77,212,703,5127,1,6158
Se21 脳血管疾患,2019,7,2019-07-01,0,0,2,4,4,3,8,17,48,102,111,144,205,353,577,910,1368,1754,1522,683,123,0,6,7,25,150,255,558,1487,5450,0,7938
Se22 くも膜下出血,2019,7,2019-07-01,0,0,2,1,2,1,5,7,26,44,43,42,50,65,95,112,126,122,81,17,7,0,3,3,12,70,85,115,207,353,0,848
Se23 脳内出血,2019,7,2019-07-01,0,0,0,3,1,2,3,9,22,45,58,76,104,170,235,306,431,477,292,106,12,0,3,3,12,67,134,274,541,1318,0,2352
Se24 脳梗塞,2019,7,2019-07-01,0,0,0,0,1,0,0,0,0,10,9,23,45,110,240,469,783,1125,1112,544,101,0,0,1,0,10,32,155,709,3665,0,4572
Se25 大動脈瘤及び解離,2019,7,2019-07-01,0,0,0,0,1,1,0,3,9,24,21,29,42,87,118,158,234,265,213,59,4,0,0,2,3,33,50,129,276,775,0,1268
Se26 肺炎,2019,7,2019-07-01,3,0,0,1,0,0,2,3,5,7,19,30,74,168,315,641,1156,1791,1724,786,177,3,1,0,5,12,49,242,956,5634,1,6903
Se27 慢性閉塞性肺疾患,2019,7,2019-07-01,0,0,0,0,0,0,1,0,1,3,2,13,22,59,128,236,292,319,226,69,12,0,0,0,1,4,15,81,364,918,0,1383
Se28 喘息,2019,7,2019-07-01,0,0,0,0,0,0,0,0,1,3,0,1,3,5,9,9,11,19,26,12,3,0,0,0,0,4,1,8,18,71,0,102
Se29 肝疾患,2019,7,2019-07-01,0,1,0,0,1,1,5,11,24,61,76,89,125,146,141,178,197,172,92,18,0,1,0,2,16,85,165,271,319,479,1,1339
Se30 腎不全,2019,7,2019-07-01,0,0,0,0,0,0,0,0,3,6,15,19,29,59,145,211,341,511,455,181,17,0,0,0,0,9,34,88,356,1505,0,1992
Se31 老衰,2019,7,2019-07-01,0,0,0,0,0,0,0,0,0,0,0,0,3,17,64,232,766,1963,3159,2326,941,0,0,0,0,0,0,20,296,9155,0,9471
Se32 不慮の事故,2019,7,2019-07-01,12,4,7,14,27,16,25,35,40,53,56,74,81,144,241,290,385,451,380,165,35,16,21,43,60,93,130,225,531,1416,4,2539
Se33 交通事故,2019,7,2019-07-01,2,3,2,9,15,6,13,16,14,19,19,19,11,28,34,38,34,25,10,1,0,5,11,21,29,33,38,39,72,70,0,318
Se34 自殺,2019,7,2019-07-01,0,0,9,37,89,105,90,129,121,138,148,140,138,134,124,126,87,72,29,1,0,0,46,194,219,259,288,272,250,189,2,1719
総数,2019,8,2019-08-01,169,35,42,112,173,181,221,399,627,1156,1673,2383,3573,6489,9764,13201,17516,22098,19279,9127,2206,204,154,354,620,1783,4056,10062,22965,70226,51,110475
Se01 結核,2019,8,2019-08-01,0,0,0,0,0,0,0,0,1,0,1,0,3,7,7,17,31,38,41,23,0,0,0,0,0,1,1,10,24,133,1,170
Se02 悪性新生物＜腫瘍＞,2019,8,2019-08-01,7,9,11,13,10,24,31,112,176,393,638,981,1651,3050,4511,5307,5566,5109,3155,898,95,16,24,34,143,569,1619,4701,9818,14823,0,31747
Se03 食道の悪性新生物＜腫瘍＞,2019,8,2019-08-01,0,0,0,0,0,0,1,2,4,8,14,32,76,143,175,201,149,95,53,9,0,0,0,0,3,12,46,219,376,306,0,962
Se04 胃の悪性新生物＜腫瘍＞,2019,8,2019-08-01,0,0,1,0,1,3,5,9,26,39,56,87,191,341,527,600,658,639,418,120,13,0,1,4,14,65,143,532,1127,1848,0,3734
Se05 結腸の悪性新生物＜腫瘍＞,2019,8,2019-08-01,0,0,0,0,0,1,0,7,12,43,58,91,153,288,374,390,497,536,394,141,12,0,0,1,7,55,149,441,764,1580,0,2997
Se06 直腸Ｓ状結腸移行部及び直腸の悪性新生物＜腫瘍＞,2019,8,2019-08-01,0,0,0,0,0,0,1,8,9,23,39,60,109,185,227,218,196,157,97,34,2,0,0,0,9,32,99,294,445,486,0,1365
Se07 肝及び肝内胆管の悪性新生物＜腫瘍＞,2019,8,2019-08-01,1,0,0,0,0,0,0,3,6,6,18,46,114,218,296,364,392,369,174,47,4,1,0,0,3,12,64,332,660,986,0,2058
Se08 胆のう及びその他の胆道の悪性新生物＜腫瘍＞,2019,8,2019-08-01,0,0,0,0,0,0,0,2,2,4,16,27,50,98,167,231,314,318,207,65,6,0,0,0,2,6,43,148,398,910,0,1507
Se09 膵の悪性新生物＜腫瘍＞,2019,8,2019-08-01,0,0,0,0,0,1,1,8,6,35,65,98,188,292,504,550,564,436,239,65,12,0,0,1,9,41,163,480,1054,1316,0,3064
Se10 気管，気管支及び肺の悪性新生物＜腫瘍＞,2019,8,2019-08-01,0,0,0,0,0,1,1,5,20,47,75,157,259,632,1037,1276,1160,967,579,132,17,0,0,1,6,67,232,891,2313,2855,0,6365
Se11 乳房の悪性新生物＜腫瘍＞,2019,8,2019-08-01,0,0,0,0,0,2,5,21,26,51,101,101,108,166,156,161,113,95,108,24,6,0,0,2,26,77,202,274,317,346,0,1244
Se12 子宮の悪性新生物＜腫瘍＞,2019,8,2019-08-01,0,0,0,0,0,1,2,12,15,33,57,52,53,63,76,67,59,50,35,10,2,0,0,1,14,48,109,116,143,156,0,587
Se13 白血病,2019,8,2019-08-01,3,2,2,1,2,8,5,6,11,17,14,22,39,60,116,131,136,107,45,12,0,5,3,10,11,28,36,99,247,300,0,739
Se14 糖尿病,2019,8,2019-08-01,0,0,0,1,0,1,1,2,4,12,21,30,40,114,132,152,199,219,147,56,7,0,1,1,3,16,51,154,284,628,0,1138
Se15 高血圧性疾患,2019,8,2019-08-01,0,0,0,0,0,0,0,0,0,8,9,14,17,36,50,68,106,146,172,104,30,0,0,0,0,8,23,53,118,558,0,760
Se16 心疾患（高血圧性を除く）,2019,8,2019-08-01,6,3,2,7,10,9,17,34,71,141,221,297,467,739,1137,1529,2337,3326,3257,1611,352,9,9,19,51,212,518,1206,2666,10883,1,15574
Se17 急性心筋梗塞,2019,8,2019-08-01,0,0,0,0,0,1,1,7,17,39,62,76,115,192,263,278,357,407,314,112,21,0,0,1,8,56,138,307,541,1211,0,2262
Se18 その他の虚血性心疾患,2019,8,2019-08-01,0,0,0,1,1,2,4,6,27,41,65,94,132,194,300,409,496,492,349,116,26,0,1,3,10,68,159,326,709,1479,1,2756
Se19 不整脈及び伝導障害,2019,8,2019-08-01,1,1,0,4,5,2,3,10,12,27,30,33,85,118,161,240,369,497,463,192,39,2,4,7,13,39,63,203,401,1560,0,2292
Se20 心不全,2019,8,2019-08-01,2,0,0,1,1,4,2,5,8,20,39,56,88,148,304,432,865,1575,1735,1013,232,2,1,5,7,28,95,236,736,5420,0,6530
Se21 脳血管疾患,2019,8,2019-08-01,1,0,1,0,2,7,13,27,47,92,108,159,200,401,625,924,1359,1800,1510,703,140,1,1,9,40,139,267,601,1549,5512,0,8119
Se22 くも膜下出血,2019,8,2019-08-01,0,0,1,0,0,5,6,17,22,39,45,49,58,68,106,113,139,133,91,28,7,0,1,5,23,61,94,126,219,398,0,927
Se23 脳内出血,2019,8,2019-08-01,1,0,0,0,2,1,7,8,20,45,49,84,94,185,244,293,403,474,340,122,19,1,0,3,15,65,133,279,537,1358,0,2391
Se24 脳梗塞,2019,8,2019-08-01,0,0,0,0,0,1,0,0,2,6,11,22,42,129,251,497,783,1143,1052,538,109,0,0,1,0,8,33,171,748,3625,0,4586
Se25 大動脈瘤及び解離,2019,8,2019-08-01,0,0,0,0,0,1,1,2,10,16,20,30,41,89,118,148,203,283,230,66,3,0,0,1,3,26,50,130,266,785,0,1261
Se26 肺炎,2019,8,2019-08-01,5,0,1,1,0,1,2,1,7,7,13,44,68,167,338,686,1208,1909,1855,824,159,5,2,1,3,14,57,235,1024,5955,0,7296
Se27 慢性閉塞性肺疾患,2019,8,2019-08-01,0,0,0,0,1,0,0,0,0,0,1,6,26,50,121,234,351,349,227,56,12,0,0,1,0,0,7,76,355,995,0,1434
Se28 喘息,2019,8,2019-08-01,0,0,0,0,0,0,0,0,0,2,1,1,3,5,10,5,12,33,20,9,7,0,0,0,0,2,2,8,15,81,0,108
Se29 肝疾患,2019,8,2019-08-01,1,0,0,1,0,1,3,11,35,58,81,115,138,156,149,186,163,174,80,29,1,1,1,1,14,93,196,294,335,447,1,1383
Se30 腎不全,2019,8,2019-08-01,0,0,0,0,0,0,1,2,2,2,14,19,40,73,135,224,368,538,447,159,33,0,0,0,3,4,33,113,359,1545,0,2057
Se31 老衰,2019,8,2019-08-01,0,0,0,0,0,0,0,0,0,0,0,0,1,13,78,229,759,1986,3169,2463,926,0,0,0,0,0,0,14,307,9303,0,9624
Se32 不慮の事故,2019,8,2019-08-01,22,8,4,38,30,27,20,33,40,76,96,110,146,201,295,397,537,608,430,178,33,30,42,57,53,116,206,347,692,1786,4,3333
Se33 交通事故,2019,8,2019-08-01,7,1,1,21,15,14,8,12,6,18,21,23,21,24,38,55,51,24,5,2,0,8,22,29,20,24,44,45,93,82,0,367
Se34 自殺,2019,8,2019-08-01,0,0,8,38,91,77,81,104,124,142,131,131,99,106,110,117,96,54,26,7,0,0,46,168,185,266,262,205,227,183,2,1544
総数,2019,9,2019-09-01,185,41,43,115,158,169,236,366,574,1128,1471,2201,3151,6000,9237,12804,17098,21324,19142,9081,2244,226,158,327,602,1702,3672,9151,22041,68889,55,106823
Se01 結核,2019,9,2019-09-01,0,0,0,0,0,0,1,0,0,0,2,1,0,3,10,7,31,46,43,15,5,0,0,0,1,0,3,3,17,140,0,164
Se02 悪性新生物＜腫瘍＞,2019,9,2019-09-01,5,7,15,10,13,23,43,102,160,407,580,993,1539,3043,4396,5355,5507,5134,3110,831,133,12,25,36,145,567,1573,4582,9751,14715,0,31406
Se03 食道の悪性新生物＜腫瘍＞,2019,9,2019-09-01,0,0,0,0,0,0,0,1,2,8,22,49,78,114,183,201,159,91,41,12,3,0,0,0,1,10,71,192,384,306,0,964
Se04 胃の悪性新生物＜腫瘍＞,2019,9,2019-09-01,0,0,0,0,0,4,3,12,10,34,49,84,145,331,459,596,642,609,421,102,16,0,0,4,15,44,133,476,1055,1790,0,3517
Se05 結腸の悪性新生物＜腫瘍＞,2019,9,2019-09-01,0,0,0,0,0,0,1,11,10,36,59,98,130,304,376,466,514,545,373,128,19,0,0,0,12,46,157,434,842,1579,0,3070
Se06 直腸Ｓ状結腸移行部及び直腸の悪性新生物＜腫瘍＞,2019,9,2019-09-01,0,0,0,0,0,0,2,2,9,24,33,51,95,169,212,231,182,174,101,32,0,0,0,0,4,33,84,264,443,489,0,1317
Se07 肝及び肝内胆管の悪性新生物＜腫瘍＞,2019,9,2019-09-01,0,0,0,0,0,0,0,3,10,16,33,52,86,208,275,357,417,365,197,50,1,0,0,0,3,26,85,294,632,1030,0,2070
Se08 胆のう及びその他の胆道の悪性新生物＜腫瘍＞,2019,9,2019-09-01,0,0,0,0,0,0,1,1,4,5,14,26,39,106,148,242,310,311,212,64,14,0,0,0,2,9,40,145,390,911,0,1497
Se09 膵の悪性新生物＜腫瘍＞,2019,9,2019-09-01,0,0,0,0,0,1,3,4,7,34,57,103,151,327,476,548,522,455,248,66,9,0,0,1,7,41,160,478,1024,1300,0,3011
Se10 気管，気管支及び肺の悪性新生物＜腫瘍＞,2019,9,2019-09-01,0,0,0,0,0,0,2,4,16,48,57,144,276,608,1052,1199,1173,988,548,126,18,0,0,0,6,64,201,884,2251,2853,0,6259
Se11 乳房の悪性新生物＜腫瘍＞,2019,9,2019-09-01,0,0,0,0,0,0,3,17,25,70,75,120,133,140,162,140,121,117,80,24,14,0,0,0,20,95,195,273,302,356,0,1241
Se12 子宮の悪性新生物＜腫瘍＞,2019,9,2019-09-01,0,0,0,0,0,2,8,14,11,30,35,43,55,61,62,55,61,52,43,15,0,0,0,2,22,41,78,116,117,171,0,547
Se13 白血病,2019,9,2019-09-01,3,3,4,1,4,3,4,7,8,10,17,25,38,77,125,169,137,104,60,12,0,6,5,7,11,18,42,115,294,313,0,811
Se14 糖尿病,2019,9,2019-09-01,0,0,0,1,0,1,1,2,5,6,10,27,38,80,113,116,180,207,123,49,10,0,1,1,3,11,37,118,229,569,0,969
Se15 高血圧性疾患,2019,9,2019-09-01,0,0,0,0,0,0,1,4,2,5,8,12,19,24,41,68,79,116,141,103,35,0,0,0,5,7,20,43,109,474,0,658
Se16 心疾患（高血圧性を除く）,2019,9,2019-09-01,9,2,1,2,11,7,17,23,53,123,177,268,347,601,980,1391,2170,3047,3169,1537,331,11,3,18,40,176,445,948,2371,10254,7,14273
Se17 急性心筋梗塞,2019,9,2019-09-01,0,0,0,0,0,1,1,3,16,33,40,80,91,149,226,289,345,367,279,122,17,0,0,1,4,49,120,240,515,1130,1,2060
Se18 その他の虚血性心疾患,2019,9,2019-09-01,0,0,0,0,2,2,1,4,12,32,55,84,93,145,225,308,395,430,306,97,27,0,0,4,5,44,139,238,533,1255,4,2222
Se19 不整脈及び伝導障害,2019,9,2019-09-01,1,0,0,1,1,1,6,5,10,23,28,34,54,106,148,214,340,451,458,202,28,1,1,2,11,33,62,160,362,1479,0,2111
Se20 心不全,2019,9,2019-09-01,0,0,0,0,3,2,6,4,9,19,31,41,69,143,263,423,814,1404,1737,931,229,0,0,5,10,28,72,212,686,5115,2,6130
Se21 脳血管疾患,2019,9,2019-09-01,1,2,0,1,1,0,6,21,55,97,138,149,227,363,635,976,1412,1751,1479,708,139,3,1,1,27,152,287,590,1611,5489,1,8162
Se22 くも膜下出血,2019,9,2019-09-01,0,2,0,0,1,0,5,7,22,30,58,33,57,59,87,114,151,140,61,36,3,2,0,1,12,52,91,116,201,391,1,867
Se23 脳内出血,2019,9,2019-09-01,0,0,0,1,0,0,1,13,28,59,67,83,117,164,243,332,464,472,303,110,13,0,1,0,14,87,150,281,575,1362,0,2470
Se24 脳梗塞,2019,9,2019-09-01,0,0,0,0,0,0,0,0,5,6,12,27,47,129,290,511,770,1106,1082,548,122,0,0,0,0,11,39,176,801,3628,0,4655
Se25 大動脈瘤及び解離,2019,9,2019-09-01,0,0,0,0,0,0,2,5,2,14,29,28,36,68,139,179,239,294,205,65,7,0,0,0,7,16,57,104,318,810,1,1313
Se26 肺炎,2019,9,2019-09-01,2,3,0,0,0,1,2,3,2,10,10,30,62,156,343,676,1199,1867,1790,826,183,5,0,1,5,12,40,218,1019,5865,0,7165
Se27 慢性閉塞性肺疾患,2019,9,2019-09-01,0,0,0,0,0,0,0,0,1,1,2,5,14,47,112,206,307,343,243,69,7,0,0,0,0,2,7,61,318,969,0,1357
Se28 喘息,2019,9,2019-09-01,0,0,0,0,0,0,0,0,0,1,0,1,1,7,5,6,11,9,20,16,1,0,0,0,0,1,1,8,11,57,0,78
Se29 肝疾患,2019,9,2019-09-01,1,0,1,0,2,1,10,12,36,54,84,103,88,162,165,197,170,155,73,28,2,1,1,3,22,90,187,250,362,428,0,1344
Se30 腎不全,2019,9,2019-09-01,0,1,0,0,0,0,2,1,4,0,16,12,25,69,128,184,335,546,475,199,32,1,0,0,3,4,28,94,312,1587,0,2029
Se31 老衰,2019,9,2019-09-01,0,0,0,0,0,0,0,0,0,0,0,0,0,12,60,251,774,1954,3311,2457,932,0,0,0,0,0,0,12,311,9428,0,9751
Se32 不慮の事故,2019,9,2019-09-01,12,9,5,24,32,19,20,32,39,53,60,69,94,151,198,260,399,469,388,139,37,21,29,51,52,92,129,245,458,1432,1,2510
Se33 交通事故,2019,9,2019-09-01,3,5,0,18,19,10,3,12,11,21,16,22,26,32,38,39,48,35,10,5,0,8,18,29,15,32,38,58,77,98,0,373
Se34 自殺,2019,9,2019-09-01,0,0,14,63,77,81,91,101,112,170,110,146,96,115,124,121,90,63,24,6,0,0,77,158,192,282,256,211,245,183,1,1605
総数,2019,10,2019-10-01,193,31,16,90,168,134,240,334,680,1126,1589,2260,3391,6460,9732,13448,17984,22765,20392,9710,2450,224,106,302,574,1806,3849,9851,23180,73301,64,113257
Se01 結核,2019,10,2019-10-01,0,0,0,0,0,0,0,0,0,0,0,1,3,8,7,10,24,56,40,21,2,0,0,0,0,0,1,11,17,143,0,172
Se02 悪性新生物＜腫瘍＞,2019,10,2019-10-01,7,8,5,14,12,14,43,80,205,388,603,1007,1612,3170,4616,5494,5732,5247,3240,942,104,15,19,26,123,593,1610,4782,10110,15265,1,32544
Se03 食道の悪性新生物＜腫瘍＞,2019,10,2019-10-01,0,0,0,0,0,0,0,0,3,8,22,42,70,150,170,222,159,110,42,11,0,0,0,0,0,11,64,220,392,322,0,1009
Se04 胃の悪性新生物＜腫瘍＞,2019,10,2019-10-01,0,0,0,0,0,0,3,9,14,38,49,95,180,366,533,584,679,596,402,97,11,0,0,0,12,52,144,546,1117,1785,0,3656
Se05 結腸の悪性新生物＜腫瘍＞,2019,10,2019-10-01,0,0,0,0,0,1,1,10,19,28,48,98,132,311,381,448,494,523,394,141,19,0,0,1,11,47,146,443,829,1571,0,3048
Se06 直腸Ｓ状結腸移行部及び直腸の悪性新生物＜腫瘍＞,2019,10,2019-10-01,0,0,0,0,0,0,1,3,7,19,41,65,92,168,196,223,222,180,100,34,5,0,0,0,4,26,106,260,419,541,0,1356
Se07 肝及び肝内胆管の悪性新生物＜腫瘍＞,2019,10,2019-10-01,3,0,0,0,0,1,0,4,4,9,25,59,100,210,297,377,422,403,202,49,3,3,0,1,4,13,84,310,674,1079,0,2168
Se08 胆のう及びその他の胆道の悪性新生物＜腫瘍＞,2019,10,2019-10-01,0,0,0,0,0,0,0,2,5,7,9,26,39,120,176,241,298,321,201,63,9,0,0,0,2,12,35,159,417,892,0,1517
Se09 膵の悪性新生物＜腫瘍＞,2019,10,2019-10-01,0,0,0,0,0,1,1,5,14,27,63,99,179,339,532,572,589,494,257,70,11,0,0,1,6,41,162,518,1104,1421,0,3253
Se10 気管，気管支及び肺の悪性新生物＜腫瘍＞,2019,10,2019-10-01,0,0,0,0,0,0,1,6,24,41,67,130,283,608,1055,1305,1174,1014,597,147,13,0,0,0,7,65,197,891,2360,2945,0,6465
Se11 乳房の悪性新生物＜腫瘍＞,2019,10,2019-10-01,0,0,0,0,0,1,9,11,39,74,93,104,114,164,159,166,123,111,93,41,9,0,0,1,20,113,197,278,325,377,0,1311
Se12 子宮の悪性新生物＜腫瘍＞,2019,10,2019-10-01,0,0,0,0,0,2,7,7,20,33,33,64,53,65,81,80,71,45,34,9,3,0,0,2,14,53,97,118,161,162,0,607
Se13 白血病,2019,10,2019-10-01,4,0,1,5,3,1,5,5,8,17,10,36,42,87,121,146,139,118,48,12,1,4,6,4,10,25,46,129,267,318,0,809
Se14 糖尿病,2019,10,2019-10-01,0,0,0,0,2,1,2,0,7,8,19,34,36,56,98,125,180,208,129,58,7,0,0,3,2,15,53,92,223,582,0,970
Se15 高血圧性疾患,2019,10,2019-10-01,0,0,0,0,0,0,0,1,1,4,8,11,15,29,46,48,68,138,176,108,41,0,0,0,1,5,19,44,94,531,1,695
Se16 心疾患（高血圧性を除く）,2019,10,2019-10-01,11,1,1,2,8,6,16,36,71,135,201,253,410,727,1072,1526,2338,3386,3407,1710,402,12,3,14,52,206,454,1137,2598,11243,4,15723
Se17 急性心筋梗塞,2019,10,2019-10-01,1,0,0,0,1,0,2,8,17,31,43,59,112,173,273,299,381,397,341,126,22,1,0,1,10,48,102,285,572,1267,0,2286
Se18 その他の虚血性心疾患,2019,10,2019-10-01,0,0,0,0,1,1,2,7,16,42,67,83,112,205,278,338,423,510,360,148,29,0,0,2,9,58,150,317,616,1470,1,2623
Se19 不整脈及び伝導障害,2019,10,2019-10-01,0,0,0,1,2,2,7,12,12,28,33,47,70,111,150,264,352,497,510,220,42,0,1,4,19,40,80,181,414,1621,1,2361
Se20 心不全,2019,10,2019-10-01,3,0,0,1,1,3,3,5,14,20,29,37,76,150,262,465,921,1568,1785,1026,277,3,1,4,8,34,66,226,727,5577,1,6647
Se21 脳血管疾患,2019,10,2019-10-01,0,1,1,1,3,3,11,23,64,128,138,198,232,409,666,936,1427,1862,1631,647,156,1,2,6,34,192,336,641,1602,5723,1,8538
Se22 くも膜下出血,2019,10,2019-10-01,0,0,0,0,0,1,7,13,27,53,44,59,55,75,112,106,133,150,89,30,1,0,0,1,20,80,103,130,218,403,0,955
Se23 脳内出血,2019,10,2019-10-01,0,1,1,1,3,2,4,8,35,64,78,109,120,192,265,307,427,490,336,104,20,1,2,5,12,99,187,312,572,1377,1,2568
Se24 脳梗塞,2019,10,2019-10-01,0,0,0,0,0,0,0,1,0,10,10,28,47,134,264,495,831,1189,1168,495,134,0,0,0,1,10,38,181,759,3817,0,4806
Se25 大動脈瘤及び解離,2019,10,2019-10-01,0,0,0,0,0,1,0,3,11,22,20,35,60,86,174,180,263,342,234,72,12,0,0,1,3,33,55,146,354,923,0,1515
Se26 肺炎,2019,10,2019-10-01,1,0,0,0,0,0,1,1,7,11,20,24,78,181,344,729,1292,1927,1889,937,193,1,0,0,2,18,44,259,1073,6238,2,7637
Se27 慢性閉塞性肺疾患,2019,10,2019-10-01,0,0,0,0,0,0,0,0,2,0,3,4,18,52,123,235,282,363,266,65,9,0,0,0,0,2,7,70,358,985,0,1422
Se28 喘息,2019,10,2019-10-01,0,0,0,0,0,1,1,0,2,3,3,1,2,2,8,13,18,32,27,14,3,0,0,1,1,5,4,4,21,94,0,130
Se29 肝疾患,2019,10,2019-10-01,0,1,0,0,1,1,7,7,30,71,97,90,122,172,178,202,194,161,85,19,4,1,0,2,14,101,187,294,380,463,0,1442
Se30 腎不全,2019,10,2019-10-01,0,1,0,0,0,1,0,0,3,6,12,17,37,82,132,244,386,533,501,179,30,1,0,1,0,9,29,119,376,1629,0,2164
Se31 老衰,2019,10,2019-10-01,0,0,0,0,0,0,0,0,0,0,0,0,1,8,71,246,832,2218,3612,2670,1045,0,0,0,0,0,0,9,317,10377,1,10704
Se32 不慮の事故,2019,10,2019-10-01,13,4,2,7,27,17,28,43,44,57,71,79,85,190,265,371,509,549,449,180,29,17,9,44,71,101,150,275,636,1716,3,3022
Se33 交通事故,2019,10,2019-10-01,4,1,0,6,21,10,17,17,15,20,26,25,24,24,53,47,56,32,20,3,0,5,6,31,34,35,51,48,100,111,0,421
Se34 自殺,2019,10,2019-10-01,0,0,1,50,80,60,83,85,131,116,137,138,105,102,132,104,82,57,28,1,1,0,51,140,168,247,275,207,236,169,3,1496
総数,2019,11,2019-11-01,198,29,40,102,140,167,219,371,630,1120,1634,2130,3553,6407,10038,14173,18928,23923,21540,10378,2651,227,142,307,590,1750,3764,9960,24211,77420,57,118428
Se01 結核,2019,11,2019-11-01,0,0,0,0,0,0,0,0,1,0,1,0,5,2,10,13,27,67,49,20,2,0,0,0,0,1,1,7,23,165,0,197
Se02 悪性新生物＜腫瘍＞,2019,11,2019-11-01,9,6,6,17,12,21,32,88,181,378,590,927,1599,2894,4474,5334,5501,5193,3111,925,122,15,23,33,120,559,1517,4493,9808,14852,1,31421
Se03 食道の悪性新生物＜腫瘍＞,2019,11,2019-11-01,0,0,0,0,0,0,0,0,4,6,14,45,71,112,197,201,146,101,40,10,1,0,0,0,0,10,59,183,398,298,0,948
Se04 胃の悪性新生物＜腫瘍＞,2019,11,2019-11-01,0,0,0,0,0,3,7,12,15,42,52,73,166,306,520,606,657,602,384,100,14,0,0,3,19,57,125,472,1126,1757,1,3560
Se05 結腸の悪性新生物＜腫瘍＞,2019,11,2019-11-01,0,0,0,1,0,2,2,4,19,36,45,91,159,263,379,429,477,532,397,149,17,0,1,2,6,55,136,422,808,1572,0,3002
Se06 直腸Ｓ状結腸移行部及び直腸の悪性新生物＜腫瘍＞,2019,11,2019-11-01,0,0,0,0,0,1,1,3,4,33,41,51,97,157,186,201,190,163,112,32,3,0,0,1,4,37,92,254,387,500,0,1275
Se07 肝及び肝内胆管の悪性新生物＜腫瘍＞,2019,11,2019-11-01,0,0,0,0,1,0,1,1,6,7,23,43,110,194,307,378,424,390,179,46,3,0,0,1,2,13,66,304,685,1042,0,2113
Se08 胆のう及びその他の胆道の悪性新生物＜腫瘍＞,2019,11,2019-11-01,0,0,0,0,0,0,0,0,1,7,13,25,42,103,183,234,282,347,204,62,9,0,0,0,0,8,38,145,417,904,0,1512
Se09 膵の悪性新生物＜腫瘍＞,2019,11,2019-11-01,0,0,0,0,0,1,0,6,11,34,51,91,165,330,477,561,561,457,236,70,12,0,0,1,6,45,142,495,1038,1336,0,3063
Se10 気管，気管支及び肺の悪性新生物＜腫瘍＞,2019,11,2019-11-01,0,0,0,0,0,0,0,5,17,40,80,137,284,583,1025,1224,1145,987,560,146,19,0,0,0,5,57,217,867,2249,2857,0,6252
Se11 乳房の悪性新生物＜腫瘍＞,2019,11,2019-11-01,0,0,0,0,1,2,1,15,42,61,90,109,100,155,161,131,127,113,84,40,9,0,0,3,16,103,199,255,292,373,0,1241
Se12 子宮の悪性新生物＜腫瘍＞,2019,11,2019-11-01,0,0,0,0,0,0,5,13,15,25,41,59,46,58,71,71,70,48,39,10,4,0,0,0,18,40,100,104,142,171,0,575
Se13 白血病,2019,11,2019-11-01,2,1,0,5,0,3,2,9,9,11,15,21,31,62,110,118,149,113,52,19,1,3,5,3,11,20,36,93,228,334,0,733
Se14 糖尿病,2019,11,2019-11-01,0,0,0,0,1,0,3,1,8,9,23,25,55,90,131,140,207,238,161,60,6,0,0,1,4,17,48,145,271,672,1,1159
Se15 高血圧性疾患,2019,11,2019-11-01,1,0,0,0,0,0,0,2,3,4,6,13,14,28,49,72,106,167,195,100,37,1,0,0,2,7,19,42,121,605,1,798
Se16 心疾患（高血圧性を除く）,2019,11,2019-11-01,8,0,5,0,5,12,12,43,60,125,222,257,442,793,1230,1806,2725,3780,3869,1924,417,8,5,17,55,185,479,1235,3036,12715,3,17738
Se17 急性心筋梗塞,2019,11,2019-11-01,0,0,1,0,0,0,2,10,14,29,54,76,121,167,284,398,433,535,406,134,24,0,1,0,12,43,130,288,682,1532,0,2688
Se18 その他の虚血性心疾患,2019,11,2019-11-01,0,0,0,0,1,2,0,10,15,29,65,78,123,226,334,417,557,598,432,157,38,0,0,3,10,44,143,349,751,1782,2,3084
Se19 不整脈及び伝導障害,2019,11,2019-11-01,1,0,2,0,1,2,4,9,18,32,36,41,70,150,205,278,413,631,569,263,51,1,2,3,13,50,77,220,483,1927,0,2776
Se20 心不全,2019,11,2019-11-01,2,0,1,0,1,4,4,8,5,23,36,31,80,169,293,499,995,1578,1984,1159,271,2,1,5,12,28,67,249,792,5987,1,7144
Se21 脳血管疾患,2019,11,2019-11-01,1,1,1,1,0,5,11,24,64,103,158,152,247,495,702,1098,1610,1927,1735,746,160,2,2,5,35,167,310,742,1800,6178,1,9242
Se22 くも膜下出血,2019,11,2019-11-01,0,0,0,1,0,3,4,12,31,47,47,42,62,98,111,131,155,158,102,30,3,0,1,3,16,78,89,160,242,448,0,1037
Se23 脳内出血,2019,11,2019-11-01,1,1,0,0,0,2,4,10,29,48,94,87,131,217,300,373,501,517,370,131,16,2,0,2,14,77,181,348,673,1535,1,2833
Se24 脳梗塞,2019,11,2019-11-01,0,0,0,0,0,0,1,2,2,7,14,17,48,160,272,550,921,1209,1222,564,135,0,0,0,3,9,31,208,822,4051,0,5124
Se25 大動脈瘤及び解離,2019,11,2019-11-01,0,0,0,0,1,0,1,1,7,18,32,52,73,116,168,266,338,373,248,82,9,0,0,1,2,25,84,189,434,1050,0,1785
Se26 肺炎,2019,11,2019-11-01,1,1,0,0,2,2,7,7,5,10,16,25,72,190,370,774,1381,2048,2007,956,212,2,0,4,14,15,41,262,1144,6604,0,8086
Se27 慢性閉塞性肺疾患,2019,11,2019-11-01,0,0,0,0,0,0,0,0,1,1,5,6,16,48,126,248,324,408,295,67,9,0,0,0,0,2,11,64,374,1103,0,1554
Se28 喘息,2019,11,2019-11-01,2,0,0,0,0,0,0,1,0,2,2,3,2,2,4,13,18,26,28,10,6,2,0,0,1,2,5,4,17,88,0,119
Se29 肝疾患,2019,11,2019-11-01,3,1,0,1,0,0,3,12,26,52,92,105,149,158,176,209,194,153,84,15,2,4,1,0,15,78,197,307,385,448,0,1435
Se30 腎不全,2019,11,2019-11-01,0,0,0,0,0,1,2,1,1,8,14,13,30,94,156,217,357,572,518,211,32,0,0,1,3,9,27,124,373,1690,0,2227
Se31 老衰,2019,11,2019-11-01,0,0,0,0,0,0,0,0,0,0,0,0,1,18,77,281,940,2264,3586,2839,1098,0,0,0,0,0,0,19,358,10727,0,11104
Se32 不慮の事故,2019,11,2019-11-01,8,4,5,23,13,11,20,24,28,60,54,68,116,192,291,434,576,661,508,223,42,12,28,24,44,88,122,308,725,2010,5,3366
Se33 交通事故,2019,11,2019-11-01,3,2,1,16,9,4,8,9,10,18,18,28,28,51,54,57,57,45,21,4,0,5,17,13,17,28,46,79,111,127,0,443
Se34 自殺,2019,11,2019-11-01,0,0,7,36,77,78,95,95,123,160,147,124,110,103,131,114,89,56,19,3,1,0,43,155,190,283,271,213,245,168,1,1569
総数,2019,12,2019-12-01,204,35,42,84,182,175,262,411,698,1288,1819,2544,3867,7037,11198,15352,20726,26155,22888,11057,2704,239,126,357,673,1986,4363,10904,26550,83530,78,128806
Se01 結核,2019,12,2019-12-01,0,0,0,0,0,0,0,0,0,0,0,2,1,2,8,23,26,45,43,13,7,0,0,0,0,0,2,3,31,134,0,170
Se02 悪性新生物＜腫瘍＞,2019,12,2019-12-01,2,4,8,5,11,25,38,95,194,412,620,1037,1609,3105,4738,5550,5877,5424,3274,969,113,6,13,36,133,606,1657,4714,10288,15657,3,33113
Se03 食道の悪性新生物＜腫瘍＞,2019,12,2019-12-01,0,0,0,0,0,0,0,1,0,12,18,58,86,115,177,213,165,112,44,12,0,0,0,0,1,12,76,201,390,333,0,1013
Se04 胃の悪性新生物＜腫瘍＞,2019,12,2019-12-01,0,0,1,1,1,1,1,16,16,31,41,88,150,326,564,604,664,657,425,126,12,0,2,2,17,47,129,476,1168,1884,0,3725
Se05 結腸の悪性新生物＜腫瘍＞,2019,12,2019-12-01,0,0,0,0,2,0,4,12,13,39,52,93,123,269,376,495,518,563,418,157,13,0,0,2,16,52,145,392,871,1669,0,3147
Se06 直腸Ｓ状結腸移行部及び直腸の悪性新生物＜腫瘍＞,2019,12,2019-12-01,0,0,0,0,0,0,0,3,13,16,41,72,104,174,217,202,213,189,98,33,4,0,0,0,3,29,113,278,419,537,0,1379
Se07 肝及び肝内胆管の悪性新生物＜腫瘍＞,2019,12,2019-12-01,0,0,0,0,0,0,0,2,11,14,31,50,97,186,327,356,417,380,191,49,5,0,0,0,2,25,81,283,683,1042,0,2116
Se08 胆のう及びその他の胆道の悪性新生物＜腫瘍＞,2019,12,2019-12-01,0,0,0,0,1,0,0,0,3,8,7,26,50,102,188,249,335,341,211,77,6,0,0,1,0,11,33,152,437,970,0,1604
Se09 膵の悪性新生物＜腫瘍＞,2019,12,2019-12-01,0,0,0,0,0,2,1,0,10,32,54,110,184,341,506,573,579,429,260,66,12,0,0,2,1,42,164,525,1079,1346,0,3159
Se10 気管，気管支及び肺の悪性新生物＜腫瘍＞,2019,12,2019-12-01,0,0,0,0,0,1,3,1,14,51,68,155,232,664,1071,1251,1216,1055,574,151,13,0,0,1,4,65,223,896,2322,3009,1,6521
Se11 乳房の悪性新生物＜腫瘍＞,2019,12,2019-12-01,0,0,0,0,0,0,8,12,27,78,96,93,133,157,181,176,133,98,98,29,9,0,0,0,20,105,189,290,357,367,0,1328
Se12 子宮の悪性新生物＜腫瘍＞,2019,12,2019-12-01,0,0,0,0,0,1,2,6,22,22,51,62,52,60,62,71,82,59,37,12,1,0,0,1,8,44,113,112,133,191,0,602
Se13 白血病,2019,12,2019-12-01,0,2,2,1,2,4,0,7,7,13,12,17,42,71,116,132,156,107,56,13,0,2,3,6,7,20,29,113,248,332,0,760
Se14 糖尿病,2019,12,2019-12-01,0,0,0,0,0,1,3,5,7,22,18,30,60,98,111,212,269,250,182,72,9,0,0,1,8,29,48,158,323,782,0,1349
Se15 高血圧性疾患,2019,12,2019-12-01,0,0,0,0,0,0,0,2,3,5,16,21,18,44,57,86,142,206,210,127,31,0,0,0,2,8,37,62,143,716,0,968
Se16 心疾患（高血圧性を除く）,2019,12,2019-12-01,9,1,2,1,10,13,25,39,73,169,266,350,540,951,1537,2141,3248,4374,4291,2044,446,10,3,23,64,242,616,1491,3678,14403,6,20536
Se17 急性心筋梗塞,2019,12,2019-12-01,0,0,0,0,0,0,5,6,13,34,70,74,129,223,357,436,548,584,385,159,23,0,0,0,11,47,144,352,793,1699,0,3046
Se18 その他の虚血性心疾患,2019,12,2019-12-01,0,0,0,0,1,0,3,11,22,65,85,110,151,245,447,586,704,748,521,165,39,0,0,1,14,87,195,396,1033,2177,4,3907
Se19 不整脈及び伝導障害,2019,12,2019-12-01,1,0,0,1,4,6,10,6,11,34,40,60,96,173,227,317,492,684,652,268,60,1,1,10,16,45,100,269,544,2156,1,3143
Se20 心不全,2019,12,2019-12-01,3,0,1,0,2,5,7,8,14,17,46,69,105,213,355,585,1141,1872,2217,1242,294,3,1,7,15,31,115,318,940,6766,1,8197
Se21 脳血管疾患,2019,12,2019-12-01,0,1,3,4,2,4,15,26,62,141,169,173,297,451,769,1176,1607,2217,1819,819,150,1,7,6,41,203,342,748,1945,6612,0,9905
Se22 くも膜下出血,2019,12,2019-12-01,0,1,2,2,0,2,6,14,26,60,55,49,81,89,121,155,165,177,85,35,5,1,4,2,20,86,104,170,276,467,0,1130
Se23 脳内出血,2019,12,2019-12-01,0,0,1,2,1,2,7,11,33,73,95,96,152,211,314,417,524,608,419,127,12,0,3,3,18,106,191,363,731,1690,0,3105
Se24 脳梗塞,2019,12,2019-12-01,0,0,0,0,1,0,1,1,1,6,15,21,57,129,299,565,873,1386,1264,638,126,0,0,1,2,7,36,186,864,4287,0,5383
Se25 大動脈瘤及び解離,2019,12,2019-12-01,0,0,0,0,0,1,2,3,13,21,47,44,84,139,212,297,382,409,284,80,14,0,0,1,5,34,91,223,509,1169,1,2033
Se26 肺炎,2019,12,2019-12-01,1,0,0,1,1,2,3,4,6,15,30,47,91,196,405,836,1393,2211,2024,1021,209,1,1,3,7,21,77,287,1241,6858,1,8497
Se27 慢性閉塞性肺疾患,2019,12,2019-12-01,0,0,0,0,0,0,1,0,1,2,2,7,26,55,146,258,308,385,279,79,9,0,0,0,1,3,9,81,404,1060,1,1559
Se28 喘息,2019,12,2019-12-01,0,0,0,0,1,0,2,0,1,1,6,0,6,4,7,8,15,34,28,15,1,0,0,1,2,2,6,10,15,93,0,129
Se29 肝疾患,2019,12,2019-12-01,2,0,0,0,0,1,4,19,35,63,100,117,132,187,213,235,193,186,85,24,5,2,0,1,23,98,217,319,448,493,0,1601
Se30 腎不全,2019,12,2019-12-01,0,0,0,0,0,0,0,2,1,3,14,23,43,83,160,245,441,651,580,240,28,0,0,0,2,4,37,126,405,1940,0,2514
Se31 老衰,2019,12,2019-12-01,0,0,0,0,0,0,0,0,0,0,0,0,5,22,87,277,993,2565,3916,2944,1165,0,0,0,0,0,0,27,364,11583,1,11975
Se32 不慮の事故,2019,12,2019-12-01,11,5,5,20,33,17,15,30,42,55,81,105,146,260,407,611,780,828,610,236,41,16,25,50,45,97,186,406,1018,2495,5,4343
Se33 交通事故,2019,12,2019-12-01,3,2,2,14,21,8,5,12,8,14,29,15,32,43,45,58,71,38,18,4,1,5,16,29,17,22,44,75,103,132,0,443
Se34 自殺,2019,12,2019-12-01,0,0,4,31,79,82,95,118,129,147,140,116,104,93,111,104,78,39,23,6,0,0,35,161,213,276,256,197,215,146,10,1509
総数,2020,1,2020-01-01,192,39,52,87,150,196,257,376,723,1233,1814,2588,3786,6847,11187,15334,21001,26115,23419,10919,2659,231,139,346,633,1956,4402,10633,26521,84113,19,128993
Se01 結核,2020,1,2020-01-01,0,0,0,0,0,0,0,0,0,2,0,0,1,4,5,14,31,47,39,13,5,0,0,0,0,2,0,5,19,135,0,161
Se02 悪性新生物＜腫瘍＞,2020,1,2020-01-01,6,14,4,9,13,25,38,88,191,388,672,1039,1555,3080,4620,5328,5663,5112,3161,902,104,20,13,38,126,579,1711,4635,9948,14942,1,32013
Se03 食道の悪性新生物＜腫瘍＞,2020,1,2020-01-01,0,0,0,0,0,0,2,2,2,10,24,33,69,128,193,202,136,119,52,8,1,0,0,0,4,12,57,197,395,316,0,981
Se04 胃の悪性新生物＜腫瘍＞,2020,1,2020-01-01,0,0,0,0,1,2,5,10,19,36,42,94,165,339,523,597,700,636,389,104,11,0,0,3,15,55,136,504,1120,1840,0,3673
Se05 結腸の悪性新生物＜腫瘍＞,2020,1,2020-01-01,0,0,0,0,0,0,3,6,12,38,60,101,125,277,391,447,534,509,396,152,11,0,0,0,9,50,161,402,838,1602,0,3062
Se06 直腸Ｓ状結腸移行部及び直腸の悪性新生物＜腫瘍＞,2020,1,2020-01-01,0,0,0,0,0,0,1,8,8,20,37,67,105,178,197,204,206,152,105,31,3,0,0,0,9,28,104,283,401,497,0,1322
Se07 肝及び肝内胆管の悪性新生物＜腫瘍＞,2020,1,2020-01-01,2,0,1,0,0,0,1,0,8,22,35,41,105,188,330,368,435,354,205,53,5,2,1,0,1,30,76,293,698,1052,0,2153
Se08 胆のう及びその他の胆道の悪性新生物＜腫瘍＞,2020,1,2020-01-01,0,0,0,0,0,0,0,1,1,3,8,28,44,131,174,252,292,282,214,56,12,0,0,0,1,4,36,175,426,856,0,1498
Se09 膵の悪性新生物＜腫瘍＞,2020,1,2020-01-01,0,0,0,0,0,1,1,2,21,23,74,103,163,299,511,560,522,439,266,62,6,0,0,1,3,44,177,462,1071,1295,0,3053
Se10 気管，気管支及び肺の悪性新生物＜腫瘍＞,2020,1,2020-01-01,0,0,0,0,0,1,1,3,18,46,65,167,302,625,1037,1235,1173,1045,523,135,17,0,0,1,4,64,232,927,2272,2893,1,6394
Se11 乳房の悪性新生物＜腫瘍＞,2020,1,2020-01-01,0,0,0,0,0,0,5,17,34,58,101,119,118,142,194,152,129,110,89,40,8,0,0,0,22,92,220,260,346,376,0,1316
Se12 子宮の悪性新生物＜腫瘍＞,2020,1,2020-01-01,0,0,0,0,0,1,2,7,18,37,48,44,52,81,60,65,65,51,41,17,0,0,0,1,9,55,92,133,125,174,0,589
Se13 白血病,2020,1,2020-01-01,2,3,2,2,4,6,4,5,5,9,18,24,34,67,107,129,132,106,51,11,4,5,4,10,9,14,42,101,236,304,0,725
Se14 糖尿病,2020,1,2020-01-01,0,0,0,0,0,4,2,6,5,9,25,39,60,100,150,204,228,226,177,66,7,0,0,4,8,14,64,160,354,704,1,1309
Se15 高血圧性疾患,2020,1,2020-01-01,0,0,0,0,0,0,1,2,5,4,9,14,22,30,67,85,150,197,233,117,28,0,0,0,3,9,23,52,152,725,0,964
Se16 心疾患（高血圧性を除く）,2020,1,2020-01-01,7,1,6,2,6,14,27,50,89,175,269,380,506,956,1579,2255,3373,4644,4375,2075,457,8,8,20,77,264,649,1462,3834,14924,3,21249
Se17 急性心筋梗塞,2020,1,2020-01-01,0,0,0,1,0,0,1,8,27,38,69,102,139,239,364,496,563,640,478,159,27,0,1,0,9,65,171,378,860,1867,0,3351
Se18 その他の虚血性心疾患,2020,1,2020-01-01,0,0,0,0,1,1,5,11,11,47,80,102,138,255,460,600,750,764,507,170,20,0,0,2,16,58,182,393,1060,2211,3,3925
Se19 不整脈及び伝導障害,2020,1,2020-01-01,0,0,0,1,4,6,12,14,25,32,39,73,79,172,252,322,534,684,678,264,56,0,1,10,26,57,112,251,574,2216,0,3247
Se20 心不全,2020,1,2020-01-01,1,1,1,0,0,4,3,11,15,32,44,71,94,203,352,618,1175,1997,2209,1266,306,2,1,4,14,47,115,297,970,6953,0,8403
Se21 脳血管疾患,2020,1,2020-01-01,1,0,0,1,3,6,10,24,60,130,162,201,289,457,818,1181,1655,2117,1868,772,141,1,1,9,34,190,363,746,1999,6553,1,9897
Se22 くも膜下出血,2020,1,2020-01-01,0,0,0,1,2,2,2,7,28,55,63,64,68,84,127,139,170,158,113,25,5,0,1,4,9,83,127,152,266,471,0,1113
Se23 脳内出血,2020,1,2020-01-01,0,0,0,0,1,4,8,15,28,65,74,102,164,221,315,432,534,587,382,129,20,0,0,5,23,93,176,385,747,1652,1,3082
Se24 脳梗塞,2020,1,2020-01-01,0,0,0,0,0,0,0,2,3,7,19,29,49,133,342,583,904,1312,1335,590,113,0,0,0,2,10,48,182,925,4254,0,5421
Se25 大動脈瘤及び解離,2020,1,2020-01-01,0,0,0,0,0,0,2,5,9,25,37,44,69,121,212,257,339,379,292,97,9,0,0,0,7,34,81,190,469,1116,0,1897
Se26 肺炎,2020,1,2020-01-01,3,0,0,0,1,0,6,3,17,27,42,54,104,225,461,926,1578,2390,2263,1025,230,3,0,1,9,44,96,329,1387,7486,0,9355
Se27 慢性閉塞性肺疾患,2020,1,2020-01-01,0,0,0,0,0,0,0,1,0,3,6,15,26,72,142,231,333,383,272,69,7,0,0,0,1,3,21,98,373,1064,1,1561
Se28 喘息,2020,1,2020-01-01,0,0,0,0,0,0,1,1,2,1,4,2,4,5,10,9,21,29,29,20,3,0,0,0,2,3,6,9,19,102,0,141
Se29 肝疾患,2020,1,2020-01-01,0,0,0,0,0,0,6,12,30,64,87,122,151,150,189,210,252,191,106,24,2,0,0,0,18,94,209,301,399,575,0,1596
Se30 腎不全,2020,1,2020-01-01,1,1,0,0,0,1,2,2,4,3,19,31,50,91,174,293,477,655,639,243,41,2,0,1,4,7,50,141,467,2055,0,2727
Se31 老衰,2020,1,2020-01-01,0,0,0,0,0,0,0,0,0,0,0,0,3,19,76,248,1027,2428,3888,2924,1109,0,0,0,0,0,0,22,324,11376,1,11723
Se32 不慮の事故,2020,1,2020-01-01,6,2,5,15,21,17,26,23,36,48,57,91,125,217,408,595,745,851,578,245,52,8,20,38,49,84,148,342,1003,2471,1,4164
Se33 交通事故,2020,1,2020-01-01,1,1,0,10,12,3,8,10,11,12,12,13,20,28,39,60,59,36,13,0,1,2,10,15,18,23,25,48,99,109,0,349
Se34 自殺,2020,1,2020-01-01,0,0,11,46,76,99,83,90,130,139,120,129,112,118,122,98,82,42,22,6,1,0,57,175,173,269,249,230,220,153,1,1527
総数,2020,2,2020-02-01,175,32,43,97,175,175,200,354,616,1126,1576,2142,3329,6236,9962,13856,18477,23664,20881,9866,2544,207,140,350,554,1742,3718,9565,23818,75432,28,115554
Se01 結核,2020,2,2020-02-01,0,0,0,0,0,0,0,0,0,0,0,0,5,4,10,14,27,39,53,14,2,0,0,0,0,0,0,9,24,135,0,168
Se02 悪性新生物＜腫瘍＞,2020,2,2020-02-01,4,7,7,9,13,21,46,67,183,349,578,886,1505,2826,4248,5012,5186,5015,2966,807,104,11,16,34,113,532,1464,4331,9260,14078,2,29841
Se03 食道の悪性新生物＜腫瘍＞,2020,2,2020-02-01,0,0,0,0,0,1,0,1,1,5,22,27,75,105,178,184,135,109,48,9,2,0,0,1,1,6,49,180,362,303,0,902
Se04 胃の悪性新生物＜腫瘍＞,2020,2,2020-02-01,0,0,0,0,1,3,2,5,17,31,55,78,144,309,448,541,612,602,341,96,8,0,0,4,7,48,133,453,989,1659,0,3293
Se05 結腸の悪性新生物＜腫瘍＞,2020,2,2020-02-01,0,0,0,0,0,2,6,3,20,25,40,77,137,226,349,460,463,528,400,134,16,0,0,2,9,45,117,363,809,1541,0,2886
Se06 直腸Ｓ状結腸移行部及び直腸の悪性新生物＜腫瘍＞,2020,2,2020-02-01,0,0,0,0,1,2,2,6,9,21,29,66,84,161,183,207,193,141,99,32,6,0,0,3,8,30,95,245,390,471,0,1242
Se07 肝及び肝内胆管の悪性新生物＜腫瘍＞,2020,2,2020-02-01,0,0,0,0,0,1,0,2,6,15,17,48,96,186,276,328,375,371,178,36,3,0,0,1,2,21,65,282,604,963,0,1938
Se08 胆のう及びその他の胆道の悪性新生物＜腫瘍＞,2020,2,2020-02-01,0,0,0,0,0,0,1,0,4,6,17,15,62,102,165,225,270,300,185,55,10,0,0,0,1,10,32,164,390,820,0,1417
Se09 膵の悪性新生物＜腫瘍＞,2020,2,2020-02-01,0,0,0,0,1,0,3,2,8,23,62,92,172,336,453,582,552,453,211,57,5,0,0,1,5,31,154,508,1035,1278,1,3013
Se10 気管，気管支及び肺の悪性新生物＜腫瘍＞,2020,2,2020-02-01,0,0,0,0,0,1,0,3,14,39,74,134,257,568,957,1135,1036,984,530,130,18,0,0,1,3,53,208,825,2092,2698,1,5881
Se11 乳房の悪性新生物＜腫瘍＞,2020,2,2020-02-01,0,0,0,0,0,0,4,12,31,53,78,96,123,141,176,129,123,105,79,31,6,0,0,0,16,84,174,264,305,344,0,1187
Se12 子宮の悪性新生物＜腫瘍＞,2020,2,2020-02-01,0,0,0,0,0,1,3,6,14,24,37,45,53,46,58,52,51,63,40,9,1,0,0,1,9,38,82,99,110,164,0,503
Se13 白血病,2020,2,2020-02-01,4,2,1,3,2,2,3,5,7,15,12,18,31,64,107,119,116,102,49,11,1,6,4,4,8,22,30,95,226,279,0,674
Se14 糖尿病,2020,2,2020-02-01,0,0,0,0,0,1,1,3,4,15,14,36,49,78,131,157,221,253,155,69,7,0,0,1,4,19,50,127,288,705,0,1194
Se15 高血圧性疾患,2020,2,2020-02-01,0,0,0,0,0,0,0,1,0,9,9,16,12,36,43,97,121,177,239,117,43,0,0,0,1,9,25,48,140,697,1,921
Se16 心疾患（高血圧性を除く）,2020,2,2020-02-01,10,4,4,8,9,10,13,35,70,164,218,307,430,805,1356,2015,2886,4049,3841,1866,456,14,12,19,48,234,525,1235,3371,13098,2,18558
Se17 急性心筋梗塞,2020,2,2020-02-01,0,0,0,0,1,0,2,3,14,34,52,80,104,188,317,395,481,551,415,129,22,0,0,1,5,48,132,292,712,1598,0,2788
Se18 その他の虚血性心疾患,2020,2,2020-02-01,0,0,1,1,0,1,3,11,18,43,70,95,131,229,386,502,608,684,479,167,46,0,2,1,14,61,165,360,888,1984,2,3477
Se19 不整脈及び伝導障害,2020,2,2020-02-01,1,1,1,3,3,4,0,10,15,34,33,46,56,122,211,288,457,627,552,247,42,2,4,7,10,49,79,178,499,1925,0,2753
Se20 心不全,2020,2,2020-02-01,3,0,0,2,2,2,5,6,13,26,37,59,92,169,310,630,1020,1684,1961,1120,308,3,2,4,11,39,96,261,940,6093,0,7449
Se21 脳血管疾患,2020,2,2020-02-01,1,0,1,1,1,2,8,30,68,104,140,149,235,423,696,1110,1443,2023,1603,718,151,1,2,3,38,172,289,658,1806,5938,0,8907
Se22 くも膜下出血,2020,2,2020-02-01,0,0,1,0,0,2,5,15,28,44,46,42,47,83,102,116,129,141,84,28,4,0,1,2,20,72,88,130,218,386,0,917
Se23 脳内出血,2020,2,2020-02-01,1,0,0,1,1,0,3,13,36,53,79,85,133,212,307,394,461,556,352,133,14,1,1,1,16,89,164,345,701,1516,0,2834
Se24 脳梗塞,2020,2,2020-02-01,0,0,0,0,0,0,0,1,2,6,10,17,50,109,266,561,813,1280,1121,538,125,0,0,0,1,8,27,159,827,3877,0,4899
Se25 大動脈瘤及び解離,2020,2,2020-02-01,0,0,0,1,1,0,1,1,8,18,30,51,66,105,183,259,299,347,246,102,8,0,1,1,2,26,81,171,442,1002,2,1728
Se26 肺炎,2020,2,2020-02-01,3,2,0,0,2,1,1,7,16,18,27,37,75,198,429,736,1325,1989,1906,895,207,5,0,3,8,34,64,273,1165,6322,0,7874
Se27 慢性閉塞性肺疾患,2020,2,2020-02-01,1,0,0,0,0,0,0,0,1,1,0,6,15,62,138,218,322,364,239,61,13,1,0,0,0,2,6,77,356,999,0,1441
Se28 喘息,2020,2,2020-02-01,0,0,1,0,1,0,0,0,2,4,3,1,2,2,4,12,24,29,25,15,6,0,1,1,0,6,4,4,16,99,0,131
Se29 肝疾患,2020,2,2020-02-01,1,0,1,0,1,1,3,14,34,64,95,100,109,179,161,178,189,161,93,20,2,1,1,2,17,98,195,288,339,465,0,1406
Se30 腎不全,2020,2,2020-02-01,0,1,0,0,1,0,1,1,2,4,8,17,36,87,138,241,398,580,537,212,31,1,0,1,2,6,25,123,379,1758,0,2295
Se31 老衰,2020,2,2020-02-01,0,0,0,0,0,0,0,0,0,0,0,0,1,17,78,261,847,2137,3565,2624,1041,0,0,0,0,0,0,18,339,10214,1,10572
Se32 不慮の事故,2020,2,2020-02-01,13,3,4,18,28,20,17,33,32,52,65,86,120,221,306,471,593,703,518,212,44,16,22,48,50,84,151,341,777,2070,3,3562
Se33 交通事故,2020,2,2020-02-01,2,2,1,11,17,11,5,10,12,12,14,22,16,40,31,40,53,34,16,1,0,4,12,28,15,24,36,56,71,104,0,350
Se34 自殺,2020,2,2020-02-01,0,0,12,42,76,92,67,95,88,143,127,101,93,98,103,89,71,44,18,4,1,0,54,168,162,231,228,191,192,138,2,1366
総数,2020,3,2020-03-01,184,20,28,79,161,177,266,362,720,1187,1599,2352,3487,6278,10425,13980,18755,23742,21127,10478,2536,204,107,338,628,1907,3951,9765,24405,76638,36,117979
Se01 結核,2020,3,2020-03-01,0,0,0,0,0,0,0,0,3,0,1,0,1,6,7,13,30,39,36,20,3,0,0,0,0,3,1,7,20,128,0,159
Se02 悪性新生物＜腫瘍＞,2020,3,2020-03-01,9,3,4,8,7,22,58,91,201,403,598,954,1567,2903,4731,5343,5575,5224,3123,942,104,12,12,29,149,604,1552,4470,10074,14968,5,31875
Se03 食道の悪性新生物＜腫瘍＞,2020,3,2020-03-01,0,0,0,0,0,0,1,0,4,11,19,39,60,108,163,177,170,115,45,14,1,0,0,0,1,15,58,168,340,345,0,927
Se04 胃の悪性新生物＜腫瘍＞,2020,3,2020-03-01,0,0,0,0,0,3,7,10,11,27,37,85,164,360,521,601,643,579,352,106,16,0,0,3,17,38,122,524,1122,1696,1,3523
Se05 結腸の悪性新生物＜腫瘍＞,2020,3,2020-03-01,0,0,0,0,0,2,5,12,19,32,60,90,140,268,440,509,510,528,396,135,16,0,0,2,17,51,150,408,949,1585,1,3163
Se06 直腸Ｓ状結腸移行部及び直腸の悪性新生物＜腫瘍＞,2020,3,2020-03-01,0,0,0,0,0,0,2,5,12,22,41,55,114,165,236,220,202,178,71,38,3,0,0,0,7,34,96,279,456,492,0,1364
Se07 肝及び肝内胆管の悪性新生物＜腫瘍＞,2020,3,2020-03-01,1,0,1,0,0,2,0,3,7,14,19,44,70,179,289,311,401,415,210,51,5,1,1,2,3,21,63,249,600,1082,0,2022
Se08 胆のう及びその他の胆道の悪性新生物＜腫瘍＞,2020,3,2020-03-01,0,0,0,0,0,0,0,3,0,4,6,24,51,100,157,266,291,353,207,65,8,0,0,0,3,4,30,151,423,924,0,1535
Se09 膵の悪性新生物＜腫瘍＞,2020,3,2020-03-01,0,0,0,0,0,0,1,3,9,32,54,113,170,290,543,611,545,454,272,77,3,0,0,0,4,41,167,460,1154,1351,1,3178
Se10 気管，気管支及び肺の悪性新生物＜腫瘍＞,2020,3,2020-03-01,0,0,0,0,0,0,1,8,19,37,80,142,272,582,1100,1225,1167,1027,547,146,14,0,0,0,9,56,222,854,2325,2901,1,6368
Se11 乳房の悪性新生物＜腫瘍＞,2020,3,2020-03-01,0,0,0,0,0,0,15,8,45,63,88,92,105,135,161,134,125,112,70,45,12,0,0,0,23,108,180,240,295,364,0,1210
Se12 子宮の悪性新生物＜腫瘍＞,2020,3,2020-03-01,0,0,0,0,0,0,2,10,18,39,42,47,49,69,82,55,54,51,29,7,1,0,0,0,12,57,89,118,137,142,0,555
Se13 白血病,2020,3,2020-03-01,4,1,0,2,4,5,2,4,6,10,19,21,20,66,115,129,153,109,48,15,1,5,2,9,6,16,40,86,244,326,0,734
Se14 糖尿病,2020,3,2020-03-01,0,0,0,0,0,0,1,6,3,20,17,29,50,85,132,182,203,249,164,68,8,0,0,0,7,23,46,135,314,692,0,1217
Se15 高血圧性疾患,2020,3,2020-03-01,0,0,0,0,0,0,0,0,4,8,7,12,29,38,46,80,114,168,209,123,36,0,0,0,0,12,19,67,126,650,1,875
Se16 心疾患（高血圧性を除く）,2020,3,2020-03-01,5,1,1,2,4,7,26,34,93,122,207,302,429,781,1306,1870,2798,3928,3755,1972,445,6,3,11,60,215,509,1210,3176,12898,5,18093
Se17 急性心筋梗塞,2020,3,2020-03-01,0,0,0,0,0,1,3,8,27,31,60,93,90,163,311,338,424,514,341,133,26,0,0,1,11,58,153,253,649,1438,0,2563
Se18 その他の虚血性心疾患,2020,3,2020-03-01,0,0,0,0,0,1,6,7,15,27,66,78,141,222,368,486,601,668,445,162,34,0,0,1,13,42,144,363,854,1910,3,3330
Se19 不整脈及び伝導障害,2020,3,2020-03-01,1,0,0,1,4,2,6,10,20,18,31,57,77,143,211,275,425,609,559,288,47,1,1,6,16,38,88,220,486,1928,1,2785
Se20 心不全,2020,3,2020-03-01,0,0,0,0,0,2,7,5,16,23,32,49,79,176,281,569,1066,1685,1940,1163,301,0,0,2,12,39,81,255,850,6155,1,7395
Se21 脳血管疾患,2020,3,2020-03-01,3,0,3,0,1,4,4,15,60,116,152,183,238,433,734,1034,1483,1988,1675,772,136,3,3,5,19,176,335,671,1768,6054,3,9037
Se22 くも膜下出血,2020,3,2020-03-01,2,0,1,0,1,1,1,5,17,53,50,54,58,80,121,148,124,160,105,36,5,2,1,2,6,70,104,138,269,430,2,1024
Se23 脳内出血,2020,3,2020-03-01,0,0,2,0,0,2,3,9,38,54,87,98,133,217,310,370,480,572,334,140,18,0,2,2,12,92,185,350,680,1544,1,2868
Se24 脳梗塞,2020,3,2020-03-01,0,0,0,0,0,1,0,1,3,5,12,25,41,123,274,490,840,1205,1201,578,111,0,0,1,1,8,37,164,764,3935,0,4910
Se25 大動脈瘤及び解離,2020,3,2020-03-01,0,0,1,0,0,2,0,3,11,21,36,52,78,105,187,212,287,388,254,81,8,0,1,2,3,32,88,183,399,1018,1,1727
Se26 肺炎,2020,3,2020-03-01,3,0,0,0,0,1,1,4,4,13,23,35,89,181,388,739,1292,1921,1854,872,191,3,0,1,5,17,58,270,1127,6130,1,7612
Se27 慢性閉塞性肺疾患,2020,3,2020-03-01,0,0,0,0,0,0,0,0,0,0,3,5,15,46,118,224,296,344,241,85,12,0,0,0,0,0,8,61,342,978,0,1389
Se28 喘息,2020,3,2020-03-01,0,0,0,0,0,0,1,1,0,2,2,1,1,6,5,11,18,26,18,17,1,0,0,0,2,2,3,7,16,80,0,110
Se29 肝疾患,2020,3,2020-03-01,1,0,0,0,0,1,3,17,40,53,112,117,140,169,202,220,207,166,104,18,2,1,0,1,20,93,229,309,422,497,0,1572
Se30 腎不全,2020,3,2020-03-01,0,0,0,0,0,0,1,2,3,5,21,18,36,91,155,230,450,589,552,223,46,0,0,0,3,8,39,127,385,1860,0,2422
Se31 老衰,2020,3,2020-03-01,0,0,0,0,0,0,0,0,0,0,0,0,5,15,67,281,894,2167,3705,2878,1088,0,0,0,0,0,0,20,348,10732,1,11101
Se32 不慮の事故,2020,3,2020-03-01,17,3,5,12,30,22,17,21,35,61,73,91,103,193,295,401,539,702,527,182,36,20,17,52,38,96,164,296,696,1986,1,3366
Se33 交通事故,2020,3,2020-03-01,6,1,2,4,23,11,8,7,10,20,22,15,18,27,38,38,24,23,13,2,0,7,6,34,15,30,37,45,76,62,0,312
Se34 自殺,2020,3,2020-03-01,0,0,5,38,96,85,108,107,147,168,122,152,121,126,120,109,85,51,22,6,1,0,43,181,215,315,274,247,229,165,3,1672
総数,2020,4,2020-04-01,144,21,31,89,172,162,189,352,579,1137,1591,2245,3364,5962,10151,13427,17712,22798,20187,9716,2355,165,120,334,541,1716,3836,9326,23578,72768,23,112407
Se01 結核,2020,4,2020-04-01,0,0,0,0,0,0,0,0,1,1,1,2,0,6,6,16,32,44,40,18,3,0,0,0,0,2,3,6,22,137,0,170
Se02 悪性新生物＜腫瘍＞,2020,4,2020-04-01,2,4,9,8,19,18,33,91,175,393,620,932,1525,2857,4629,5065,5307,5026,3067,899,110,6,17,37,124,568,1552,4382,9694,14409,3,30792
Se03 食道の悪性新生物＜腫瘍＞,2020,4,2020-04-01,0,0,0,0,1,0,0,0,2,10,16,35,76,120,191,191,162,85,52,10,0,0,0,1,0,12,51,196,382,309,0,951
Se04 胃の悪性新生物＜腫瘍＞,2020,4,2020-04-01,0,0,0,0,0,1,5,10,19,30,49,77,144,334,526,534,605,591,348,108,10,0,0,1,15,49,126,478,1060,1662,1,3392
Se05 結腸の悪性新生物＜腫瘍＞,2020,4,2020-04-01,0,0,0,0,0,2,4,8,14,31,45,78,124,274,372,422,439,502,379,142,24,0,0,2,12,45,123,398,794,1486,0,2860
Se06 直腸Ｓ状結腸移行部及び直腸の悪性新生物＜腫瘍＞,2020,4,2020-04-01,0,0,0,0,0,0,0,9,12,20,47,45,84,158,226,184,202,172,89,20,3,0,0,0,9,32,92,242,410,486,0,1271
Se07 肝及び肝内胆管の悪性新生物＜腫瘍＞,2020,4,2020-04-01,0,0,0,0,0,1,1,2,8,13,27,54,88,179,288,356,409,362,186,44,2,0,0,1,3,21,81,267,644,1003,0,2020
Se08 胆のう及びその他の胆道の悪性新生物＜腫瘍＞,2020,4,2020-04-01,0,0,0,0,0,0,1,1,1,8,11,30,54,89,187,260,284,299,191,75,5,0,0,0,2,9,41,143,447,854,1,1497
Se09 膵の悪性新生物＜腫瘍＞,2020,4,2020-04-01,0,0,0,0,0,2,2,3,12,40,53,105,157,306,519,586,508,420,244,68,8,0,0,2,5,52,158,463,1105,1248,0,3033
Se10 気管，気管支及び肺の悪性新生物＜腫瘍＞,2020,4,2020-04-01,0,0,0,0,0,0,1,4,16,41,65,128,278,584,1092,1115,1109,989,583,160,12,0,0,0,5,57,193,862,2207,2853,1,6178
Se11 乳房の悪性新生物＜腫瘍＞,2020,4,2020-04-01,0,0,0,0,0,2,6,7,26,72,94,103,111,137,145,142,125,105,78,37,6,0,0,2,13,98,197,248,287,351,0,1196
Se12 子宮の悪性新生物＜腫瘍＞,2020,4,2020-04-01,0,0,0,0,0,0,4,13,13,28,43,39,55,51,65,63,58,57,37,15,2,0,0,0,17,41,82,106,128,169,0,543
Se13 白血病,2020,4,2020-04-01,0,2,2,3,4,3,3,4,7,13,23,22,47,76,111,118,114,109,63,7,2,2,5,7,7,20,45,123,229,295,0,733
Se14 糖尿病,2020,4,2020-04-01,0,0,0,0,1,3,2,3,5,19,20,30,50,82,111,181,212,235,170,60,19,0,0,4,5,24,50,132,292,696,1,1204
Se15 高血圧性疾患,2020,4,2020-04-01,0,0,0,0,0,0,1,3,0,3,4,6,23,35,61,80,111,148,179,140,39,0,0,0,4,3,10,58,141,617,0,833
Se16 心疾患（高血圧性を除く）,2020,4,2020-04-01,5,0,1,5,10,13,14,34,62,142,207,276,448,675,1229,1777,2483,3660,3696,1811,379,5,6,23,48,204,483,1123,3006,12029,0,16927
Se17 急性心筋梗塞,2020,4,2020-04-01,0,0,0,0,0,2,1,6,17,39,53,78,137,164,282,340,385,477,341,110,17,0,0,2,7,56,131,301,622,1330,0,2449
Se18 その他の虚血性心疾患,2020,4,2020-04-01,0,0,1,0,1,2,2,11,16,36,71,69,122,193,311,443,565,577,399,136,27,0,1,3,13,52,140,315,754,1704,0,2982
Se19 不整脈及び伝導障害,2020,4,2020-04-01,1,0,0,1,5,3,5,5,9,27,26,52,61,116,177,269,373,578,530,263,44,1,1,8,10,36,78,177,446,1788,0,2545
Se20 心不全,2020,4,2020-04-01,1,0,0,1,2,5,2,4,14,23,28,48,90,137,313,528,876,1577,1978,1084,264,1,1,7,6,37,76,227,841,5779,0,6975
Se21 脳血管疾患,2020,4,2020-04-01,0,1,1,0,6,2,10,36,45,110,159,205,252,404,720,965,1425,1855,1637,718,147,1,1,8,46,155,364,656,1685,5782,3,8701
Se22 くも膜下出血,2020,4,2020-04-01,0,0,1,0,1,1,4,14,20,44,46,56,55,80,116,131,134,149,100,31,1,0,1,2,18,64,102,135,247,415,1,985
Se23 脳内出血,2020,4,2020-04-01,0,1,0,0,5,0,4,21,22,59,87,114,138,212,298,355,451,509,380,114,17,1,0,5,25,81,201,350,653,1471,2,2789
Se24 脳梗塞,2020,4,2020-04-01,0,0,0,0,0,0,0,1,3,6,16,29,48,101,285,453,803,1146,1116,552,125,0,0,0,1,9,45,149,738,3742,0,4684
Se25 大動脈瘤及び解離,2020,4,2020-04-01,0,0,0,0,0,0,1,2,14,25,26,30,46,89,176,226,298,360,260,68,10,0,0,0,3,39,56,135,402,996,1,1632
Se26 肺炎,2020,4,2020-04-01,2,2,1,0,1,0,0,4,7,20,23,45,83,160,351,693,1130,1738,1612,725,168,4,1,1,4,27,68,243,1044,5373,0,6765
Se27 慢性閉塞性肺疾患,2020,4,2020-04-01,0,0,0,0,0,0,0,0,1,2,7,8,10,42,111,205,253,341,235,74,12,0,0,0,0,3,15,52,316,915,0,1301
Se28 喘息,2020,4,2020-04-01,0,0,0,0,1,0,0,0,1,2,1,1,7,3,5,12,17,23,36,6,0,0,0,1,0,3,2,10,17,82,0,115
Se29 肝疾患,2020,4,2020-04-01,0,0,0,0,0,1,3,15,32,66,83,114,95,151,183,188,189,163,77,23,2,0,0,1,18,98,197,246,371,454,0,1385
Se30 腎不全,2020,4,2020-04-01,0,0,0,0,0,0,2,2,2,8,14,6,31,68,147,259,391,585,513,207,32,0,0,0,4,10,20,99,406,1728,0,2267
Se31 老衰,2020,4,2020-04-01,0,0,0,0,0,0,0,0,0,0,0,0,2,9,74,272,845,2236,3367,2731,973,0,0,0,0,0,0,11,346,10152,0,10509
Se32 不慮の事故,2020,4,2020-04-01,11,4,1,17,23,18,19,23,20,46,58,65,83,158,237,351,485,597,470,187,37,15,18,41,42,66,123,241,588,1776,0,2910
Se33 交通事故,2020,4,2020-04-01,3,2,1,8,14,8,4,8,12,14,21,10,14,22,27,34,43,23,12,2,0,5,9,22,12,26,31,36,61,80,0,282
Se34 自殺,2020,4,2020-04-01,0,0,7,44,92,73,61,76,102,103,124,123,123,100,114,107,79,45,28,5,0,0,51,165,137,205,247,223,221,157,3,1409
総数,2020,5,2020-05-01,166,20,21,90,158,164,242,381,575,1221,1576,2112,3226,5862,9668,12869,16896,21596,18976,9248,2372,186,111,322,623,1796,3688,9088,22537,69088,45,107484
Se01 結核,2020,5,2020-05-01,0,0,0,0,0,0,0,1,0,0,1,2,4,8,13,15,24,51,32,13,1,0,0,0,1,0,3,12,28,121,0,165
Se02 悪性新生物＜腫瘍＞,2020,5,2020-05-01,7,4,3,10,16,16,38,85,187,422,608,889,1494,2871,4563,5112,5429,5121,3019,854,101,11,13,32,123,609,1497,4365,9675,14524,2,30851
Se03 食道の悪性新生物＜腫瘍＞,2020,5,2020-05-01,0,0,0,0,0,0,0,1,3,3,18,32,64,133,199,158,149,103,33,7,0,0,0,0,1,6,50,197,357,292,0,903
Se04 胃の悪性新生物＜腫瘍＞,2020,5,2020-05-01,0,0,0,0,0,2,4,8,20,37,59,64,147,316,553,553,614,593,346,95,10,0,0,2,12,57,123,463,1106,1658,0,3421
Se05 結腸の悪性新生物＜腫瘍＞,2020,5,2020-05-01,0,0,0,0,1,0,4,10,15,43,61,78,139,279,355,423,456,501,365,122,24,0,0,1,14,58,139,418,778,1468,0,2876
Se06 直腸Ｓ状結腸移行部及び直腸の悪性新生物＜腫瘍＞,2020,5,2020-05-01,0,0,0,0,1,0,0,4,5,28,21,59,85,155,214,199,169,158,105,13,4,0,0,1,4,33,80,240,413,449,0,1220
Se07 肝及び肝内胆管の悪性新生物＜腫瘍＞,2020,5,2020-05-01,1,1,0,0,1,0,0,5,4,11,22,45,89,191,305,351,391,348,186,42,4,2,0,1,5,15,67,280,656,971,0,1997
Se08 胆のう及びその他の胆道の悪性新生物＜腫瘍＞,2020,5,2020-05-01,0,0,0,0,0,0,0,1,4,7,9,18,37,93,165,206,309,305,198,63,14,0,0,0,1,11,27,130,371,889,0,1429
Se09 膵の悪性新生物＜腫瘍＞,2020,5,2020-05-01,0,0,0,0,0,0,1,2,19,29,50,106,174,269,478,520,622,446,250,71,6,0,0,0,3,48,156,443,998,1395,0,3043
Se10 気管，気管支及び肺の悪性新生物＜腫瘍＞,2020,5,2020-05-01,0,0,0,0,0,1,2,3,13,41,78,115,256,606,1033,1247,1131,1031,577,137,14,0,0,1,5,54,193,862,2280,2890,2,6287
Se11 乳房の悪性新生物＜腫瘍＞,2020,5,2020-05-01,0,0,0,0,0,2,2,10,27,62,85,100,105,131,173,140,104,114,81,40,4,0,0,2,12,89,185,236,313,343,0,1180
Se12 子宮の悪性新生物＜腫瘍＞,2020,5,2020-05-01,0,0,0,0,1,0,5,8,20,26,43,45,48,59,74,53,75,70,37,6,0,0,0,1,13,46,88,107,127,188,0,570
Se13 白血病,2020,5,2020-05-01,3,0,1,4,6,2,5,2,11,18,18,31,34,89,109,146,110,106,53,15,0,3,5,8,7,29,49,123,255,284,0,763
Se14 糖尿病,2020,5,2020-05-01,0,0,0,0,1,0,3,5,6,21,15,39,48,83,123,153,190,250,153,48,7,0,0,1,8,27,54,131,276,648,0,1145
Se15 高血圧性疾患,2020,5,2020-05-01,0,0,0,0,0,1,1,1,1,6,6,16,20,33,54,73,92,147,169,130,46,0,0,1,2,7,22,53,127,584,1,797
Se16 心疾患（高血圧性を除く）,2020,5,2020-05-01,4,3,2,1,6,13,12,34,65,135,223,285,370,644,1077,1610,2258,3393,3440,1675,397,7,3,19,46,200,508,1014,2687,11163,3,15650
Se17 急性心筋梗塞,2020,5,2020-05-01,0,0,0,0,1,0,1,4,20,30,65,75,87,138,215,317,334,451,334,86,16,0,0,1,5,50,140,225,532,1221,0,2174
Se18 その他の虚血性心疾患,2020,5,2020-05-01,1,1,0,0,0,3,1,12,13,39,60,88,105,183,294,394,477,494,402,149,30,2,0,3,13,52,148,288,688,1552,2,2748
Se19 不整脈及び伝導障害,2020,5,2020-05-01,0,0,2,1,4,3,1,8,10,30,38,47,60,90,162,223,343,490,511,201,42,0,3,7,9,40,85,150,385,1587,0,2266
Se20 心不全,2020,5,2020-05-01,0,0,0,0,1,5,3,4,15,20,37,50,70,166,309,513,844,1529,1776,1047,264,0,0,6,7,35,87,236,822,5460,1,6654
Se21 脳血管疾患,2020,5,2020-05-01,1,1,0,1,1,4,7,22,51,106,134,146,195,390,601,946,1372,1819,1502,670,145,2,1,5,29,157,280,585,1547,5508,0,8114
Se22 くも膜下出血,2020,5,2020-05-01,1,0,0,0,0,1,1,11,23,50,50,33,53,84,90,119,121,128,70,25,4,1,0,1,12,73,83,137,209,348,0,864
Se23 脳内出血,2020,5,2020-05-01,0,1,0,0,1,3,6,9,25,44,70,80,101,155,252,349,446,470,344,97,16,1,0,4,15,69,150,256,601,1373,0,2469
Se24 脳梗塞,2020,5,2020-05-01,0,0,0,1,0,0,0,0,3,9,8,24,35,138,241,458,764,1172,1053,531,118,0,1,0,0,12,32,173,699,3638,0,4555
Se25 大動脈瘤及び解離,2020,5,2020-05-01,0,0,0,1,1,0,0,3,5,16,23,39,54,70,130,192,187,300,207,68,13,0,1,1,3,21,62,124,322,775,1,1310
Se26 肺炎,2020,5,2020-05-01,2,1,2,0,1,0,3,6,4,13,27,30,79,166,343,589,997,1500,1355,677,152,3,2,1,9,17,57,245,932,4681,2,5949
Se27 慢性閉塞性肺疾患,2020,5,2020-05-01,0,0,0,0,0,0,0,1,0,3,1,5,13,44,126,198,267,337,245,49,17,0,0,0,1,3,6,57,324,915,0,1306
Se28 喘息,2020,5,2020-05-01,0,0,0,0,0,0,0,1,2,0,2,0,1,7,3,14,10,19,11,12,1,0,0,0,1,2,2,8,17,53,0,83
Se29 肝疾患,2020,5,2020-05-01,0,0,1,0,0,1,6,14,39,66,94,97,114,150,181,174,190,164,76,25,8,0,1,1,20,105,191,264,355,463,0,1400
Se30 腎不全,2020,5,2020-05-01,0,0,0,0,0,0,0,0,2,8,9,13,21,59,136,227,386,591,477,207,32,0,0,0,0,10,22,80,363,1693,0,2168
Se31 老衰,2020,5,2020-05-01,0,0,0,0,0,0,0,0,0,0,0,0,4,11,78,253,830,2038,3298,2668,984,0,0,0,0,0,0,15,331,9818,1,10165
Se32 不慮の事故,2020,5,2020-05-01,11,4,3,17,11,19,14,22,22,32,57,67,86,154,212,310,426,510,433,151,34,15,20,30,36,54,124,240,522,1554,3,2598
Se33 交通事故,2020,5,2020-05-01,3,1,1,11,3,12,7,7,6,10,20,10,18,17,18,33,31,29,18,1,0,4,12,15,14,16,30,35,51,79,0,256
Se34 自殺,2020,5,2020-05-01,0,0,6,41,88,72,105,118,94,149,123,97,104,100,122,119,81,61,33,5,0,0,47,160,223,243,220,204,241,180,2,1520
総数,2020,6,2020-06-01,163,28,41,107,162,153,216,320,541,1125,1491,2025,3002,5507,9187,11930,15638,19786,17466,8438,2184,191,148,315,536,1666,3516,8509,21117,63512,41,99551
Se01 結核,2020,6,2020-06-01,0,0,0,0,0,0,0,0,0,2,0,2,0,1,7,13,24,45,42,21,1,0,0,0,0,2,2,1,20,133,0,158
Se02 悪性新生物＜腫瘍＞,2020,6,2020-06-01,7,4,6,12,24,18,40,70,172,399,603,928,1466,2735,4465,5078,5300,4980,2997,862,113,11,18,42,110,571,1531,4201,9543,14252,2,30281
Se03 食道の悪性新生物＜腫瘍＞,2020,6,2020-06-01,0,0,0,0,0,0,0,0,3,2,16,39,75,109,165,161,150,98,38,4,1,0,0,0,0,5,55,184,326,291,1,862
Se04 胃の悪性新生物＜腫瘍＞,2020,6,2020-06-01,0,0,0,0,2,3,5,10,13,27,50,80,153,296,516,563,631,560,326,101,18,0,0,5,15,40,130,449,1079,1636,1,3355
Se05 結腸の悪性新生物＜腫瘍＞,2020,6,2020-06-01,0,0,0,0,3,1,9,5,12,35,56,84,111,250,385,413,485,475,357,115,19,0,0,4,14,47,140,361,798,1451,0,2815
Se06 直腸Ｓ状結腸移行部及び直腸の悪性新生物＜腫瘍＞,2020,6,2020-06-01,0,0,0,0,0,1,2,7,6,25,37,49,79,167,190,202,181,148,102,32,6,0,0,1,9,31,86,246,392,469,0,1234
Se07 肝及び肝内胆管の悪性新生物＜腫瘍＞,2020,6,2020-06-01,0,0,0,0,0,1,0,0,4,19,30,60,98,159,278,316,407,390,205,46,4,0,0,1,0,23,90,257,594,1052,0,2017
Se08 胆のう及びその他の胆道の悪性新生物＜腫瘍＞,2020,6,2020-06-01,0,0,0,0,0,0,0,0,2,8,5,13,40,116,159,241,291,292,207,68,13,0,0,0,0,10,18,156,400,871,0,1455
Se09 膵の悪性新生物＜腫瘍＞,2020,6,2020-06-01,0,0,0,0,1,0,1,4,8,32,51,90,164,310,511,546,514,471,244,52,8,0,0,1,5,40,141,474,1057,1289,0,3007
Se10 気管，気管支及び肺の悪性新生物＜腫瘍＞,2020,6,2020-06-01,0,0,0,0,1,0,0,9,22,46,72,141,276,550,1023,1166,1077,960,551,133,12,0,0,1,9,68,213,826,2189,2733,0,6039
Se11 乳房の悪性新生物＜腫瘍＞,2020,6,2020-06-01,0,0,0,0,0,1,5,8,26,70,89,130,99,131,168,145,118,111,77,42,8,0,0,1,13,96,219,230,313,356,0,1228
Se12 子宮の悪性新生物＜腫瘍＞,2020,6,2020-06-01,0,0,0,0,0,2,5,6,23,34,40,46,39,63,69,59,58,56,39,8,2,0,0,2,11,57,86,102,128,163,0,549
Se13 白血病,2020,6,2020-06-01,1,0,3,3,2,4,3,4,7,9,14,23,37,50,113,155,137,102,53,13,0,1,6,6,7,16,37,87,268,305,0,733
Se14 糖尿病,2020,6,2020-06-01,0,0,0,1,0,2,1,3,6,13,18,22,25,60,115,164,169,189,133,55,13,0,1,2,4,19,40,85,279,559,0,989
Se15 高血圧性疾患,2020,6,2020-06-01,0,0,0,0,0,0,1,2,2,8,8,6,23,30,49,48,90,129,143,109,34,0,0,0,3,10,14,53,97,505,1,683
Se16 心疾患（高血圧性を除く）,2020,6,2020-06-01,5,1,3,0,3,11,14,24,70,145,183,254,326,623,1025,1368,2020,3056,2994,1491,328,6,3,14,38,215,437,949,2393,9889,4,13948
Se17 急性心筋梗塞,2020,6,2020-06-01,0,0,0,0,0,2,1,3,16,37,44,81,96,152,215,268,304,377,288,110,11,0,0,2,4,53,125,248,483,1090,1,2006
Se18 その他の虚血性心疾患,2020,6,2020-06-01,0,0,0,0,0,1,2,5,21,37,61,76,96,175,285,325,417,433,336,107,19,0,0,1,7,58,137,271,610,1312,1,2397
Se19 不整脈及び伝導障害,2020,6,2020-06-01,0,1,1,0,1,6,6,8,11,33,25,41,44,82,173,177,314,455,428,186,49,1,1,7,14,44,66,126,350,1432,0,2041
Se20 心不全,2020,6,2020-06-01,0,0,0,0,2,2,3,2,15,23,33,33,55,141,246,430,781,1413,1557,918,210,0,0,4,5,38,66,196,676,4879,2,5866
Se21 脳血管疾患,2020,6,2020-06-01,1,0,0,1,4,4,10,25,36,101,128,143,193,311,570,851,1245,1583,1359,617,128,1,1,8,35,137,271,504,1421,4932,1,7311
Se22 くも膜下出血,2020,6,2020-06-01,1,0,0,0,2,2,5,9,18,42,49,47,53,69,78,102,110,123,88,31,4,1,0,4,14,60,96,122,180,356,0,833
Se23 脳内出血,2020,6,2020-06-01,0,0,0,0,0,2,4,14,15,49,57,75,91,134,227,295,419,389,317,94,13,0,0,2,18,64,132,225,522,1232,0,2195
Se24 脳梗塞,2020,6,2020-06-01,0,0,0,1,1,0,1,2,3,10,12,20,39,95,242,427,677,1034,921,486,109,0,1,1,3,13,32,134,669,3227,1,4081
Se25 大動脈瘤及び解離,2020,6,2020-06-01,0,0,0,0,0,1,1,2,7,18,20,23,47,76,125,191,205,252,201,64,13,0,0,1,3,25,43,123,316,735,0,1246
Se26 肺炎,2020,6,2020-06-01,0,2,0,0,0,0,1,4,6,7,9,30,52,121,248,466,834,1266,1210,556,104,2,0,0,5,13,39,173,714,3970,0,4916
Se27 慢性閉塞性肺疾患,2020,6,2020-06-01,0,0,0,0,0,0,0,0,0,0,1,3,13,62,114,200,248,288,170,61,9,0,0,0,0,0,4,75,314,776,0,1169
Se28 喘息,2020,6,2020-06-01,0,1,0,0,0,0,0,0,0,4,1,1,2,6,11,9,6,8,9,6,4,1,0,0,0,4,2,8,20,33,0,68
Se29 肝疾患,2020,6,2020-06-01,0,0,0,0,0,1,7,17,28,64,72,98,110,172,178,180,169,136,60,30,3,0,0,1,24,92,170,282,358,398,0,1325
Se30 腎不全,2020,6,2020-06-01,0,0,1,1,0,0,0,2,3,6,6,11,28,71,135,181,313,495,421,165,36,0,2,0,2,9,17,99,316,1430,0,1875
Se31 老衰,2020,6,2020-06-01,0,0,0,0,0,0,0,0,0,0,0,0,5,10,74,225,819,1987,3271,2456,1008,0,0,0,0,0,0,15,299,9541,1,9856
Se32 不慮の事故,2020,6,2020-06-01,8,7,4,16,17,14,18,19,21,32,45,51,71,137,190,256,343,426,368,138,40,15,20,31,37,53,96,208,446,1315,0,2221
Se33 交通事故,2020,6,2020-06-01,1,2,1,7,9,8,9,5,8,9,14,12,22,26,29,25,31,20,12,1,0,3,8,17,14,17,26,48,54,64,0,251
Se34 自殺,2020,6,2020-06-01,0,0,15,56,87,76,88,95,89,146,129,103,110,100,139,96,68,54,34,6,1,0,71,163,183,235,232,210,235,163,4,1496
総数,2020,7,2020-07-01,156,24,29,106,185,193,238,352,595,1132,1653,2144,3152,5735,9429,12468,16363,20561,18336,8893,2250,180,135,378,590,1727,3797,8887,21897,66403,52,104046
Se01 結核,2020,7,2020-07-01,0,0,0,0,0,0,0,0,0,0,0,2,1,3,2,10,21,45,39,12,0,0,0,0,0,0,2,4,12,117,0,135
Se02 悪性新生物＜腫瘍＞,2020,7,2020-07-01,5,8,9,11,5,22,40,89,151,375,631,943,1565,2880,4573,5303,5490,5340,3118,918,113,13,20,27,129,526,1574,4445,9876,14979,2,31591
Se03 食道の悪性新生物＜腫瘍＞,2020,7,2020-07-01,0,0,0,0,0,0,0,2,1,5,22,43,66,108,173,178,162,104,42,8,0,0,0,0,2,6,65,174,351,316,0,914
Se04 胃の悪性新生物＜腫瘍＞,2020,7,2020-07-01,0,0,0,0,0,4,4,9,16,32,50,72,164,304,497,579,696,622,393,125,16,0,0,4,13,48,122,468,1076,1852,1,3584
Se05 結腸の悪性新生物＜腫瘍＞,2020,7,2020-07-01,0,0,0,1,0,4,8,8,10,38,67,104,117,267,410,452,523,543,376,160,8,0,1,4,16,48,171,384,862,1610,1,3097
Se06 直腸Ｓ状結腸移行部及び直腸の悪性新生物＜腫瘍＞,2020,7,2020-07-01,0,0,0,0,1,0,3,4,7,18,40,47,88,157,199,218,162,164,75,23,2,0,0,1,7,25,87,245,417,426,0,1208
Se07 肝及び肝内胆管の悪性新生物＜腫瘍＞,2020,7,2020-07-01,1,0,0,0,0,0,0,3,8,6,28,52,90,167,286,390,364,412,197,39,4,1,0,0,3,14,80,257,676,1016,0,2047
Se08 胆のう及びその他の胆道の悪性新生物＜腫瘍＞,2020,7,2020-07-01,0,0,0,0,0,0,0,0,2,6,9,23,38,97,144,244,291,347,218,60,13,0,0,0,0,8,32,135,388,929,0,1492
Se09 膵の悪性新生物＜腫瘍＞,2020,7,2020-07-01,0,0,0,0,0,0,1,2,11,29,58,88,182,345,512,571,568,479,251,74,9,0,0,0,3,40,146,527,1083,1381,0,3180
Se10 気管，気管支及び肺の悪性新生物＜腫瘍＞,2020,7,2020-07-01,0,0,0,0,0,0,1,7,8,39,68,134,291,602,1067,1198,1100,1042,555,138,12,0,0,0,8,47,202,893,2265,2847,0,6262
Se11 乳房の悪性新生物＜腫瘍＞,2020,7,2020-07-01,0,0,0,0,1,1,0,7,25,59,86,92,124,150,164,163,116,130,91,29,8,0,0,2,7,84,178,274,327,374,0,1246
Se12 子宮の悪性新生物＜腫瘍＞,2020,7,2020-07-01,0,0,0,0,0,0,3,9,16,34,44,62,59,69,55,63,67,55,43,10,2,0,0,0,12,50,106,128,118,177,0,591
Se13 白血病,2020,7,2020-07-01,1,1,0,3,1,7,5,2,9,7,13,22,53,63,147,127,119,109,59,18,0,2,3,8,7,16,35,116,274,305,0,766
Se14 糖尿病,2020,7,2020-07-01,0,0,0,1,0,1,0,4,6,24,18,25,42,69,123,147,212,189,119,54,16,0,1,1,4,30,43,111,270,590,1,1051
Se15 高血圧性疾患,2020,7,2020-07-01,0,0,0,0,0,0,1,1,1,4,8,12,11,27,59,53,89,122,159,104,31,0,0,0,2,5,20,38,112,505,0,682
Se16 心疾患（高血圧性を除く）,2020,7,2020-07-01,2,1,1,6,10,6,17,31,58,138,185,251,355,611,1022,1415,2123,3088,3121,1605,347,3,7,16,48,196,436,966,2437,10284,4,14397
Se17 急性心筋梗塞,2020,7,2020-07-01,0,0,0,1,1,0,3,3,12,39,51,68,88,156,235,291,322,395,303,117,18,0,1,1,6,51,119,244,526,1155,1,2104
Se18 その他の虚血性心疾患,2020,7,2020-07-01,0,0,0,0,0,1,1,9,13,44,60,71,103,165,258,307,437,481,335,128,28,0,0,1,10,57,131,268,565,1409,3,2444
Se19 不整脈及び伝導障害,2020,7,2020-07-01,0,0,0,1,4,1,7,7,17,24,32,44,64,89,179,208,301,456,476,227,39,0,1,5,14,41,76,153,387,1499,0,2176
Se20 心不全,2020,7,2020-07-01,0,0,1,2,1,2,5,8,9,19,24,46,67,133,242,440,794,1393,1639,950,232,0,3,3,13,28,70,200,682,5008,0,6007
Se21 脳血管疾患,2020,7,2020-07-01,0,0,0,0,0,3,4,12,48,101,133,133,176,366,603,920,1302,1677,1444,637,118,0,0,3,16,149,266,542,1523,5178,9,7686
Se22 くも膜下出血,2020,7,2020-07-01,0,0,0,0,0,0,3,10,25,50,43,38,47,67,88,115,120,143,82,28,1,0,0,0,13,75,81,114,203,374,2,862
Se23 脳内出血,2020,7,2020-07-01,0,0,0,0,0,3,1,2,22,49,75,68,85,172,249,327,386,441,320,117,16,0,0,3,3,71,143,257,576,1280,5,2338
Se24 脳梗塞,2020,7,2020-07-01,0,0,0,0,0,0,0,0,1,0,12,26,41,115,251,454,760,1054,1014,480,98,0,0,0,0,1,38,156,705,3406,2,4308
Se25 大動脈瘤及び解離,2020,7,2020-07-01,0,0,0,1,0,0,2,2,4,20,25,34,45,67,135,182,220,256,171,70,4,0,1,0,4,24,59,112,317,721,0,1238
Se26 肺炎,2020,7,2020-07-01,1,0,0,0,2,3,4,0,5,14,14,17,53,86,302,472,861,1364,1256,606,149,1,0,5,4,19,31,139,774,4236,0,5209
Se27 慢性閉塞性肺疾患,2020,7,2020-07-01,0,0,0,0,0,0,0,0,0,3,4,5,16,50,98,208,268,314,195,72,10,0,0,0,0,3,9,66,306,859,0,1243
Se28 喘息,2020,7,2020-07-01,0,0,0,0,0,0,0,1,0,1,3,2,3,6,4,6,13,11,12,8,6,0,0,0,1,1,5,9,10,50,0,76
Se29 肝疾患,2020,7,2020-07-01,0,1,0,0,0,3,8,12,38,73,91,107,119,156,162,166,169,148,90,28,5,1,0,3,20,111,198,275,328,440,1,1377
Se30 腎不全,2020,7,2020-07-01,0,0,0,0,0,0,0,2,1,1,11,18,24,77,132,229,341,491,455,169,18,0,0,0,2,2,29,101,361,1474,0,1969
Se31 老衰,2020,7,2020-07-01,0,0,0,0,0,0,0,0,0,0,0,0,1,12,60,261,809,2022,3367,2456,980,0,0,0,0,0,0,13,321,9634,1,9969
Se32 不慮の事故,2020,7,2020-07-01,7,4,3,21,19,15,19,26,26,54,72,66,74,140,190,279,349,439,393,145,42,11,24,34,45,80,138,214,469,1368,1,2384
Se33 交通事故,2020,7,2020-07-01,0,2,0,15,12,4,6,11,2,20,19,12,13,20,25,33,20,14,6,1,1,2,15,16,17,22,31,33,58,42,0,236
Se34 自殺,2020,7,2020-07-01,0,0,8,52,116,107,97,114,154,130,151,129,115,121,155,116,96,82,39,6,1,0,60,223,211,284,280,236,271,224,3,1792
総数,2020,8,2020-08-01,161,20,48,149,225,200,250,377,667,1165,1750,2393,3459,6045,10554,13263,17543,21756,18953,9227,2351,181,197,425,627,1832,4143,9504,23817,69830,90,110646
Se01 結核,2020,8,2020-08-01,0,0,0,0,0,0,0,0,0,1,0,2,1,3,6,13,22,41,29,11,1,0,0,0,0,1,2,4,19,104,0,130
Se02 悪性新生物＜腫瘍＞,2020,8,2020-08-01,1,7,8,12,12,22,39,84,148,357,597,986,1527,2872,4830,5251,5670,5331,3083,934,132,8,20,34,123,505,1583,4399,10081,15150,4,31907
Se03 食道の悪性新生物＜腫瘍＞,2020,8,2020-08-01,0,0,0,0,0,0,0,1,1,8,16,44,73,120,149,172,161,116,49,9,0,0,0,0,1,9,60,193,321,335,0,919
Se04 胃の悪性新生物＜腫瘍＞,2020,8,2020-08-01,0,0,0,0,0,0,7,10,16,27,49,69,154,300,532,542,665,592,341,153,11,0,0,0,17,43,118,454,1074,1762,0,3468
Se05 結腸の悪性新生物＜腫瘍＞,2020,8,2020-08-01,0,0,0,0,1,3,2,5,14,35,55,84,115,244,431,476,529,550,403,129,18,0,0,4,7,49,139,359,907,1629,0,3094
Se06 直腸Ｓ状結腸移行部及び直腸の悪性新生物＜腫瘍＞,2020,8,2020-08-01,0,0,0,0,0,1,2,2,9,23,40,57,83,157,251,202,223,143,91,31,8,0,0,1,4,32,97,240,453,496,0,1323
Se07 肝及び肝内胆管の悪性新生物＜腫瘍＞,2020,8,2020-08-01,0,0,1,0,0,1,0,3,6,13,23,52,103,168,326,344,393,365,205,54,6,0,1,1,3,19,75,271,670,1023,0,2063
Se08 胆のう及びその他の胆道の悪性新生物＜腫瘍＞,2020,8,2020-08-01,0,0,0,0,1,0,1,2,2,8,9,22,39,97,166,216,316,301,174,58,8,0,0,1,3,10,31,136,382,857,0,1420
Se09 膵の悪性新生物＜腫瘍＞,2020,8,2020-08-01,0,0,0,0,0,1,1,1,10,32,48,105,162,329,549,611,602,488,270,57,17,0,0,1,2,42,153,491,1160,1434,0,3283
Se10 気管，気管支及び肺の悪性新生物＜腫瘍＞,2020,8,2020-08-01,0,0,0,0,0,1,1,7,10,28,78,145,285,577,1144,1257,1159,1071,554,147,18,0,0,1,8,38,223,862,2401,2949,1,6483
Se11 乳房の悪性新生物＜腫瘍＞,2020,8,2020-08-01,0,0,0,0,0,1,3,12,33,60,87,121,109,152,171,129,119,128,86,37,7,0,0,1,15,93,208,261,300,377,0,1255
Se12 子宮の悪性新生物＜腫瘍＞,2020,8,2020-08-01,0,0,0,0,0,0,4,11,10,44,43,54,36,60,83,61,73,67,35,11,1,0,0,0,15,54,97,96,144,187,0,593
Se13 白血病,2020,8,2020-08-01,1,0,2,0,3,2,4,4,6,2,19,24,37,69,139,149,128,116,53,9,1,1,2,5,8,8,43,106,288,307,0,768
Se14 糖尿病,2020,8,2020-08-01,0,0,0,0,2,0,2,2,7,14,31,27,53,63,151,148,190,212,156,48,9,0,0,2,4,21,58,116,299,615,0,1115
Se15 高血圧性疾患,2020,8,2020-08-01,0,0,0,0,0,0,0,2,4,10,9,14,31,41,61,65,105,166,157,102,30,0,0,0,2,14,23,72,126,560,0,797
Se16 心疾患（高血圧性を除く）,2020,8,2020-08-01,1,1,1,5,7,10,16,25,71,148,229,329,422,736,1232,1637,2344,3322,3186,1642,356,2,6,17,41,219,558,1158,2869,10850,9,15729
Se17 急性心筋梗塞,2020,8,2020-08-01,0,0,0,0,2,2,2,5,15,41,65,83,104,186,252,309,426,426,312,114,18,0,0,4,7,56,148,290,561,1296,0,2362
Se18 その他の虚血性心疾患,2020,8,2020-08-01,0,0,0,0,0,1,3,5,17,45,75,87,135,214,346,397,552,557,360,151,32,0,0,1,8,62,162,349,743,1652,6,2983
Se19 不整脈及び伝導障害,2020,8,2020-08-01,0,1,0,3,1,3,4,7,22,25,36,54,56,125,182,235,318,484,489,238,39,1,3,4,11,47,90,181,417,1568,0,2322
Se20 心不全,2020,8,2020-08-01,0,0,0,0,3,1,2,3,11,26,28,71,91,145,307,530,797,1442,1619,958,242,0,0,4,5,37,99,236,837,5058,2,6278
Se21 脳血管疾患,2020,8,2020-08-01,0,1,2,2,0,6,8,16,52,76,140,173,212,346,660,902,1291,1732,1463,656,123,1,4,6,24,128,313,558,1562,5265,1,7862
Se22 くも膜下出血,2020,8,2020-08-01,0,1,0,2,0,2,5,4,21,28,50,41,59,66,98,103,102,146,74,18,1,1,2,2,9,49,91,125,201,341,0,821
Se23 脳内出血,2020,8,2020-08-01,0,0,2,0,0,1,3,8,29,44,74,96,92,160,267,322,434,450,303,95,14,0,2,1,11,73,170,252,589,1296,1,2395
Se24 脳梗塞,2020,8,2020-08-01,0,0,0,0,0,2,0,3,2,2,14,28,53,109,274,459,728,1098,1058,526,102,0,0,2,3,4,42,162,733,3512,0,4458
Se25 大動脈瘤及び解離,2020,8,2020-08-01,0,0,0,0,0,0,1,5,5,14,26,20,42,63,135,139,205,279,206,65,5,0,0,0,6,19,46,105,274,760,0,1210
Se26 肺炎,2020,8,2020-08-01,1,0,0,2,2,3,3,3,8,9,18,28,54,143,300,572,945,1397,1364,638,136,1,2,5,6,17,46,197,872,4480,0,5626
Se27 慢性閉塞性肺疾患,2020,8,2020-08-01,0,0,0,0,0,0,0,0,1,1,3,7,10,46,133,208,271,288,207,60,8,0,0,0,0,2,10,56,341,834,0,1243
Se28 喘息,2020,8,2020-08-01,0,0,0,0,0,0,0,1,1,2,1,3,1,2,5,6,7,24,12,12,3,0,0,0,1,3,4,3,11,58,0,80
Se29 肝疾患,2020,8,2020-08-01,0,0,0,0,0,1,1,16,40,71,101,116,130,149,185,180,195,131,89,18,4,0,0,1,17,111,217,279,365,437,1,1428
Se30 腎不全,2020,8,2020-08-01,0,0,0,1,0,0,1,0,4,5,12,20,35,65,149,215,357,532,462,174,34,0,1,0,1,9,32,100,364,1559,0,2066
Se31 老衰,2020,8,2020-08-01,0,0,0,0,0,0,0,0,0,0,0,0,0,15,72,288,867,2077,3354,2652,1047,0,0,0,0,0,0,15,360,9997,0,10372
Se32 不慮の事故,2020,8,2020-08-01,8,2,12,33,40,22,32,27,39,74,87,99,123,225,363,444,571,619,490,190,39,10,45,62,59,113,186,348,807,1909,2,3541
Se33 交通事故,2020,8,2020-08-01,2,0,3,8,13,4,10,9,8,15,14,13,17,25,25,32,29,25,8,1,1,2,11,17,19,23,27,42,57,64,0,262
Se34 自殺,2020,8,2020-08-01,0,0,15,73,132,106,102,127,150,151,146,143,119,95,127,120,101,71,25,6,2,0,88,238,229,301,289,214,247,205,8,1819
総数,2020,9,2020-09-01,147,23,39,126,220,204,237,363,608,1131,1496,2172,3201,5606,9893,12536,16533,21386,18919,9342,2354,170,165,424,600,1739,3668,8807,22429,68534,46,106582
Se01 結核,2020,9,2020-09-01,0,0,0,0,0,0,0,0,0,0,1,1,4,5,12,16,26,35,36,12,4,0,0,0,0,0,2,9,28,113,0,152
Se02 悪性新生物＜腫瘍＞,2020,9,2020-09-01,4,4,9,6,12,20,35,85,174,353,563,900,1472,2737,4658,5343,5514,5334,3137,920,133,8,15,32,120,527,1463,4209,10001,15038,2,31415
Se03 食道の悪性新生物＜腫瘍＞,2020,9,2020-09-01,0,0,0,0,0,0,0,1,2,9,20,30,49,96,158,179,130,107,47,13,1,0,0,0,1,11,50,145,337,298,0,842
Se04 胃の悪性新生物＜腫瘍＞,2020,9,2020-09-01,0,0,0,0,1,1,9,9,19,34,46,86,138,305,493,600,649,666,384,97,11,0,0,2,18,53,132,443,1093,1807,0,3548
Se05 結腸の悪性新生物＜腫瘍＞,2020,9,2020-09-01,0,0,0,0,1,2,4,9,29,26,44,58,132,236,423,481,504,555,393,136,30,0,0,3,13,55,102,368,904,1618,0,3063
Se06 直腸Ｓ状結腸移行部及び直腸の悪性新生物＜腫瘍＞,2020,9,2020-09-01,0,0,0,0,0,1,0,2,12,25,29,54,101,161,239,201,201,181,94,34,6,0,0,1,2,37,83,262,440,516,0,1341
Se07 肝及び肝内胆管の悪性新生物＜腫瘍＞,2020,9,2020-09-01,1,0,0,0,0,0,0,4,4,20,27,45,94,179,301,350,387,432,216,47,5,1,0,0,4,24,72,273,651,1087,0,2112
Se08 胆のう及びその他の胆道の悪性新生物＜腫瘍＞,2020,9,2020-09-01,0,0,0,0,0,0,0,0,0,3,13,30,44,101,183,245,271,308,206,66,15,0,0,0,0,3,43,145,428,866,0,1485
Se09 膵の悪性新生物＜腫瘍＞,2020,9,2020-09-01,0,0,0,0,0,2,0,6,11,24,59,112,157,304,495,592,531,484,267,70,11,0,0,2,6,35,171,461,1087,1363,0,3125
Se10 気管，気管支及び肺の悪性新生物＜腫瘍＞,2020,9,2020-09-01,0,0,0,0,2,0,0,4,12,40,66,138,276,590,1076,1193,1175,1003,547,140,10,0,0,2,4,52,204,866,2269,2875,0,6272
Se11 乳房の悪性新生物＜腫瘍＞,2020,9,2020-09-01,0,0,0,0,0,1,2,9,22,48,70,103,111,143,145,138,133,110,85,45,9,0,0,1,11,70,173,254,283,382,0,1174
Se12 子宮の悪性新生物＜腫瘍＞,2020,9,2020-09-01,0,0,0,0,0,1,3,12,14,35,43,43,49,52,64,60,64,58,30,11,2,0,0,1,15,49,86,101,124,165,0,541
Se13 白血病,2020,9,2020-09-01,0,1,2,1,2,3,2,2,2,8,17,33,24,65,128,158,121,107,68,11,2,1,3,5,4,10,50,89,286,309,0,757
Se14 糖尿病,2020,9,2020-09-01,0,0,0,0,0,1,1,2,3,19,6,28,37,63,108,128,183,224,161,46,5,0,0,1,3,22,34,100,236,619,0,1015
Se15 高血圧性疾患,2020,9,2020-09-01,0,0,0,0,0,0,0,1,2,2,14,14,14,37,56,53,89,138,149,97,43,0,0,0,1,4,28,51,109,516,0,709
Se16 心疾患（高血圧性を除く）,2020,9,2020-09-01,8,2,2,5,10,15,16,30,58,140,161,252,384,604,1078,1369,2070,3076,3236,1638,349,10,7,25,46,198,413,988,2447,10369,4,14507
Se17 急性心筋梗塞,2020,9,2020-09-01,0,0,0,0,0,0,1,5,12,35,42,62,93,148,240,248,324,418,315,108,9,0,0,0,6,47,104,241,488,1174,0,2060
Se18 その他の虚血性心疾患,2020,9,2020-09-01,0,0,0,0,1,0,3,6,21,35,46,66,121,170,293,319,387,445,334,140,24,0,0,1,9,56,112,291,612,1330,4,2415
Se19 不整脈及び伝導障害,2020,9,2020-09-01,1,0,1,3,3,8,6,7,13,30,33,38,56,90,148,197,310,457,471,220,44,1,4,11,13,43,71,146,345,1502,0,2136
Se20 心不全,2020,9,2020-09-01,1,0,0,0,2,3,4,5,9,24,27,57,71,133,276,446,794,1373,1681,986,238,1,0,5,9,33,84,204,722,5072,0,6130
Se21 脳血管疾患,2020,9,2020-09-01,0,0,2,1,1,2,4,19,57,110,136,146,222,350,658,856,1274,1742,1510,690,126,0,3,3,23,167,282,572,1514,5342,0,7906
Se22 くも膜下出血,2020,9,2020-09-01,0,0,1,1,0,1,4,10,21,44,45,55,59,56,114,98,120,138,86,27,3,0,2,1,14,65,100,115,212,374,0,883
Se23 脳内出血,2020,9,2020-09-01,0,0,1,0,1,0,0,8,34,58,74,73,111,173,254,323,402,462,293,120,20,0,1,1,8,92,147,284,577,1297,0,2407
Se24 脳梗塞,2020,9,2020-09-01,0,0,0,0,0,0,0,1,2,4,13,17,49,112,269,414,726,1098,1094,522,99,0,0,0,1,6,30,161,683,3539,0,4420
Se25 大動脈瘤及び解離,2020,9,2020-09-01,0,0,0,0,0,1,1,3,2,18,28,35,48,63,133,162,212,288,201,80,12,0,0,1,4,20,63,111,295,793,1,1288
Se26 肺炎,2020,9,2020-09-01,2,0,0,0,1,1,1,3,6,13,16,29,52,114,294,517,888,1428,1339,660,152,2,0,2,4,19,45,166,811,4467,0,5516
Se27 慢性閉塞性肺疾患,2020,9,2020-09-01,1,0,0,0,0,0,0,0,2,2,4,6,18,51,122,181,272,303,210,78,7,1,0,0,0,4,10,69,303,870,0,1257
Se28 喘息,2020,9,2020-09-01,0,0,0,0,0,0,0,0,1,2,6,0,1,4,8,7,9,12,15,10,3,0,0,0,0,3,6,5,15,49,0,78
Se29 肝疾患,2020,9,2020-09-01,0,0,0,1,0,3,5,18,35,66,73,107,129,151,180,190,186,167,82,20,1,0,1,3,23,101,180,280,370,456,0,1414
Se30 腎不全,2020,9,2020-09-01,0,0,1,0,0,0,0,0,1,4,4,14,22,82,154,203,364,488,471,169,44,0,1,0,0,5,18,104,357,1536,0,2021
Se31 老衰,2020,9,2020-09-01,0,0,0,0,0,0,0,0,0,0,0,0,3,14,74,273,896,2180,3406,2673,1034,0,0,0,0,0,0,17,347,10189,2,10555
Se32 不慮の事故,2020,9,2020-09-01,6,7,3,21,24,13,27,23,31,49,54,65,83,142,246,276,364,492,405,171,40,13,24,37,50,80,119,225,522,1472,3,2545
Se33 交通事故,2020,9,2020-09-01,0,3,2,14,14,7,4,11,10,19,19,15,17,25,33,40,36,28,12,0,0,3,16,21,15,29,34,42,73,76,0,309
Se34 自殺,2020,9,2020-09-01,0,0,14,75,142,110,107,113,135,141,157,140,97,114,142,106,112,75,26,3,3,0,89,252,220,276,297,211,248,219,3,1815
総数,2020,10,2020-10-01,167,22,19,122,215,207,277,415,680,1183,1738,2351,3413,6120,10599,13510,18152,23662,21076,10414,2737,189,141,422,692,1863,4089,9533,24109,76041,65,117144
Se01 結核,2020,10,2020-10-01,0,0,0,0,0,0,0,0,0,1,3,1,3,2,7,21,40,43,48,13,3,0,0,0,0,1,4,5,28,147,1,186
Se02 悪性新生物＜腫瘍＞,2020,10,2020-10-01,10,9,4,10,11,14,45,89,191,367,612,1009,1572,2955,4935,5373,5745,5600,3352,960,143,19,14,25,134,558,1621,4527,10308,15800,0,33006
Se03 食道の悪性新生物＜腫瘍＞,2020,10,2020-10-01,0,0,0,0,0,0,1,0,2,8,14,37,71,119,186,165,160,115,55,12,1,0,0,0,1,10,51,190,351,343,0,946
Se04 胃の悪性新生物＜腫瘍＞,2020,10,2020-10-01,0,0,0,1,0,2,2,13,21,24,52,87,167,322,568,615,632,693,428,117,10,0,1,2,15,45,139,489,1183,1880,0,3754
Se05 結腸の悪性新生物＜腫瘍＞,2020,10,2020-10-01,0,0,0,0,0,0,2,9,16,44,53,89,127,262,435,454,549,559,406,128,23,0,0,0,11,60,142,389,889,1665,0,3156
Se06 直腸Ｓ状結腸移行部及び直腸の悪性新生物＜腫瘍＞,2020,10,2020-10-01,0,0,0,0,1,1,3,5,15,10,49,64,86,165,244,236,208,156,115,31,5,0,0,2,8,25,113,251,480,515,0,1394
Se07 肝及び肝内胆管の悪性新生物＜腫瘍＞,2020,10,2020-10-01,1,0,0,0,0,0,1,2,5,15,25,53,100,191,299,360,463,444,190,44,6,1,0,0,3,20,78,291,659,1147,0,2199
Se08 胆のう及びその他の胆道の悪性新生物＜腫瘍＞,2020,10,2020-10-01,0,0,0,0,0,0,0,1,2,11,11,26,44,95,198,224,317,337,225,63,16,0,0,0,1,13,37,139,422,958,0,1570
Se09 膵の悪性新生物＜腫瘍＞,2020,10,2020-10-01,0,0,0,0,0,1,3,3,16,29,64,93,174,312,530,566,619,495,276,87,10,0,0,1,6,45,157,486,1096,1487,0,3278
Se10 気管，気管支及び肺の悪性新生物＜腫瘍＞,2020,10,2020-10-01,0,0,0,0,0,1,5,7,14,50,61,173,272,619,1148,1241,1117,1035,563,165,19,0,0,1,12,64,234,891,2389,2899,0,6490
Se11 乳房の悪性新生物＜腫瘍＞,2020,10,2020-10-01,0,0,0,0,0,1,6,15,26,53,104,99,106,147,184,160,118,126,103,29,6,0,0,1,21,79,203,253,344,382,0,1283
Se12 子宮の悪性新生物＜腫瘍＞,2020,10,2020-10-01,0,0,0,0,0,1,3,9,23,23,51,48,52,46,71,70,72,53,36,10,1,0,0,1,12,46,99,98,141,172,0,569
Se13 白血病,2020,10,2020-10-01,4,2,0,2,3,4,2,4,11,7,8,25,48,79,113,133,144,128,63,10,2,6,2,7,6,18,33,127,246,347,0,792
Se14 糖尿病,2020,10,2020-10-01,0,0,0,0,1,0,0,1,3,17,22,32,33,84,127,137,190,224,182,67,15,0,0,1,1,20,54,117,264,678,0,1135
Se15 高血圧性疾患,2020,10,2020-10-01,0,0,0,0,0,0,1,1,1,3,7,15,28,34,51,72,84,149,178,128,41,0,0,0,2,4,22,62,123,580,1,794
Se16 心疾患（高血圧性を除く）,2020,10,2020-10-01,6,0,2,4,4,8,19,30,60,136,213,255,399,674,1200,1634,2473,3589,3632,1873,432,6,6,12,49,196,468,1073,2834,11999,7,16650
Se17 急性心筋梗塞,2020,10,2020-10-01,0,0,0,1,0,1,1,6,19,35,68,74,85,168,269,307,427,528,402,157,19,0,1,1,7,54,142,253,576,1533,0,2567
Se18 その他の虚血性心疾患,2020,10,2020-10-01,0,0,0,0,0,1,8,6,18,33,53,71,133,188,308,372,503,502,414,140,35,0,0,1,14,51,124,321,680,1594,4,2789
Se19 不整脈及び伝導障害,2020,10,2020-10-01,2,0,0,1,1,5,4,4,15,18,31,45,76,121,213,253,378,542,537,260,45,2,1,6,8,33,76,197,466,1762,1,2552
Se20 心不全,2020,10,2020-10-01,0,0,0,0,1,0,3,8,4,32,39,29,72,134,295,527,895,1616,1855,1110,296,0,0,1,11,36,68,206,822,5772,0,6916
Se21 脳血管疾患,2020,10,2020-10-01,0,0,0,0,3,11,5,23,58,113,131,171,229,376,703,991,1466,1977,1546,727,169,0,0,14,28,171,302,605,1694,5885,0,8699
Se22 くも膜下出血,2020,10,2020-10-01,0,0,0,0,0,8,3,15,26,43,51,48,60,71,108,111,156,147,97,30,6,0,0,8,18,69,99,131,219,436,0,980
Se23 脳内出血,2020,10,2020-10-01,0,0,0,0,3,2,2,8,31,60,69,93,128,181,278,345,460,516,332,118,21,0,0,5,10,91,162,309,623,1447,0,2647
Se24 脳梗塞,2020,10,2020-10-01,0,0,0,0,0,1,0,0,1,9,10,21,38,111,301,511,814,1267,1078,559,136,0,0,1,0,10,31,149,812,3854,0,4857
Se25 大動脈瘤及び解離,2020,10,2020-10-01,0,0,0,0,0,0,2,2,9,13,34,50,62,116,185,233,289,378,251,77,15,0,0,0,4,22,84,178,418,1010,0,1716
Se26 肺炎,2020,10,2020-10-01,0,0,0,0,1,0,1,1,1,7,14,36,62,149,331,552,1006,1608,1531,680,163,0,0,1,2,8,50,211,883,4988,0,6143
Se27 慢性閉塞性肺疾患,2020,10,2020-10-01,0,0,0,1,0,0,0,0,2,0,2,7,16,61,128,217,320,331,235,66,10,0,1,0,0,2,9,77,345,962,0,1396
Se28 喘息,2020,10,2020-10-01,1,0,0,1,0,0,0,0,1,3,1,1,4,5,2,7,8,24,14,14,5,1,1,0,0,4,2,9,9,65,0,91
Se29 肝疾患,2020,10,2020-10-01,0,0,0,0,0,3,5,18,40,77,86,115,157,153,197,197,207,159,79,33,6,0,0,3,23,117,201,310,394,484,1,1533
Se30 腎不全,2020,10,2020-10-01,0,0,0,0,0,0,1,1,1,8,9,19,38,78,135,191,394,545,518,182,35,0,0,0,2,9,28,116,326,1674,0,2155
Se31 老衰,2020,10,2020-10-01,0,0,0,0,0,0,0,0,0,0,0,0,4,21,96,278,951,2398,3926,3056,1201,0,0,0,0,0,0,25,374,11532,0,11931
Se32 不慮の事故,2020,10,2020-10-01,9,5,3,22,26,17,19,18,28,37,69,70,100,130,267,375,531,580,466,223,40,14,25,43,37,65,139,230,642,1840,4,3039
Se33 交通事故,2020,10,2020-10-01,2,5,1,20,17,12,7,9,12,14,28,18,17,22,41,53,37,29,17,1,0,7,21,29,16,26,46,39,94,84,1,363
Se34 自殺,2020,10,2020-10-01,0,0,8,65,134,116,137,152,185,231,208,166,143,121,161,138,95,81,46,7,0,0,73,250,289,416,374,264,299,229,3,2197
総数,2020,11,2020-11-01,129,28,30,117,155,212,255,355,656,1183,1663,2368,3240,5931,10689,13309,18229,24155,21436,10812,2602,157,147,367,610,1839,4031,9171,23998,77234,31,117585
Se01 結核,2020,11,2020-11-01,0,0,0,0,0,0,0,0,0,0,1,0,0,1,8,11,27,25,50,16,1,0,0,0,0,0,1,1,19,119,0,140
Se02 悪性新生物＜腫瘍＞,2020,11,2020-11-01,4,4,8,5,7,20,42,88,169,377,587,992,1425,2785,4788,5059,5525,5319,3159,1025,120,8,13,27,130,546,1579,4210,9847,15148,0,31508
Se03 食道の悪性新生物＜腫瘍＞,2020,11,2020-11-01,0,0,0,0,0,0,1,2,1,13,21,48,52,108,170,159,151,94,55,14,2,0,0,0,3,14,69,160,329,316,0,891
Se04 胃の悪性新生物＜腫瘍＞,2020,11,2020-11-01,0,0,0,1,0,0,7,8,11,39,50,82,149,313,532,562,640,635,371,128,10,0,1,0,15,50,132,462,1094,1784,0,3538
Se05 結腸の悪性新生物＜腫瘍＞,2020,11,2020-11-01,0,0,0,0,0,2,4,14,15,31,47,78,135,238,404,408,470,507,383,147,18,0,0,2,18,46,125,373,812,1525,0,2901
Se06 直腸Ｓ状結腸移行部及び直腸の悪性新生物＜腫瘍＞,2020,11,2020-11-01,0,0,0,0,0,3,0,2,8,22,41,59,93,162,234,206,198,167,123,20,8,0,0,3,2,30,100,255,440,516,0,1346
Se07 肝及び肝内胆管の悪性新生物＜腫瘍＞,2020,11,2020-11-01,0,0,1,0,0,1,2,1,5,11,23,58,101,186,330,316,418,391,190,39,1,0,1,1,3,16,81,287,646,1039,0,2074
Se08 胆のう及びその他の胆道の悪性新生物＜腫瘍＞,2020,11,2020-11-01,0,0,0,0,0,0,0,1,3,7,12,25,42,125,180,242,275,318,182,64,8,0,0,0,1,10,37,167,422,847,0,1484
Se09 膵の悪性新生物＜腫瘍＞,2020,11,2020-11-01,0,0,0,0,0,0,0,2,9,27,59,121,165,275,511,519,589,490,281,92,10,0,0,0,2,36,180,440,1030,1462,0,3150
Se10 気管，気管支及び肺の悪性新生物＜腫瘍＞,2020,11,2020-11-01,0,0,0,0,0,0,1,11,15,39,57,133,256,590,1130,1181,1144,1070,545,175,16,0,0,0,12,54,190,846,2311,2950,0,6363
Se11 乳房の悪性新生物＜腫瘍＞,2020,11,2020-11-01,0,0,0,0,0,0,5,10,28,50,80,111,93,130,185,168,113,102,102,45,15,0,0,0,15,78,191,223,353,377,0,1237
Se12 子宮の悪性新生物＜腫瘍＞,2020,11,2020-11-01,0,0,0,0,0,1,4,9,17,36,50,48,36,53,76,59,63,57,42,13,2,0,0,1,13,53,98,89,135,177,0,566
Se13 白血病,2020,11,2020-11-01,1,1,3,0,2,5,0,4,9,15,9,27,32,52,113,155,137,119,57,15,1,2,3,7,4,24,36,84,268,329,0,757
Se14 糖尿病,2020,11,2020-11-01,0,0,0,0,1,1,1,3,9,17,23,32,44,73,132,153,188,244,176,58,14,0,0,2,4,26,55,117,285,680,0,1169
Se15 高血圧性疾患,2020,11,2020-11-01,0,0,0,0,0,0,1,1,1,5,13,17,27,33,50,69,98,175,192,123,39,0,0,0,2,6,30,60,119,627,0,844
Se16 心疾患（高血圧性を除く）,2020,11,2020-11-01,3,3,3,5,7,13,13,19,81,121,210,296,385,743,1287,1746,2536,3919,3777,2011,396,6,8,20,32,202,506,1128,3033,12639,2,17576
Se17 急性心筋梗塞,2020,11,2020-11-01,0,0,0,0,0,1,0,5,19,32,51,85,119,163,290,373,446,547,386,145,17,0,0,1,5,51,136,282,663,1541,2,2681
Se18 その他の虚血性心疾患,2020,11,2020-11-01,0,0,0,0,0,1,1,5,17,35,60,78,101,217,345,409,527,635,448,170,32,0,0,1,6,52,138,318,754,1812,0,3081
Se19 不整脈及び伝導障害,2020,11,2020-11-01,1,0,0,3,3,4,6,4,23,22,36,45,54,114,209,270,390,634,540,265,59,1,3,7,10,45,81,168,479,1888,0,2682
Se20 心不全,2020,11,2020-11-01,0,0,1,1,1,3,4,3,9,17,36,63,76,174,329,512,895,1649,1970,1202,244,0,2,4,7,26,99,250,841,5960,0,7189
Se21 脳血管疾患,2020,11,2020-11-01,0,0,0,0,3,5,11,15,56,119,141,175,252,399,732,955,1430,1935,1622,767,153,0,0,8,26,175,316,651,1687,5907,2,8772
Se22 くも膜下出血,2020,11,2020-11-01,0,0,0,0,0,4,3,8,28,52,56,54,47,87,108,128,133,160,98,29,4,0,0,4,11,80,110,134,236,424,1,1000
Se23 脳内出血,2020,11,2020-11-01,0,0,0,0,3,1,7,6,22,56,70,97,146,190,300,342,447,547,341,122,22,0,0,4,13,78,167,336,642,1479,0,2719
Se24 脳梗塞,2020,11,2020-11-01,0,0,0,0,0,0,1,0,3,5,13,21,49,107,307,458,824,1185,1150,596,121,0,0,0,1,8,34,156,765,3876,1,4841
Se25 大動脈瘤及び解離,2020,11,2020-11-01,0,0,0,0,0,0,0,5,8,19,38,49,54,109,210,181,350,376,261,88,14,0,0,0,5,27,87,163,391,1089,0,1762
Se26 肺炎,2020,11,2020-11-01,0,0,0,0,0,1,0,5,5,7,20,29,60,141,341,583,1055,1667,1568,768,141,0,0,1,5,12,49,201,924,5199,0,6391
Se27 慢性閉塞性肺疾患,2020,11,2020-11-01,0,0,0,0,0,0,1,0,0,1,4,4,16,39,140,195,289,371,215,72,4,0,0,0,1,1,8,55,335,951,0,1351
Se28 喘息,2020,11,2020-11-01,0,0,0,0,0,0,0,0,1,1,4,1,0,2,3,10,12,18,16,15,3,0,0,0,0,2,5,2,13,64,0,86
Se29 肝疾患,2020,11,2020-11-01,2,0,0,0,1,0,1,17,44,77,75,109,126,178,197,178,162,162,84,24,3,2,0,1,18,121,184,304,375,435,0,1440
Se30 腎不全,2020,11,2020-11-01,0,0,0,0,0,1,0,3,3,4,18,16,33,81,161,232,420,556,553,218,30,0,0,1,3,7,34,114,393,1777,0,2329
Se31 老衰,2020,11,2020-11-01,0,0,0,0,0,0,0,0,0,0,0,0,2,19,99,289,1021,2490,4022,3066,1189,0,0,0,0,0,0,21,388,11788,1,12198
Se32 不慮の事故,2020,11,2020-11-01,7,4,0,20,22,18,18,22,26,53,60,77,105,153,285,381,530,676,530,218,49,11,20,40,40,79,137,258,666,2003,1,3255
Se33 交通事故,2020,11,2020-11-01,0,3,0,14,11,11,7,8,9,20,13,17,24,27,35,47,55,42,19,3,0,3,14,22,15,29,30,51,82,119,0,365
Se34 自殺,2020,11,2020-11-01,0,0,11,66,90,121,123,112,153,170,175,143,117,108,148,117,101,61,25,6,1,0,77,211,235,323,318,225,265,194,2,1850
総数,2020,12,2020-12-01,195,29,45,95,202,206,271,388,715,1280,1858,2610,3839,6807,12315,15623,21198,27273,24437,12022,3204,224,140,408,659,1995,4468,10646,27938,88134,65,134677
Se01 結核,2020,12,2020-12-01,0,0,0,0,0,0,0,0,1,2,2,1,1,7,9,22,28,41,50,16,5,0,0,0,0,3,3,8,31,140,0,185
Se02 悪性新生物＜腫瘍＞,2020,12,2020-12-01,12,9,11,11,13,17,41,85,198,368,593,998,1580,2815,4995,5420,5754,5782,3398,1049,125,21,22,30,126,566,1591,4395,10415,16108,2,33276
Se03 食道の悪性新生物＜腫瘍＞,2020,12,2020-12-01,0,0,0,0,0,0,0,1,3,6,9,48,76,114,178,164,156,110,61,14,0,0,0,0,1,9,57,190,342,341,0,940
Se04 胃の悪性新生物＜腫瘍＞,2020,12,2020-12-01,0,0,0,1,1,2,4,8,21,22,34,104,160,329,568,586,650,717,417,129,15,0,1,3,12,43,138,489,1154,1928,1,3769
Se05 結腸の悪性新生物＜腫瘍＞,2020,12,2020-12-01,0,0,0,0,1,1,3,8,19,43,48,80,137,243,419,476,534,608,439,153,19,0,0,2,11,62,128,380,895,1753,0,3231
Se06 直腸Ｓ状結腸移行部及び直腸の悪性新生物＜腫瘍＞,2020,12,2020-12-01,0,0,0,0,0,0,1,2,9,20,37,48,108,162,231,195,207,164,86,41,4,0,0,0,3,29,85,270,426,502,0,1315
Se07 肝及び肝内胆管の悪性新生物＜腫瘍＞,2020,12,2020-12-01,0,0,0,0,0,0,1,3,4,6,25,46,99,168,347,381,424,429,217,46,1,0,0,0,4,10,71,267,728,1117,0,2197
Se08 胆のう及びその他の胆道の悪性新生物＜腫瘍＞,2020,12,2020-12-01,0,0,0,0,0,0,0,1,2,7,9,21,41,95,186,238,293,318,204,67,8,0,0,0,1,9,30,136,424,890,0,1490
Se09 膵の悪性新生物＜腫瘍＞,2020,12,2020-12-01,0,0,0,0,0,1,1,2,13,29,54,108,177,314,525,586,611,537,277,88,8,0,0,1,3,42,162,491,1111,1521,0,3331
Se10 気管，気管支及び肺の悪性新生物＜腫瘍＞,2020,12,2020-12-01,0,0,0,0,1,1,5,4,13,43,86,150,270,553,1162,1223,1253,1050,577,152,21,0,0,2,9,56,236,823,2385,3053,0,6564
Se11 乳房の悪性新生物＜腫瘍＞,2020,12,2020-12-01,0,0,0,0,0,0,3,14,35,63,79,98,104,143,180,125,142,128,73,69,10,0,0,0,17,98,177,247,305,422,1,1267
Se12 子宮の悪性新生物＜腫瘍＞,2020,12,2020-12-01,0,0,0,0,0,1,4,11,16,28,46,47,56,62,83,78,60,87,44,14,0,0,0,1,15,44,93,118,161,205,0,637
Se13 白血病,2020,12,2020-12-01,2,1,2,1,2,2,3,6,10,14,15,38,29,68,133,149,126,114,52,14,0,3,3,4,9,24,53,97,282,306,0,781
Se14 糖尿病,2020,12,2020-12-01,0,0,0,1,2,3,4,6,7,17,21,43,49,111,161,177,245,237,188,60,16,0,1,5,10,24,64,160,338,746,0,1348
Se15 高血圧性疾患,2020,12,2020-12-01,0,0,0,0,0,0,0,1,4,8,9,11,21,52,75,99,163,207,247,152,49,0,0,0,1,12,20,73,174,818,0,1098
Se16 心疾患（高血圧性を除く）,2020,12,2020-12-01,3,3,1,3,7,15,18,23,77,161,267,396,524,950,1772,2287,3386,4756,4711,2318,551,6,4,22,41,238,663,1474,4059,15722,5,22234
Se17 急性心筋梗塞,2020,12,2020-12-01,0,0,0,0,2,0,5,6,11,36,64,112,131,239,406,456,625,637,467,185,36,0,0,2,11,47,176,370,862,1950,1,3419
Se18 その他の虚血性心疾患,2020,12,2020-12-01,0,1,0,0,1,3,2,6,22,46,75,112,146,287,477,608,749,852,558,182,36,1,0,4,8,68,187,433,1085,2377,4,4167
Se19 不整脈及び伝導障害,2020,12,2020-12-01,0,0,1,2,2,5,2,6,21,32,44,69,92,149,274,380,568,741,706,317,70,0,3,7,8,53,113,241,654,2402,0,3481
Se20 心不全,2020,12,2020-12-01,0,1,0,1,1,4,3,3,11,29,54,68,105,197,451,638,1122,1958,2440,1367,353,1,1,5,6,40,122,302,1089,7240,0,8806
Se21 脳血管疾患,2020,12,2020-12-01,0,0,2,1,2,3,11,30,66,128,180,178,289,498,899,1144,1646,2101,1846,837,203,0,3,5,41,194,358,787,2043,6633,0,10064
Se22 くも膜下出血,2020,12,2020-12-01,0,0,1,1,1,2,3,17,24,53,64,46,77,100,133,150,167,143,104,34,6,0,2,3,20,77,110,177,283,454,0,1126
Se23 脳内出血,2020,12,2020-12-01,0,0,1,0,0,1,7,11,39,63,104,106,143,239,405,439,526,596,405,137,20,0,1,1,18,102,210,382,844,1684,0,3242
Se24 脳梗塞,2020,12,2020-12-01,0,0,0,0,1,0,1,2,2,11,8,24,60,145,331,524,907,1307,1294,642,167,0,0,1,3,13,32,205,855,4317,0,5426
Se25 大動脈瘤及び解離,2020,12,2020-12-01,0,0,0,0,0,0,2,6,4,24,42,56,87,128,255,285,325,415,297,95,9,0,0,0,8,28,98,215,540,1141,0,2030
Se26 肺炎,2020,12,2020-12-01,4,1,3,0,1,3,1,2,6,18,22,36,72,174,342,717,1203,1809,1719,778,175,5,3,4,3,24,58,246,1059,5684,3,7089
Se27 慢性閉塞性肺疾患,2020,12,2020-12-01,0,0,0,0,0,0,0,0,0,0,2,4,21,43,112,250,325,365,258,83,7,0,0,0,0,0,6,64,362,1038,0,1470
Se28 喘息,2020,12,2020-12-01,0,0,0,0,0,0,0,1,0,6,4,1,3,2,5,11,15,20,18,10,2,0,0,0,1,6,5,5,16,65,0,98
Se29 肝疾患,2020,12,2020-12-01,1,0,0,0,2,2,6,15,35,85,124,143,159,214,240,228,218,200,95,25,5,1,0,4,21,120,267,373,468,543,2,1799
Se30 腎不全,2020,12,2020-12-01,0,0,0,0,0,0,0,2,5,3,17,20,29,76,178,274,454,678,622,253,41,0,0,0,2,8,37,105,452,2048,0,2652
Se31 老衰,2020,12,2020-12-01,0,0,0,0,0,0,0,0,0,0,0,0,5,20,105,322,1118,2751,4372,3426,1364,0,0,0,0,0,0,25,427,13031,1,13484
Se32 不慮の事故,2020,12,2020-12-01,12,4,10,18,24,20,23,20,39,56,73,100,122,234,407,566,778,914,687,299,73,16,28,44,43,95,173,356,973,2751,5,4484
Se33 交通事故,2020,12,2020-12-01,2,0,1,11,17,6,6,5,10,13,20,15,17,33,53,59,46,49,12,2,1,2,12,23,11,23,35,50,112,110,0,378
Se34 自殺,2020,12,2020-12-01,0,0,10,41,113,115,112,121,148,171,158,148,132,104,115,92,84,53,26,6,0,0,51,228,233,319,306,236,207,169,10,1759
総数,2021,1,2021-01-01,172,27,38,102,178,212,245,359,693,1259,1787,2498,3749,6661,12350,15524,21963,28313,25479,12527,3199,199,140,390,604,1952,4285,10410,27874,91481,19,137354
Se01 結核,2021,1,2021-01-01,0,0,0,0,1,0,0,0,0,1,1,1,2,4,6,17,20,44,60,20,1,0,0,1,0,1,2,6,23,145,0,178
Se02 悪性新生物＜腫瘍＞,2021,1,2021-01-01,10,5,11,11,14,26,42,86,181,394,569,999,1558,2786,4969,5198,5652,5559,3263,1019,132,15,22,40,128,575,1568,4344,10167,15625,0,32484
Se03 食道の悪性新生物＜腫瘍＞,2021,1,2021-01-01,0,0,0,0,0,0,0,1,2,11,23,47,78,126,173,168,167,112,36,8,2,0,0,0,1,13,70,204,341,325,0,954
Se04 胃の悪性新生物＜腫瘍＞,2021,1,2021-01-01,0,0,0,0,2,4,4,8,16,36,51,70,154,316,544,608,657,623,386,117,8,0,0,6,12,52,121,470,1152,1791,0,3604
Se05 結腸の悪性新生物＜腫瘍＞,2021,1,2021-01-01,0,0,1,0,1,4,2,13,10,32,44,83,150,255,442,466,545,556,393,159,19,0,1,5,15,42,127,405,908,1672,0,3175
Se06 直腸Ｓ状結腸移行部及び直腸の悪性新生物＜腫瘍＞,2021,1,2021-01-01,0,0,0,0,0,0,1,6,8,27,25,62,78,153,254,199,196,183,98,30,7,0,0,0,7,35,87,231,453,514,0,1327
Se07 肝及び肝内胆管の悪性新生物＜腫瘍＞,2021,1,2021-01-01,1,0,0,0,1,1,2,1,6,10,18,56,105,145,310,331,370,420,218,46,5,1,0,2,3,16,74,250,641,1059,0,2046
Se08 胆のう及びその他の胆道の悪性新生物＜腫瘍＞,2021,1,2021-01-01,0,0,0,0,0,0,0,0,4,9,17,25,49,99,200,219,320,331,214,79,12,0,0,0,0,13,42,148,419,956,0,1578
Se09 膵の悪性新生物＜腫瘍＞,2021,1,2021-01-01,0,0,0,0,0,0,2,2,18,34,53,136,175,298,562,554,557,507,249,71,6,0,0,0,4,52,189,473,1116,1390,0,3224
Se10 気管，気管支及び肺の悪性新生物＜腫瘍＞,2021,1,2021-01-01,0,0,0,0,0,0,1,3,22,34,77,128,255,590,1096,1196,1194,1112,607,167,27,0,0,0,4,56,205,845,2292,3107,0,6509
Se11 乳房の悪性新生物＜腫瘍＞,2021,1,2021-01-01,0,0,0,0,0,0,7,13,36,66,79,112,136,142,175,149,137,132,98,44,6,0,0,0,20,102,191,278,324,417,0,1332
Se12 子宮の悪性新生物＜腫瘍＞,2021,1,2021-01-01,0,0,0,0,0,2,3,9,13,34,40,54,46,47,81,52,52,53,43,7,2,0,0,2,12,47,94,93,133,157,0,538
Se13 白血病,2021,1,2021-01-01,4,2,3,0,2,4,2,3,2,20,15,25,35,66,130,132,145,134,47,12,1,6,3,6,5,22,40,101,262,339,0,784
Se14 糖尿病,2021,1,2021-01-01,0,0,0,0,0,0,3,4,4,18,19,41,64,105,137,174,254,304,223,73,13,0,0,0,7,22,60,169,311,867,0,1436
Se15 高血圧性疾患,2021,1,2021-01-01,0,0,0,0,0,0,0,2,2,8,10,15,28,40,77,106,179,238,265,161,53,0,0,0,2,10,25,68,183,896,0,1184
Se16 心疾患（高血圧性を除く）,2021,1,2021-01-01,5,2,1,4,6,15,21,36,87,168,295,349,521,940,1774,2391,3656,5013,4823,2369,500,7,5,21,57,255,644,1461,4165,16361,1,22977
Se17 急性心筋梗塞,2021,1,2021-01-01,1,0,0,2,0,1,1,10,25,46,85,96,127,223,409,484,645,653,536,215,28,1,2,1,11,71,181,350,893,2077,0,3587
Se18 その他の虚血性心疾患,2021,1,2021-01-01,0,0,0,0,0,1,5,5,22,31,76,106,160,286,527,615,809,909,640,211,39,0,0,1,10,53,182,446,1142,2608,0,4442
Se19 不整脈及び伝導障害,2021,1,2021-01-01,2,0,0,2,4,8,9,7,22,33,48,67,84,166,311,358,579,784,724,270,49,2,2,12,16,55,115,250,669,2406,1,3528
Se20 心不全,2021,1,2021-01-01,0,0,0,0,0,3,3,9,10,35,55,52,104,183,378,690,1263,2083,2424,1391,341,0,0,3,12,45,107,287,1068,7502,0,9024
Se21 脳血管疾患,2021,1,2021-01-01,2,2,1,2,0,4,11,22,52,145,185,189,279,462,867,1187,1697,2180,1892,842,180,4,3,4,33,197,374,741,2054,6791,0,10201
Se22 くも膜下出血,2021,1,2021-01-01,0,1,1,1,0,3,5,10,25,50,76,55,61,89,140,141,147,189,96,23,9,1,2,3,15,75,131,150,281,464,0,1122
Se23 脳内出血,2021,1,2021-01-01,2,1,0,0,0,1,5,12,22,80,89,112,152,221,364,455,557,562,413,156,22,3,0,1,17,102,201,373,819,1710,0,3226
Se24 脳梗塞,2021,1,2021-01-01,0,0,0,1,0,0,0,0,4,8,15,18,57,137,333,562,938,1366,1323,639,142,0,1,0,0,12,33,194,895,4408,0,5543
Se25 大動脈瘤及び解離,2021,1,2021-01-01,0,0,0,0,0,1,0,6,11,22,43,57,80,143,233,263,355,443,334,93,9,0,0,1,6,33,100,223,496,1234,0,2093
Se26 肺炎,2021,1,2021-01-01,0,0,0,0,0,2,0,0,9,16,25,41,55,178,396,741,1328,1913,1950,852,184,0,0,2,0,25,66,233,1137,6227,0,7690
Se27 慢性閉塞性肺疾患,2021,1,2021-01-01,0,0,0,0,0,0,0,0,0,3,5,8,14,54,140,227,338,354,277,84,13,0,0,0,0,3,13,68,367,1066,0,1517
Se28 喘息,2021,1,2021-01-01,0,0,0,0,0,0,0,1,1,4,1,4,3,2,6,15,24,16,24,16,7,0,0,0,1,5,5,5,21,87,0,124
Se29 肝疾患,2021,1,2021-01-01,0,0,0,0,1,3,3,14,27,81,106,118,139,185,234,203,231,184,102,29,2,0,0,4,17,108,224,324,437,548,0,1662
Se30 腎不全,2021,1,2021-01-01,0,0,0,0,0,0,1,2,3,6,12,25,46,95,201,253,450,763,625,270,30,0,0,0,3,9,37,141,454,2138,0,2782
Se31 老衰,2021,1,2021-01-01,0,0,0,0,0,0,0,0,0,0,0,0,2,14,107,310,1072,2731,4465,3605,1434,0,0,0,0,0,0,16,417,13307,1,13741
Se32 不慮の事故,2021,1,2021-01-01,9,2,3,11,19,16,12,21,40,44,70,84,119,228,423,571,774,950,744,249,51,11,14,35,33,84,154,347,994,2768,4,4444
Se33 交通事故,2021,1,2021-01-01,0,2,2,7,10,4,5,5,7,10,11,21,7,27,39,29,37,30,17,1,0,2,9,14,10,17,32,34,68,85,0,271
Se34 自殺,2021,1,2021-01-01,0,0,8,62,113,115,101,98,156,164,143,132,113,78,112,88,72,45,19,3,2,0,70,228,199,320,275,191,200,141,2,1626
総数,2021,2,2021-02-01,142,32,39,102,182,192,210,346,557,1058,1607,2228,3188,5673,10713,13115,18490,24391,21803,10851,2696,174,141,374,556,1615,3835,8861,23828,78231,21,117636
Se01 結核,2021,2,2021-02-01,0,0,0,0,0,0,0,0,0,0,2,0,2,3,11,16,23,47,45,14,2,0,0,0,0,0,2,5,27,131,0,165
Se02 悪性新生物＜腫瘍＞,2021,2,2021-02-01,2,14,6,8,6,16,40,65,151,314,575,888,1323,2529,4462,4575,5025,4923,3019,895,120,16,14,22,105,465,1463,3852,9037,13982,3,28959
Se03 食道の悪性新生物＜腫瘍＞,2021,2,2021-02-01,0,0,0,0,0,0,0,0,1,4,20,31,58,89,184,127,137,85,52,8,0,0,0,0,0,5,51,147,311,282,0,796
Se04 胃の悪性新生物＜腫瘍＞,2021,2,2021-02-01,0,0,0,0,1,1,8,4,19,24,50,88,134,277,500,506,580,586,344,111,15,0,0,2,12,43,138,411,1006,1636,0,3248
Se05 結腸の悪性新生物＜腫瘍＞,2021,2,2021-02-01,0,0,0,1,0,2,3,1,10,32,45,74,117,229,399,379,453,478,369,135,17,0,1,2,4,42,119,346,778,1452,0,2744
Se06 直腸Ｓ状結腸移行部及び直腸の悪性新生物＜腫瘍＞,2021,2,2021-02-01,0,0,0,0,0,1,1,6,7,16,28,43,75,130,216,189,173,147,74,25,2,0,0,1,7,23,71,205,405,421,0,1133
Se07 肝及び肝内胆管の悪性新生物＜腫瘍＞,2021,2,2021-02-01,0,0,1,0,0,0,1,1,4,6,24,37,64,138,267,297,369,369,179,41,3,0,1,0,2,10,61,202,564,961,0,1801
Se08 胆のう及びその他の胆道の悪性新生物＜腫瘍＞,2021,2,2021-02-01,0,0,0,0,0,0,0,0,1,6,14,18,38,98,167,218,259,303,204,75,11,0,0,0,0,7,32,136,385,852,0,1412
Se09 膵の悪性新生物＜腫瘍＞,2021,2,2021-02-01,0,0,0,0,0,2,0,8,5,29,58,97,153,287,533,501,478,417,257,74,10,0,0,2,8,34,155,440,1034,1236,1,2910
Se10 気管，気管支及び肺の悪性新生物＜腫瘍＞,2021,2,2021-02-01,0,0,0,0,0,0,1,3,9,32,55,138,221,529,1017,1096,1084,984,535,151,24,0,0,0,4,41,193,750,2113,2778,1,5880
Se11 乳房の悪性新生物＜腫瘍＞,2021,2,2021-02-01,0,0,0,0,0,0,6,8,27,45,82,93,111,126,163,116,121,123,92,39,9,0,0,0,14,72,175,237,279,384,0,1161
Se12 子宮の悪性新生物＜腫瘍＞,2021,2,2021-02-01,0,0,0,0,0,1,3,11,17,25,43,51,47,50,52,56,50,56,34,8,1,0,0,1,14,42,94,97,108,149,0,505
Se13 白血病,2021,2,2021-02-01,0,1,1,1,1,3,2,4,10,14,8,25,35,60,110,107,125,103,53,6,0,1,2,4,6,24,33,95,217,287,0,669
Se14 糖尿病,2021,2,2021-02-01,0,0,1,0,1,2,1,3,6,12,30,23,47,85,148,179,218,277,197,68,10,0,1,3,4,18,53,132,327,770,0,1308
Se15 高血圧性疾患,2021,2,2021-02-01,0,0,0,1,0,0,0,0,0,7,12,10,22,24,69,86,125,198,221,136,25,0,1,0,0,7,22,46,155,705,0,936
Se16 心疾患（高血圧性を除く）,2021,2,2021-02-01,8,1,3,2,7,16,14,30,73,126,222,304,426,779,1437,1797,2806,4180,4066,2072,434,9,5,23,44,199,526,1205,3234,13558,1,18804
Se17 急性心筋梗塞,2021,2,2021-02-01,0,0,0,0,0,0,1,4,17,29,52,87,115,171,286,364,449,543,387,146,26,0,0,0,5,46,139,286,650,1551,0,2677
Se18 その他の虚血性心疾患,2021,2,2021-02-01,0,0,0,0,1,2,3,6,16,33,76,100,113,226,389,458,592,711,487,168,34,0,0,3,9,49,176,339,847,1992,1,3416
Se19 不整脈及び伝導障害,2021,2,2021-02-01,1,0,0,1,3,3,6,8,17,28,37,42,73,132,231,279,442,663,640,296,65,1,1,6,14,45,79,205,510,2106,0,2967
Se20 心不全,2021,2,2021-02-01,1,0,1,0,2,8,0,5,15,19,32,46,80,172,358,535,1003,1796,2082,1230,280,1,1,10,5,34,78,252,893,6391,0,7665
Se21 脳血管疾患,2021,2,2021-02-01,0,1,3,2,3,3,9,24,50,108,155,181,209,369,738,963,1405,1970,1603,790,156,1,5,6,33,158,336,578,1701,5924,0,8742
Se22 くも膜下出血,2021,2,2021-02-01,0,0,2,1,2,3,2,14,12,38,53,57,52,63,99,98,130,164,101,27,6,0,3,5,16,50,110,115,197,428,0,924
Se23 脳内出血,2021,2,2021-02-01,0,1,1,1,0,0,5,10,34,61,91,93,105,182,320,377,465,559,338,128,19,1,2,0,15,95,184,287,697,1509,0,2790
Se24 脳梗塞,2021,2,2021-02-01,0,0,0,0,0,0,2,0,3,6,5,25,49,110,297,463,779,1191,1121,612,126,0,0,0,2,9,30,159,760,3829,0,4789
Se25 大動脈瘤及び解離,2021,2,2021-02-01,0,0,0,0,0,0,0,3,6,14,34,47,63,119,212,243,316,323,267,79,13,0,0,0,3,20,81,182,455,998,0,1739
Se26 肺炎,2021,2,2021-02-01,2,0,0,0,0,2,2,2,7,13,23,31,62,141,338,570,1017,1586,1574,692,135,2,0,2,4,20,54,203,908,5004,0,6197
Se27 慢性閉塞性肺疾患,2021,2,2021-02-01,0,0,0,0,0,0,0,0,0,5,2,5,11,44,127,211,300,356,221,74,8,0,0,0,0,5,7,55,338,959,0,1364
Se28 喘息,2021,2,2021-02-01,0,0,0,1,0,0,0,2,2,2,3,2,2,2,8,4,13,14,21,15,2,0,1,0,2,4,5,4,12,65,0,93
Se29 肝疾患,2021,2,2021-02-01,1,0,0,0,2,0,2,8,34,62,91,108,145,154,198,178,208,165,84,26,1,1,0,2,10,96,199,299,376,484,0,1467
Se30 腎不全,2021,2,2021-02-01,0,0,0,0,0,0,2,3,1,5,11,32,38,77,168,258,375,632,609,251,49,0,0,0,5,6,43,115,426,1916,0,2511
Se31 老衰,2021,2,2021-02-01,0,0,0,0,0,0,0,0,0,0,0,0,4,13,92,299,928,2414,3804,3048,1167,0,0,0,0,0,0,17,391,11361,0,11769
Se32 不慮の事故,2021,2,2021-02-01,10,2,3,14,25,16,15,33,29,51,57,78,99,147,330,422,611,683,536,225,49,12,17,41,48,80,135,246,752,2104,1,3436
Se33 交通事故,2021,2,2021-02-01,2,1,1,11,11,8,4,11,3,13,15,18,11,19,33,34,39,26,10,3,1,3,12,19,15,16,33,30,67,79,0,274
Se34 自殺,2021,2,2021-02-01,0,0,11,48,113,109,92,105,112,165,141,127,102,108,129,92,70,61,19,11,1,0,59,222,197,277,268,210,221,162,1,1617
総数,2021,3,2021-03-01,149,20,37,88,202,220,248,384,634,1228,1730,2323,3317,6009,11343,13502,19119,25031,22647,11256,2885,169,125,422,632,1862,4053,9326,24845,80938,24,122396
Se01 結核,2021,3,2021-03-01,0,0,0,0,0,0,0,0,0,1,0,1,1,0,14,12,27,37,44,19,1,0,0,0,0,1,1,1,26,128,0,157
Se02 悪性新生物＜腫瘍＞,2021,3,2021-03-01,8,5,7,7,18,23,42,76,160,374,619,966,1420,2758,5058,5015,5674,5317,3214,982,130,13,14,41,118,534,1585,4178,10073,15317,0,31873
Se03 食道の悪性新生物＜腫瘍＞,2021,3,2021-03-01,0,0,0,0,0,0,0,0,1,5,15,29,65,102,186,164,145,93,51,14,2,0,0,0,0,6,44,167,350,305,0,872
Se04 胃の悪性新生物＜腫瘍＞,2021,3,2021-03-01,0,0,0,0,0,3,5,9,18,31,43,74,129,302,517,519,648,582,386,129,11,0,0,3,14,49,117,431,1036,1756,0,3406
Se05 結腸の悪性新生物＜腫瘍＞,2021,3,2021-03-01,0,0,0,0,1,2,6,4,14,32,52,91,102,245,449,459,483,565,364,138,14,0,0,3,10,46,143,347,908,1564,0,3021
Se06 直腸Ｓ状結腸移行部及び直腸の悪性新生物＜腫瘍＞,2021,3,2021-03-01,0,0,0,0,0,0,2,1,5,22,36,62,87,143,230,196,218,163,117,17,3,0,0,0,3,27,98,230,426,518,0,1302
Se07 肝及び肝内胆管の悪性新生物＜腫瘍＞,2021,3,2021-03-01,2,0,0,0,0,0,2,3,5,9,34,52,82,189,327,343,398,391,217,45,8,2,0,0,5,14,86,271,670,1059,0,2107
Se08 胆のう及びその他の胆道の悪性新生物＜腫瘍＞,2021,3,2021-03-01,0,0,0,0,0,0,1,1,3,5,13,23,39,99,195,249,333,321,201,75,12,0,0,0,2,8,36,138,444,942,0,1570
Se09 膵の悪性新生物＜腫瘍＞,2021,3,2021-03-01,0,0,0,1,0,2,1,4,10,37,52,109,174,286,561,567,564,476,262,69,14,0,1,2,5,47,161,460,1128,1385,0,3189
Se10 気管，気管支及び肺の悪性新生物＜腫瘍＞,2021,3,2021-03-01,0,0,0,0,1,0,1,6,19,35,75,143,237,561,1195,1152,1157,1028,564,152,19,0,0,1,7,54,218,798,2347,2920,0,6345
Se11 乳房の悪性新生物＜腫瘍＞,2021,3,2021-03-01,0,0,0,0,0,2,2,9,19,52,95,99,108,135,172,126,133,106,75,40,7,0,0,2,11,71,194,243,298,361,0,1180
Se12 子宮の悪性新生物＜腫瘍＞,2021,3,2021-03-01,0,0,0,0,0,2,2,7,18,32,48,47,45,66,79,50,62,57,36,14,2,0,0,2,9,50,95,111,129,171,0,567
Se13 白血病,2021,3,2021-03-01,1,2,3,1,3,2,6,8,6,16,18,27,47,62,124,124,152,107,60,19,0,3,4,5,14,22,45,109,248,338,0,788
Se14 糖尿病,2021,3,2021-03-01,0,0,0,0,2,2,2,4,7,12,15,32,38,81,162,158,224,254,219,60,13,0,0,4,6,19,47,119,320,770,0,1285
Se15 高血圧性疾患,2021,3,2021-03-01,0,0,0,0,0,0,0,0,1,6,13,11,19,35,41,81,119,185,176,133,50,0,0,0,0,7,24,54,122,663,0,870
Se16 心疾患（高血圧性を除く）,2021,3,2021-03-01,5,2,5,5,5,13,16,32,71,163,232,308,436,744,1371,1799,2752,4159,4145,2126,457,7,10,18,48,234,540,1180,3170,13639,7,18853
Se17 急性心筋梗塞,2021,3,2021-03-01,2,0,0,0,0,2,0,6,19,44,57,87,118,175,308,340,442,519,420,178,17,2,0,2,6,63,144,293,648,1576,1,2735
Se18 その他の虚血性心疾患,2021,3,2021-03-01,0,0,0,0,0,2,4,9,13,45,71,85,137,206,362,454,555,653,426,163,31,0,0,2,13,58,156,343,816,1828,4,3220
Se19 不整脈及び伝導障害,2021,3,2021-03-01,1,1,1,3,2,1,5,12,21,32,40,52,76,128,214,278,412,627,634,265,53,2,4,3,17,53,92,204,492,1991,1,2859
Se20 心不全,2021,3,2021-03-01,0,0,1,2,2,6,5,1,9,28,37,52,69,160,358,530,1045,1875,2155,1254,310,0,3,8,6,37,89,229,888,6639,0,7899
Se21 脳血管疾患,2021,3,2021-03-01,2,1,0,2,0,3,7,29,44,93,158,191,254,418,791,1043,1505,1987,1768,806,163,3,2,3,36,137,349,672,1834,6229,1,9266
Se22 くも膜下出血,2021,3,2021-03-01,0,0,0,0,0,2,3,12,19,36,55,55,66,69,117,120,144,156,94,27,2,0,0,2,15,55,110,135,237,423,0,977
Se23 脳内出血,2021,3,2021-03-01,0,1,0,2,0,1,4,13,21,52,90,105,134,207,331,377,479,560,379,112,24,1,2,1,17,73,195,341,708,1554,1,2893
Se24 脳梗塞,2021,3,2021-03-01,1,0,0,0,0,0,0,2,3,5,11,27,46,127,319,503,845,1212,1255,640,133,1,0,0,2,8,38,173,822,4085,0,5129
Se25 大動脈瘤及び解離,2021,3,2021-03-01,0,0,0,0,1,1,1,3,8,20,29,39,63,100,210,211,292,391,253,88,20,0,0,2,4,28,68,163,421,1044,0,1730
Se26 肺炎,2021,3,2021-03-01,1,1,1,0,0,0,0,5,5,9,20,29,46,142,350,589,1131,1657,1584,766,156,2,1,0,5,14,49,188,939,5294,0,6492
Se27 慢性閉塞性肺疾患,2021,3,2021-03-01,0,0,0,0,0,0,0,0,0,1,4,2,9,38,126,229,304,349,241,72,15,0,0,0,0,1,6,47,355,981,0,1390
Se28 喘息,2021,3,2021-03-01,0,0,0,0,0,0,0,0,0,2,3,0,1,0,8,11,7,15,22,15,4,0,0,0,0,2,3,1,19,63,0,88
Se29 肝疾患,2021,3,2021-03-01,0,0,0,0,0,3,3,12,47,70,113,132,135,190,196,203,203,158,95,34,5,0,0,3,15,117,245,325,399,495,0,1599
Se30 腎不全,2021,3,2021-03-01,0,0,0,0,0,0,2,1,4,2,10,20,32,87,164,242,388,641,600,262,42,0,0,0,3,6,30,119,406,1933,1,2498
Se31 老衰,2021,3,2021-03-01,0,0,0,0,0,0,0,0,0,0,0,0,4,21,93,278,1026,2528,4111,3169,1226,0,0,0,0,0,0,25,371,12060,0,12456
Se32 不慮の事故,2021,3,2021-03-01,5,0,5,9,15,19,13,31,26,44,63,73,91,162,304,386,547,718,574,226,57,5,14,34,44,70,136,253,690,2122,2,3370
Se33 交通事故,2021,3,2021-03-01,0,0,2,6,10,10,6,6,7,12,15,16,14,23,38,35,35,30,8,2,0,0,8,20,12,19,31,37,73,75,0,275
Se34 自殺,2021,3,2021-03-01,0,0,12,48,127,114,114,125,152,211,181,134,135,122,133,116,85,64,21,7,2,0,60,241,239,363,315,257,249,179,2,1905
総数,2021,4,2021-04-01,153,32,30,109,205,191,249,409,531,1129,1645,2237,3311,5736,10937,13100,18324,23661,21531,10771,2749,185,139,396,658,1660,3882,9047,24037,77036,44,117084
Se01 結核,2021,4,2021-04-01,0,0,0,0,0,0,0,1,0,0,0,1,0,5,11,13,29,46,36,20,4,0,0,0,1,0,1,5,24,135,0,166
Se02 悪性新生物＜腫瘍＞,2021,4,2021-04-01,4,7,2,10,9,12,49,100,162,327,591,921,1555,2701,4848,4974,5378,5227,3192,968,127,11,12,21,149,489,1512,4256,9822,14892,3,31167
Se03 食道の悪性新生物＜腫瘍＞,2021,4,2021-04-01,0,0,0,0,0,1,0,1,3,10,28,30,66,111,179,160,136,117,43,11,3,0,0,1,1,13,58,177,339,310,0,899
Se04 胃の悪性新生物＜腫瘍＞,2021,4,2021-04-01,0,0,0,0,0,2,4,9,18,23,40,74,158,262,504,539,644,602,372,102,10,0,0,2,13,41,114,420,1043,1730,1,3364
Se05 結腸の悪性新生物＜腫瘍＞,2021,4,2021-04-01,0,0,0,0,0,1,3,14,16,30,56,85,123,237,394,423,530,550,406,135,16,0,0,1,17,46,141,360,817,1637,0,3019
Se06 直腸Ｓ状結腸移行部及び直腸の悪性新生物＜腫瘍＞,2021,4,2021-04-01,0,0,0,0,1,0,2,4,5,19,38,60,89,141,252,201,182,180,91,38,4,0,0,1,6,24,98,230,453,495,0,1307
Se07 肝及び肝内胆管の悪性新生物＜腫瘍＞,2021,4,2021-04-01,0,0,0,0,0,0,1,5,6,9,24,52,108,178,301,325,367,381,219,66,6,0,0,0,6,15,76,286,626,1039,0,2048
Se08 胆のう及びその他の胆道の悪性新生物＜腫瘍＞,2021,4,2021-04-01,0,0,0,0,0,0,0,0,3,3,9,23,46,111,175,228,277,295,224,69,10,0,0,0,0,6,32,157,403,875,1,1474
Se09 膵の悪性新生物＜腫瘍＞,2021,4,2021-04-01,0,0,0,0,0,0,1,1,10,22,56,105,179,281,585,554,523,524,239,72,8,0,0,0,2,32,161,460,1139,1366,0,3160
Se10 気管，気管支及び肺の悪性新生物＜腫瘍＞,2021,4,2021-04-01,0,0,0,0,0,0,4,6,13,33,65,128,257,548,1140,1107,1135,999,554,155,25,0,0,0,10,46,193,805,2247,2868,1,6170
Se11 乳房の悪性新生物＜腫瘍＞,2021,4,2021-04-01,0,0,0,0,1,0,5,14,23,47,87,104,128,148,157,149,108,98,106,39,12,0,0,1,19,70,191,276,306,363,0,1226
Se12 子宮の悪性新生物＜腫瘍＞,2021,4,2021-04-01,0,0,0,0,0,0,3,7,14,31,46,57,43,66,69,61,76,65,33,13,3,0,0,0,10,45,103,109,130,190,0,587
Se13 白血病,2021,4,2021-04-01,3,1,0,2,2,4,3,8,9,11,17,27,39,82,134,119,134,90,56,9,0,4,2,6,11,20,44,121,253,289,0,750
Se14 糖尿病,2021,4,2021-04-01,0,0,0,0,1,4,0,4,7,13,23,29,40,82,139,125,209,226,158,68,10,0,0,5,4,20,52,122,264,671,0,1138
Se15 高血圧性疾患,2021,4,2021-04-01,0,0,0,0,0,0,0,0,3,5,5,15,16,29,55,57,100,167,145,109,35,0,0,0,0,8,20,45,112,556,0,741
Se16 心疾患（高血圧性を除く）,2021,4,2021-04-01,6,0,0,4,7,13,16,25,46,175,215,279,395,655,1255,1668,2525,3703,3846,2033,465,6,4,20,41,221,494,1050,2923,12572,2,17333
Se17 急性心筋梗塞,2021,4,2021-04-01,0,0,0,0,1,0,2,6,10,46,54,77,109,158,284,310,367,446,351,140,20,0,0,1,8,56,131,267,594,1324,0,2381
Se18 その他の虚血性心疾患,2021,4,2021-04-01,0,0,0,1,1,0,4,1,15,46,64,81,119,167,351,400,533,573,392,174,30,0,1,1,5,61,145,286,751,1702,2,2954
Se19 不整脈及び伝導障害,2021,4,2021-04-01,1,0,0,1,4,7,4,6,13,29,44,46,71,109,180,255,400,554,585,275,52,1,1,11,10,42,90,180,435,1866,0,2636
Se20 心不全,2021,4,2021-04-01,1,0,0,1,0,2,4,4,3,26,27,48,68,148,297,538,943,1680,2042,1221,322,1,1,2,8,29,75,216,835,6208,0,7375
Se21 脳血管疾患,2021,4,2021-04-01,1,1,1,0,2,3,7,21,40,105,151,158,220,407,759,972,1461,1942,1642,751,156,2,1,5,28,145,309,627,1731,5952,2,8802
Se22 くも膜下出血,2021,4,2021-04-01,0,0,0,0,1,1,0,8,18,27,43,43,50,67,120,119,137,149,78,32,2,0,0,2,8,45,86,117,239,398,1,896
Se23 脳内出血,2021,4,2021-04-01,0,0,1,0,1,2,6,12,19,69,93,82,118,200,295,340,486,534,373,123,21,0,1,3,18,88,175,318,635,1537,1,2776
Se24 脳梗塞,2021,4,2021-04-01,1,0,0,0,0,0,0,1,1,6,14,29,46,130,313,483,797,1204,1157,571,130,1,0,0,1,7,43,176,796,3859,0,4883
Se25 大動脈瘤及び解離,2021,4,2021-04-01,0,0,0,0,0,1,0,5,9,17,32,32,56,103,181,208,282,344,267,96,17,0,0,1,5,26,64,159,389,1006,0,1650
Se26 肺炎,2021,4,2021-04-01,2,0,0,0,2,1,0,4,3,11,20,26,52,116,316,540,937,1575,1488,689,117,2,0,3,4,14,46,168,856,4806,0,5899
Se27 慢性閉塞性肺疾患,2021,4,2021-04-01,0,0,0,0,0,0,0,0,0,1,3,8,11,43,147,226,287,304,235,78,11,0,0,0,0,1,11,54,373,915,0,1354
Se28 喘息,2021,4,2021-04-01,0,0,0,0,0,0,0,3,1,1,2,1,2,6,8,6,16,19,16,17,4,0,0,0,3,2,3,8,14,72,0,102
Se29 肝疾患,2021,4,2021-04-01,0,0,0,1,0,0,10,17,24,64,85,106,123,154,219,175,195,175,102,19,3,0,1,0,27,88,191,277,394,494,0,1472
Se30 腎不全,2021,4,2021-04-01,0,0,0,0,0,0,0,1,2,12,17,17,29,84,157,219,424,572,581,233,42,0,0,0,1,14,34,113,376,1852,0,2390
Se31 老衰,2021,4,2021-04-01,0,0,0,0,0,0,0,0,0,0,0,0,4,13,116,292,1032,2470,3929,3079,1239,0,0,0,0,0,0,17,408,11749,0,12174
Se32 不慮の事故,2021,4,2021-04-01,10,5,6,13,24,13,14,23,19,40,49,91,96,148,262,351,483,616,480,213,47,15,19,37,37,59,140,244,613,1839,2,3005
Se33 交通事故,2021,4,2021-04-01,0,2,2,9,15,5,5,8,9,14,23,17,18,23,24,35,36,22,10,0,0,2,11,20,13,23,40,41,59,68,1,278
Se34 自殺,2021,4,2021-04-01,0,0,9,60,122,100,113,122,125,176,162,140,115,117,138,114,74,63,21,9,1,0,69,222,235,301,302,232,252,168,6,1787
総数,2021,5,2021-05-01,153,23,35,119,189,211,260,358,578,1182,1694,2250,3286,5898,11252,13105,18077,23777,21497,10770,2813,176,154,400,618,1760,3944,9184,24357,76934,29,117556
Se01 結核,2021,5,2021-05-01,0,0,0,0,0,0,0,0,0,1,3,1,0,1,6,20,23,48,41,16,5,0,0,0,0,1,4,1,26,133,0,165
Se02 悪性新生物＜腫瘍＞,2021,5,2021-05-01,5,8,9,8,9,20,53,74,168,363,618,927,1489,2718,4908,4977,5499,5259,3258,1002,143,13,17,29,127,531,1545,4207,9885,15161,1,31516
Se03 食道の悪性新生物＜腫瘍＞,2021,5,2021-05-01,0,0,0,0,0,0,0,0,2,11,19,43,78,96,176,167,144,110,50,6,1,0,0,0,0,13,62,174,343,311,0,903
Se04 胃の悪性新生物＜腫瘍＞,2021,5,2021-05-01,0,0,0,0,0,3,3,13,12,25,38,62,142,296,524,582,573,648,408,128,12,0,0,3,16,37,100,438,1106,1769,0,3469
Se05 結腸の悪性新生物＜腫瘍＞,2021,5,2021-05-01,0,0,0,0,0,2,7,5,13,22,56,86,126,233,428,432,501,492,410,152,19,0,0,2,12,35,142,359,860,1574,0,2984
Se06 直腸Ｓ状結腸移行部及び直腸の悪性新生物＜腫瘍＞,2021,5,2021-05-01,0,0,0,0,1,1,1,5,9,23,35,55,84,166,213,203,183,159,94,31,3,0,0,2,6,32,90,250,416,470,0,1266
Se07 肝及び肝内胆管の悪性新生物＜腫瘍＞,2021,5,2021-05-01,0,0,0,0,0,0,1,1,3,10,25,47,87,162,342,307,400,384,181,47,5,0,0,0,2,13,72,249,649,1017,0,2002
Se08 胆のう及びその他の胆道の悪性新生物＜腫瘍＞,2021,5,2021-05-01,0,0,0,0,0,0,0,0,1,2,14,29,42,78,194,233,319,315,216,66,14,0,0,0,0,3,43,120,427,930,0,1523
Se09 膵の悪性新生物＜腫瘍＞,2021,5,2021-05-01,0,0,1,0,0,0,3,3,8,32,64,108,162,300,545,548,546,513,291,73,10,0,1,0,6,40,172,462,1093,1433,0,3207
Se10 気管，気管支及び肺の悪性新生物＜腫瘍＞,2021,5,2021-05-01,0,0,0,0,0,0,0,3,16,30,72,140,251,546,1144,1198,1123,1054,566,148,22,0,0,0,3,46,212,797,2342,2913,1,6314
Se11 乳房の悪性新生物＜腫瘍＞,2021,5,2021-05-01,0,0,0,0,0,1,3,9,23,83,84,104,132,137,155,122,163,97,83,52,9,0,0,1,12,106,188,269,277,404,0,1257
Se12 子宮の悪性新生物＜腫瘍＞,2021,5,2021-05-01,0,0,0,0,0,1,9,9,18,34,43,45,62,69,72,55,60,49,34,17,2,0,0,1,18,52,88,131,127,162,0,579
Se13 白血病,2021,5,2021-05-01,0,1,0,2,2,1,4,4,15,12,18,29,31,68,139,106,154,121,60,19,1,1,2,3,8,27,47,99,245,355,0,787
Se14 糖尿病,2021,5,2021-05-01,0,0,0,0,2,3,0,6,4,17,21,37,49,62,137,159,201,254,174,63,7,0,0,5,6,21,58,111,296,699,0,1196
Se15 高血圧性疾患,2021,5,2021-05-01,0,0,0,0,0,0,0,1,2,10,9,19,21,41,47,61,102,176,173,125,39,0,0,0,1,12,28,62,108,615,0,826
Se16 心疾患（高血圧性を除く）,2021,5,2021-05-01,2,1,1,1,8,15,15,38,65,147,200,260,430,644,1305,1571,2361,3710,3802,1934,456,3,2,23,53,212,460,1074,2876,12263,0,16966
Se17 急性心筋梗塞,2021,5,2021-05-01,0,0,0,0,3,1,3,3,18,36,53,76,111,132,323,293,389,442,328,126,24,0,0,4,6,54,129,243,616,1309,0,2361
Se18 その他の虚血性心疾患,2021,5,2021-05-01,0,0,0,0,0,1,1,7,15,34,64,88,131,194,336,375,460,565,449,150,24,0,0,1,8,49,152,325,711,1648,0,2894
Se19 不整脈及び伝導障害,2021,5,2021-05-01,1,1,0,1,3,7,6,13,15,39,34,40,64,99,178,242,359,537,548,299,52,2,1,10,19,54,74,163,420,1795,0,2538
Se20 心不全,2021,5,2021-05-01,0,0,1,0,1,3,4,8,8,22,30,41,77,155,341,481,876,1708,2028,1157,312,0,1,4,12,30,71,232,822,6081,0,7253
Se21 脳血管疾患,2021,5,2021-05-01,0,1,1,0,1,2,7,23,45,115,140,159,203,360,691,873,1404,1904,1560,765,164,1,1,3,30,160,299,563,1564,5797,0,8418
Se22 くも膜下出血,2021,5,2021-05-01,0,1,0,0,1,0,3,13,20,48,41,45,46,77,117,99,126,144,80,29,3,1,0,1,16,68,86,123,216,382,0,893
Se23 脳内出血,2021,5,2021-05-01,0,0,1,0,0,1,4,10,22,59,81,87,109,177,277,284,438,484,308,135,22,0,1,1,14,81,168,286,561,1387,0,2499
Se24 脳梗塞,2021,5,2021-05-01,0,0,0,0,0,1,0,0,2,5,11,22,45,94,272,471,799,1230,1136,577,131,0,0,1,0,7,33,139,743,3873,0,4796
Se25 大動脈瘤及び解離,2021,5,2021-05-01,0,0,0,0,0,1,3,0,9,13,21,31,45,96,170,177,206,319,211,83,7,0,0,1,3,22,52,141,347,826,0,1392
Se26 肺炎,2021,5,2021-05-01,1,0,0,0,1,2,3,3,4,14,20,24,66,137,356,529,982,1509,1464,706,145,1,0,3,6,18,44,203,885,4806,0,5966
Se27 慢性閉塞性肺疾患,2021,5,2021-05-01,0,0,0,0,0,0,0,0,0,1,4,4,11,46,110,181,292,335,241,63,8,0,0,0,0,1,8,57,291,939,0,1296
Se28 喘息,2021,5,2021-05-01,0,0,0,0,1,0,0,0,0,1,0,0,2,4,6,8,5,25,17,12,3,0,0,1,0,1,0,6,14,62,0,84
Se29 肝疾患,2021,5,2021-05-01,0,0,0,0,0,2,8,12,28,73,101,84,125,164,207,181,178,169,94,25,2,0,0,2,20,101,185,289,388,468,1,1454
Se30 腎不全,2021,5,2021-05-01,1,0,0,0,0,1,1,1,2,9,15,16,30,63,164,212,373,612,539,217,40,1,0,1,2,11,31,93,376,1781,1,2297
Se31 老衰,2021,5,2021-05-01,0,0,0,0,0,0,0,0,0,0,0,0,3,20,89,282,996,2354,3879,3007,1253,0,0,0,0,0,0,23,371,11489,0,11883
Se32 不慮の事故,2021,5,2021-05-01,10,6,4,13,16,20,18,22,35,41,66,67,81,142,262,305,438,518,460,228,42,16,17,36,40,76,133,223,567,1686,0,2794
Se33 交通事故,2021,5,2021-05-01,3,2,1,11,10,6,3,12,7,8,20,19,11,16,26,22,39,28,6,2,0,5,12,16,15,15,39,27,48,75,0,252
Se34 自殺,2021,5,2021-05-01,0,0,9,71,111,114,100,111,124,158,156,151,113,128,162,108,89,62,26,11,0,0,80,225,211,282,307,241,270,188,2,1806
総数,2021,6,2021-06-01,151,31,25,91,183,154,245,369,597,1133,1637,2217,3152,5331,10355,11844,16722,21337,19564,9935,2602,182,116,337,614,1730,3854,8483,22199,70160,47,107722
Se01 結核,2021,6,2021-06-01,0,0,0,0,0,0,0,0,0,0,1,2,0,3,7,6,32,32,38,8,4,0,0,0,0,0,3,3,13,114,0,133
Se02 悪性新生物＜腫瘍＞,2021,6,2021-06-01,8,8,3,13,12,15,38,88,194,364,609,953,1453,2545,4776,4726,5396,5045,3082,961,129,16,16,27,126,558,1562,3998,9502,14613,1,30419
Se03 食道の悪性新生物＜腫瘍＞,2021,6,2021-06-01,0,0,0,0,0,0,0,0,2,9,17,31,71,98,165,178,138,94,56,15,2,0,0,0,0,11,48,169,343,305,0,876
Se04 胃の悪性新生物＜腫瘍＞,2021,6,2021-06-01,0,0,0,0,1,2,6,4,20,37,44,84,143,274,529,509,612,592,355,138,14,0,0,3,10,57,128,417,1038,1711,0,3364
Se05 結腸の悪性新生物＜腫瘍＞,2021,6,2021-06-01,0,0,0,0,1,0,3,11,21,27,70,73,128,227,434,385,487,487,404,136,17,0,0,1,14,48,143,355,819,1531,0,2911
Se06 直腸Ｓ状結腸移行部及び直腸の悪性新生物＜腫瘍＞,2021,6,2021-06-01,0,0,0,0,0,1,1,4,9,23,37,64,80,138,228,179,185,137,96,28,6,0,0,1,5,32,101,218,407,452,0,1216
Se07 肝及び肝内胆管の悪性新生物＜腫瘍＞,2021,6,2021-06-01,0,0,0,0,0,0,0,4,6,9,26,44,97,154,298,313,329,392,198,57,8,0,0,0,4,15,70,251,611,984,1,1936
Se08 胆のう及びその他の胆道の悪性新生物＜腫瘍＞,2021,6,2021-06-01,0,0,0,0,0,0,0,2,0,6,8,27,44,100,172,200,290,302,208,69,10,0,0,0,2,6,35,144,372,879,0,1438
Se09 膵の悪性新生物＜腫瘍＞,2021,6,2021-06-01,0,0,0,0,0,0,1,3,10,24,59,110,166,294,515,555,602,471,249,92,12,0,0,0,4,34,169,460,1070,1426,0,3163
Se10 気管，気管支及び肺の悪性新生物＜腫瘍＞,2021,6,2021-06-01,0,0,0,0,2,0,1,11,13,47,72,122,270,523,1106,1073,1132,956,546,131,13,0,0,2,12,60,194,793,2179,2778,0,6018
Se11 乳房の悪性新生物＜腫瘍＞,2021,6,2021-06-01,0,0,0,0,0,0,9,13,32,61,71,101,105,118,186,118,134,116,84,41,11,0,0,0,22,93,172,223,304,386,0,1200
Se12 子宮の悪性新生物＜腫瘍＞,2021,6,2021-06-01,0,0,0,0,1,1,2,6,19,21,49,49,53,65,67,68,51,57,30,11,2,0,0,2,8,40,98,118,135,151,0,552
Se13 白血病,2021,6,2021-06-01,1,2,0,3,2,5,0,4,7,9,11,21,36,68,97,119,121,113,48,10,2,3,3,7,4,16,32,104,216,294,0,679
Se14 糖尿病,2021,6,2021-06-01,0,0,0,0,0,0,2,6,3,12,18,33,57,57,130,128,189,204,178,48,11,0,0,0,8,15,51,114,258,630,0,1076
Se15 高血圧性疾患,2021,6,2021-06-01,0,0,0,0,0,0,0,1,1,6,10,8,14,28,45,64,99,121,188,84,36,0,0,0,1,7,18,42,109,528,1,706
Se16 心疾患（高血圧性を除く）,2021,6,2021-06-01,5,2,2,2,8,8,22,36,58,122,214,254,359,590,1124,1324,2119,3213,3272,1807,391,7,4,16,58,180,468,949,2448,10802,7,14939
Se17 急性心筋梗塞,2021,6,2021-06-01,0,0,0,0,1,0,5,4,17,34,47,72,97,150,237,240,347,396,318,122,14,0,0,1,9,51,119,247,477,1197,1,2102
Se18 その他の虚血性心疾患,2021,6,2021-06-01,0,0,0,0,0,0,5,5,13,28,59,73,99,173,285,290,416,420,311,164,32,0,0,0,10,41,132,272,575,1343,5,2378
Se19 不整脈及び伝導障害,2021,6,2021-06-01,1,0,0,1,4,3,6,14,11,22,38,35,46,77,192,206,298,508,452,271,52,1,1,7,20,33,73,123,398,1581,0,2237
Se20 心不全,2021,6,2021-06-01,0,0,0,0,1,2,3,7,12,25,44,40,61,116,280,404,849,1478,1817,1057,269,0,0,3,10,37,84,177,684,5470,1,6466
Se21 脳血管疾患,2021,6,2021-06-01,0,0,0,0,2,5,7,21,36,92,118,138,201,304,671,837,1251,1698,1480,691,140,0,0,7,28,128,256,505,1508,5260,0,7692
Se22 くも膜下出血,2021,6,2021-06-01,0,0,0,0,2,2,4,9,11,34,37,29,57,56,80,94,111,119,74,25,3,0,0,4,13,45,66,113,174,332,0,747
Se23 脳内出血,2021,6,2021-06-01,0,0,0,0,0,0,1,12,20,54,65,83,98,146,289,279,400,448,319,103,17,0,0,0,13,74,148,244,568,1287,0,2334
Se24 脳梗塞,2021,6,2021-06-01,0,0,0,0,0,1,1,0,3,4,13,19,39,93,286,443,712,1083,1048,548,112,0,0,1,1,7,32,132,729,3503,0,4405
Se25 大動脈瘤及び解離,2021,6,2021-06-01,0,0,0,0,0,1,0,2,5,11,27,25,43,62,134,158,223,261,210,66,9,0,0,1,2,16,52,105,292,769,0,1237
Se26 肺炎,2021,6,2021-06-01,1,0,0,0,1,2,2,1,9,14,17,29,43,128,290,494,853,1317,1347,599,115,1,0,3,3,23,46,171,784,4231,0,5262
Se27 慢性閉塞性肺疾患,2021,6,2021-06-01,0,0,0,0,0,0,0,0,2,1,2,9,13,45,124,211,249,331,195,57,6,0,0,0,0,3,11,58,335,838,0,1245
Se28 喘息,2021,6,2021-06-01,1,0,0,0,0,0,0,0,0,2,1,1,0,3,2,12,6,20,17,7,2,1,0,0,0,2,2,3,14,52,0,74
Se29 肝疾患,2021,6,2021-06-01,0,0,0,0,0,2,1,16,23,72,93,103,128,143,168,170,178,166,86,23,1,0,0,2,17,95,196,271,338,454,0,1373
Se30 腎不全,2021,6,2021-06-01,0,1,0,0,0,1,1,2,1,9,20,20,38,67,160,201,352,521,452,208,35,1,0,1,3,10,40,105,361,1568,0,2089
Se31 老衰,2021,6,2021-06-01,0,0,0,0,0,0,0,0,0,0,0,0,2,16,87,242,889,2231,3651,2969,1188,0,0,0,0,0,0,18,329,10928,1,11276
Se32 不慮の事故,2021,6,2021-06-01,8,6,2,9,20,12,8,19,30,47,45,50,82,109,232,260,372,490,416,173,40,14,11,32,27,77,95,191,492,1491,3,2433
Se33 交通事故,2021,6,2021-06-01,2,3,1,6,8,2,2,6,10,9,17,12,16,16,44,32,40,23,12,3,0,5,7,10,8,19,29,32,76,78,1,265
Se34 自殺,2021,6,2021-06-01,0,0,12,57,107,90,106,122,132,177,176,155,109,94,138,112,93,72,28,11,0,0,69,197,228,309,331,203,250,204,3,1794
総数,2021,7,2021-07-01,159,29,41,93,175,198,237,370,579,1111,1779,2297,3173,5538,10864,12198,17315,22295,19879,10217,2694,188,134,373,607,1690,4076,8711,23062,72400,50,111291
Se01 結核,2021,7,2021-07-01,0,0,0,0,0,0,0,0,1,0,1,1,2,4,8,12,29,33,38,11,2,0,0,0,0,1,2,6,20,113,0,142
Se02 悪性新生物＜腫瘍＞,2021,7,2021-07-01,3,8,9,7,17,13,39,79,176,333,654,972,1484,2703,5078,4928,5647,5362,3269,1017,139,11,16,30,118,509,1626,4187,10006,15434,1,31938
Se03 食道の悪性新生物＜腫瘍＞,2021,7,2021-07-01,0,0,0,0,0,0,0,1,0,12,17,31,76,101,203,179,145,120,44,6,2,0,0,0,1,12,48,177,382,317,0,937
Se04 胃の悪性新生物＜腫瘍＞,2021,7,2021-07-01,0,0,0,0,1,3,5,8,12,31,52,80,146,304,563,479,635,602,352,118,9,0,0,4,13,43,132,450,1042,1716,0,3400
Se05 結腸の悪性新生物＜腫瘍＞,2021,7,2021-07-01,0,0,0,0,0,0,4,6,15,34,60,88,132,223,406,422,527,544,400,170,22,0,0,0,10,49,148,355,828,1663,0,3053
Se06 直腸Ｓ状結腸移行部及び直腸の悪性新生物＜腫瘍＞,2021,7,2021-07-01,0,0,0,0,0,0,3,2,9,21,38,46,93,160,269,214,221,155,95,26,4,0,0,0,5,30,84,253,483,501,0,1356
Se07 肝及び肝内胆管の悪性新生物＜腫瘍＞,2021,7,2021-07-01,0,0,0,0,0,0,0,0,6,9,28,58,80,169,309,266,396,389,209,62,9,0,0,0,0,15,86,249,575,1065,0,1990
Se08 胆のう及びその他の胆道の悪性新生物＜腫瘍＞,2021,7,2021-07-01,0,0,0,0,0,0,0,1,1,9,7,28,40,101,204,238,291,299,230,71,10,0,0,0,1,10,35,141,442,901,0,1530
Se09 膵の悪性新生物＜腫瘍＞,2021,7,2021-07-01,0,0,0,0,0,1,1,4,14,19,65,118,163,288,557,585,541,502,271,78,15,0,0,1,5,33,183,451,1142,1407,0,3222
Se10 気管，気管支及び肺の悪性新生物＜腫瘍＞,2021,7,2021-07-01,0,0,0,0,0,0,2,8,11,33,81,146,256,568,1174,1136,1253,1051,583,162,21,0,0,0,10,44,227,824,2310,3070,0,6485
Se11 乳房の悪性新生物＜腫瘍＞,2021,7,2021-07-01,0,0,0,0,0,2,5,9,34,45,96,98,122,119,169,127,119,127,88,44,8,0,0,2,14,79,194,241,296,386,0,1212
Se12 子宮の悪性新生物＜腫瘍＞,2021,7,2021-07-01,0,0,0,0,0,0,2,8,25,30,48,49,48,61,73,72,68,54,39,9,1,0,0,0,10,55,97,109,145,171,0,587
Se13 白血病,2021,7,2021-07-01,1,0,5,1,8,4,1,3,6,13,19,20,29,59,112,142,127,112,59,14,0,1,6,12,4,19,39,88,254,312,0,735
Se14 糖尿病,2021,7,2021-07-01,0,0,0,0,0,2,0,0,8,12,17,33,38,73,139,153,182,221,143,62,19,0,0,2,0,20,50,111,292,627,1,1103
Se15 高血圧性疾患,2021,7,2021-07-01,0,0,0,0,0,0,1,0,3,6,6,14,22,32,72,61,96,146,178,100,44,0,0,0,1,9,20,54,133,564,0,781
Se16 心疾患（高血圧性を除く）,2021,7,2021-07-01,6,1,2,4,3,10,12,31,65,135,216,303,386,655,1207,1458,2276,3378,3332,1837,416,7,6,13,43,200,519,1041,2665,11239,3,15736
Se17 急性心筋梗塞,2021,7,2021-07-01,0,0,0,0,0,0,2,10,17,30,68,79,109,141,266,264,333,405,320,122,26,0,0,0,12,47,147,250,530,1206,1,2193
Se18 その他の虚血性心疾患,2021,7,2021-07-01,0,0,0,0,0,4,3,2,14,36,54,90,112,201,339,326,463,480,337,160,25,0,0,4,5,50,144,313,665,1465,2,2648
Se19 不整脈及び伝導障害,2021,7,2021-07-01,0,0,2,1,0,2,4,3,19,34,33,48,58,105,198,213,356,520,483,228,47,0,3,2,7,53,81,163,411,1634,0,2354
Se20 心不全,2021,7,2021-07-01,2,0,0,1,2,2,2,13,7,23,35,56,70,158,283,465,856,1547,1803,1127,276,2,1,4,15,30,91,228,748,5609,0,6728
Se21 脳血管疾患,2021,7,2021-07-01,1,2,2,0,1,5,7,30,39,103,130,147,195,311,689,836,1280,1787,1507,698,146,3,2,6,37,142,277,506,1525,5418,2,7918
Se22 くも膜下出血,2021,7,2021-07-01,0,0,1,0,1,2,5,20,24,42,42,46,50,60,80,103,96,129,87,27,3,0,1,3,25,66,88,110,183,342,0,818
Se23 脳内出血,2021,7,2021-07-01,1,1,1,0,0,2,1,10,10,51,72,78,107,138,279,271,381,419,319,112,25,2,1,2,11,61,150,245,550,1256,1,2279
Se24 脳梗塞,2021,7,2021-07-01,0,1,0,0,0,1,1,0,3,5,12,19,32,102,308,438,765,1197,1068,537,114,1,0,1,1,8,31,134,746,3681,1,4604
Se25 大動脈瘤及び解離,2021,7,2021-07-01,0,0,0,0,0,1,1,1,3,14,14,29,38,62,142,132,224,262,186,70,8,0,0,1,2,17,43,100,274,750,1,1188
Se26 肺炎,2021,7,2021-07-01,1,0,1,0,0,0,0,2,5,7,16,23,42,126,317,488,875,1376,1260,620,141,1,1,0,2,12,39,168,805,4272,0,5300
Se27 慢性閉塞性肺疾患,2021,7,2021-07-01,0,0,0,0,0,0,0,0,0,2,2,4,13,41,122,196,309,319,213,76,6,0,0,0,0,2,6,54,318,923,0,1303
Se28 喘息,2021,7,2021-07-01,0,0,0,0,0,0,0,0,0,1,2,1,1,0,4,8,8,14,8,7,3,0,0,0,0,1,3,1,12,40,0,57
Se29 肝疾患,2021,7,2021-07-01,2,0,0,1,2,1,2,15,34,56,111,114,109,130,199,155,168,175,86,37,3,2,1,3,17,90,225,239,354,469,0,1400
Se30 腎不全,2021,7,2021-07-01,2,0,0,0,0,0,0,2,3,10,18,17,34,68,147,198,367,534,486,231,35,2,0,0,2,13,35,102,345,1653,0,2152
Se31 老衰,2021,7,2021-07-01,0,0,0,0,0,0,0,0,0,0,0,0,5,9,98,264,941,2355,3745,3031,1195,0,0,0,0,0,0,14,362,11267,0,11643
Se32 不慮の事故,2021,7,2021-07-01,10,8,4,21,20,23,20,26,25,51,80,67,90,128,246,285,417,532,446,177,42,18,25,43,46,76,147,218,531,1614,2,2720
Se33 交通事故,2021,7,2021-07-01,3,3,1,8,10,12,7,9,1,15,20,16,20,16,33,38,36,33,13,0,0,6,9,22,16,16,36,36,71,82,0,294
Se34 自殺,2021,7,2021-07-01,0,1,12,47,101,108,107,115,115,140,156,132,96,97,146,102,82,68,27,8,2,1,59,209,222,255,288,193,248,187,2,1664
総数,2021,8,2021-08-01,155,36,52,102,195,194,218,392,661,1175,1844,2482,3415,5762,11401,12784,18155,23297,21073,10693,2657,191,154,389,610,1836,4326,9177,24185,75875,79,116822
Se01 結核,2021,8,2021-08-01,0,0,0,0,0,0,0,0,0,0,0,0,0,3,10,14,21,33,21,18,3,0,0,0,0,0,0,3,24,96,0,123
Se02 悪性新生物＜腫瘍＞,2021,8,2021-08-01,2,12,6,16,13,18,28,77,196,378,647,930,1507,2767,5165,5060,5803,5557,3344,1059,111,14,22,31,105,574,1577,4274,10225,15874,1,32697
Se03 食道の悪性新生物＜腫瘍＞,2021,8,2021-08-01,0,0,0,0,0,0,0,1,5,12,17,32,56,113,194,196,163,114,51,13,0,0,0,0,1,17,49,169,390,341,0,967
Se04 胃の悪性新生物＜腫瘍＞,2021,8,2021-08-01,0,0,0,1,0,2,6,10,20,28,50,70,147,284,544,508,620,643,401,117,20,0,1,2,16,48,120,431,1052,1801,0,3471
Se05 結腸の悪性新生物＜腫瘍＞,2021,8,2021-08-01,0,0,0,0,0,0,1,3,20,37,75,91,124,266,420,455,513,580,383,175,21,0,0,0,4,57,166,390,875,1672,0,3164
Se06 直腸Ｓ状結腸移行部及び直腸の悪性新生物＜腫瘍＞,2021,8,2021-08-01,0,0,0,0,0,0,2,1,15,23,49,65,86,148,250,201,187,168,93,33,3,0,0,0,3,38,114,234,451,484,0,1324
Se07 肝及び肝内胆管の悪性新生物＜腫瘍＞,2021,8,2021-08-01,0,0,0,0,0,0,1,3,4,14,22,51,99,146,339,303,404,404,217,60,5,0,0,0,4,18,73,245,642,1090,0,2072
Se08 胆のう及びその他の胆道の悪性新生物＜腫瘍＞,2021,8,2021-08-01,0,0,0,0,0,0,0,1,1,5,10,16,40,98,205,224,286,331,183,75,10,0,0,0,1,6,26,138,429,885,0,1485
Se09 膵の悪性新生物＜腫瘍＞,2021,8,2021-08-01,0,0,0,0,0,0,0,4,9,28,68,113,164,322,534,539,579,503,302,95,6,0,0,0,4,37,181,486,1073,1485,0,3266
Se10 気管，気管支及び肺の悪性新生物＜腫瘍＞,2021,8,2021-08-01,0,0,0,0,0,0,2,5,22,32,82,121,263,557,1226,1205,1267,1054,590,154,13,0,0,0,7,54,203,820,2431,3078,0,6593
Se11 乳房の悪性新生物＜腫瘍＞,2021,8,2021-08-01,0,0,0,0,0,1,2,15,28,63,74,102,117,146,175,155,137,131,89,45,6,0,0,1,17,91,176,263,330,408,0,1286
Se12 子宮の悪性新生物＜腫瘍＞,2021,8,2021-08-01,0,0,0,0,0,1,3,7,19,32,40,48,52,69,78,64,59,67,38,19,0,0,0,1,10,51,88,121,142,183,0,596
Se13 白血病,2021,8,2021-08-01,0,2,1,4,2,2,3,4,7,12,13,25,45,74,150,133,153,119,62,15,1,2,5,4,7,19,38,119,283,350,0,827
Se14 糖尿病,2021,8,2021-08-01,0,1,0,0,1,1,2,3,2,11,20,34,50,71,141,157,205,230,159,58,8,1,0,2,5,13,54,121,298,660,1,1155
Se15 高血圧性疾患,2021,8,2021-08-01,0,0,0,0,0,0,0,0,5,6,8,13,19,36,57,65,103,150,153,108,45,0,0,0,0,11,21,55,122,559,1,769
Se16 心疾患（高血圧性を除く）,2021,8,2021-08-01,5,2,1,1,3,18,10,33,63,130,223,325,415,653,1265,1456,2221,3394,3525,1859,398,7,2,21,43,193,548,1068,2721,11397,7,16007
Se17 急性心筋梗塞,2021,8,2021-08-01,0,0,0,0,0,1,3,3,14,35,53,83,107,148,265,279,355,411,285,116,20,0,0,1,6,49,136,255,544,1187,0,2178
Se18 その他の虚血性心疾患,2021,8,2021-08-01,1,1,0,0,0,1,0,6,10,29,63,93,130,179,343,344,405,525,390,146,34,2,0,1,6,39,156,309,687,1500,7,2707
Se19 不整脈及び伝導障害,2021,8,2021-08-01,0,0,0,0,1,7,3,14,17,23,45,58,58,107,188,218,307,491,480,269,37,0,0,8,17,40,103,165,406,1584,0,2323
Se20 心不全,2021,8,2021-08-01,0,1,0,0,1,3,3,4,13,28,36,61,85,150,343,464,920,1559,1955,1108,282,1,0,4,7,41,97,235,807,5824,0,7016
Se21 脳血管疾患,2021,8,2021-08-01,1,0,3,1,0,1,7,26,47,84,161,191,201,311,701,878,1348,1776,1487,748,150,1,4,1,33,131,352,512,1579,5509,2,8124
Se22 くも膜下出血,2021,8,2021-08-01,0,0,1,0,0,0,5,10,22,35,61,59,53,66,110,93,121,134,85,30,4,0,1,0,15,57,120,119,203,374,0,889
Se23 脳内出血,2021,8,2021-08-01,1,0,2,1,0,0,0,12,22,42,75,101,103,138,282,295,384,471,284,111,23,1,3,0,12,64,176,241,577,1273,2,2349
Se24 脳梗塞,2021,8,2021-08-01,0,0,0,0,0,0,0,0,3,3,15,27,34,98,287,471,812,1126,1079,586,118,0,0,0,0,6,42,132,758,3721,0,4659
Se25 大動脈瘤及び解離,2021,8,2021-08-01,0,0,0,0,0,0,1,3,4,13,19,30,40,77,127,186,226,265,221,58,7,0,0,0,4,17,49,117,313,777,0,1277
Se26 肺炎,2021,8,2021-08-01,2,0,0,0,0,3,2,2,6,12,20,36,62,139,364,500,987,1512,1490,649,164,2,0,3,4,18,56,201,864,4802,0,5950
Se27 慢性閉塞性肺疾患,2021,8,2021-08-01,0,0,0,0,0,0,0,0,0,0,4,8,12,41,131,226,300,330,232,91,11,0,0,0,0,0,12,53,357,964,0,1386
Se28 喘息,2021,8,2021-08-01,0,0,0,0,0,0,0,0,0,1,2,0,4,3,5,8,7,14,13,9,1,0,0,0,0,1,2,7,13,44,0,67
Se29 肝疾患,2021,8,2021-08-01,1,0,0,0,1,1,4,10,40,78,84,109,126,147,184,172,201,171,94,25,2,1,0,2,14,118,193,273,356,493,1,1451
Se30 腎不全,2021,8,2021-08-01,0,0,0,0,0,0,1,1,0,10,10,22,33,65,170,209,380,578,495,213,34,0,0,0,2,10,32,98,379,1700,0,2221
Se31 老衰,2021,8,2021-08-01,0,0,0,0,0,0,0,0,0,0,0,0,3,24,127,316,959,2406,4007,3188,1194,0,0,0,0,0,0,27,443,11754,0,12224
Se32 不慮の事故,2021,8,2021-08-01,14,6,7,16,20,14,20,28,32,39,63,85,93,129,247,316,421,553,432,215,36,20,23,34,48,71,148,222,563,1657,3,2789
Se33 交通事故,2021,8,2021-08-01,1,1,3,9,12,5,4,4,11,14,13,25,20,18,31,36,32,23,6,2,0,2,12,17,8,25,38,38,67,63,0,270
Se34 自殺,2021,8,2021-08-01,0,0,16,48,109,99,91,127,136,151,145,128,81,91,143,94,91,74,32,8,1,0,64,208,218,287,273,172,237,206,7,1672
総数,2021,9,2021-09-01,144,18,39,94,182,177,225,322,544,1125,1828,2269,3198,5402,11137,12595,17843,23158,20801,10851,2716,162,133,359,547,1669,4097,8600,23732,75369,48,114716
Se01 結核,2021,9,2021-09-01,0,0,0,0,0,0,0,0,0,1,3,0,1,1,7,15,25,39,41,20,1,0,0,0,0,1,3,2,22,126,0,154
Se02 悪性新生物＜腫瘍＞,2021,9,2021-09-01,6,4,9,8,19,26,52,72,146,358,643,937,1446,2564,5148,5164,5701,5384,3199,999,139,10,17,45,124,504,1580,4010,10312,15422,1,32025
Se03 食道の悪性新生物＜腫瘍＞,2021,9,2021-09-01,0,0,0,0,0,0,0,1,2,12,20,38,54,83,179,182,162,87,58,12,0,0,0,0,1,14,58,137,361,319,0,890
Se04 胃の悪性新生物＜腫瘍＞,2021,9,2021-09-01,0,0,0,0,0,0,3,8,12,33,47,83,154,292,542,580,667,645,394,122,16,0,0,0,11,45,130,446,1122,1844,0,3598
Se05 結腸の悪性新生物＜腫瘍＞,2021,9,2021-09-01,0,0,0,1,1,2,5,7,14,29,72,92,149,242,404,430,562,566,400,150,18,0,1,3,12,43,164,391,834,1696,1,3145
Se06 直腸Ｓ状結腸移行部及び直腸の悪性新生物＜腫瘍＞,2021,9,2021-09-01,0,0,0,0,0,0,1,7,3,18,38,67,90,135,269,213,190,154,97,27,1,0,0,0,8,21,105,225,482,469,0,1310
Se07 肝及び肝内胆管の悪性新生物＜腫瘍＞,2021,9,2021-09-01,2,0,0,0,0,0,1,2,2,14,28,51,81,158,329,331,372,400,202,52,14,2,0,0,3,16,79,239,660,1040,0,2039
Se08 胆のう及びその他の胆道の悪性新生物＜腫瘍＞,2021,9,2021-09-01,0,0,0,0,0,1,0,1,2,6,14,19,43,111,191,215,294,335,209,72,8,0,0,1,1,8,33,154,406,918,0,1521
Se09 膵の悪性新生物＜腫瘍＞,2021,9,2021-09-01,0,0,1,0,1,0,0,0,9,25,57,107,167,266,589,531,559,507,237,95,5,0,1,1,0,34,164,433,1120,1403,0,3156
Se10 気管，気管支及び肺の悪性新生物＜腫瘍＞,2021,9,2021-09-01,0,0,0,0,0,1,5,4,13,28,79,137,259,515,1196,1209,1174,1048,584,168,25,0,0,1,9,41,216,774,2405,2999,0,6445
Se11 乳房の悪性新生物＜腫瘍＞,2021,9,2021-09-01,0,0,0,0,0,0,4,10,23,57,89,98,102,115,197,123,138,117,87,38,10,0,0,0,14,80,187,217,320,390,0,1208
Se12 子宮の悪性新生物＜腫瘍＞,2021,9,2021-09-01,0,0,0,0,0,3,4,4,16,32,35,33,38,58,90,76,77,44,34,20,1,0,0,3,8,48,68,96,166,176,0,565
Se13 白血病,2021,9,2021-09-01,1,2,0,0,5,8,4,8,7,14,13,24,33,75,120,142,137,121,62,10,0,3,0,13,12,21,37,108,262,330,0,786
Se14 糖尿病,2021,9,2021-09-01,0,0,0,1,1,0,1,1,4,13,24,28,33,74,125,144,216,204,146,51,11,0,1,1,2,17,52,107,269,628,1,1078
Se15 高血圧性疾患,2021,9,2021-09-01,0,0,0,0,0,0,1,1,2,7,7,15,14,25,55,58,87,146,149,96,34,0,0,0,2,9,22,39,113,512,0,697
Se16 心疾患（高血圧性を除く）,2021,9,2021-09-01,2,0,1,6,3,5,12,27,38,118,240,272,334,549,1179,1403,2215,3265,3475,1868,392,2,7,8,39,156,512,883,2582,11215,6,15410
Se17 急性心筋梗塞,2021,9,2021-09-01,0,0,0,0,0,1,2,5,4,35,57,68,67,132,255,275,373,430,302,148,21,0,0,1,7,39,125,199,530,1274,1,2176
Se18 その他の虚血性心疾患,2021,9,2021-09-01,0,0,0,1,1,1,2,6,9,26,64,75,100,144,325,343,433,450,342,175,21,0,1,2,8,35,139,244,668,1421,5,2523
Se19 不整脈及び伝導障害,2021,9,2021-09-01,0,0,0,4,1,1,6,5,13,28,49,37,49,72,158,210,342,499,476,238,42,0,4,2,11,41,86,121,368,1597,0,2230
Se20 心不全,2021,9,2021-09-01,1,0,0,0,1,2,2,6,6,15,46,54,75,131,304,429,843,1493,1944,1109,270,1,0,3,8,21,100,206,733,5659,0,6731
Se21 脳血管疾患,2021,9,2021-09-01,1,1,0,1,2,2,8,14,41,110,145,145,198,306,737,828,1342,1772,1497,683,139,2,1,4,22,151,290,504,1565,5433,1,7973
Se22 くも膜下出血,2021,9,2021-09-01,0,1,0,1,1,0,3,4,15,33,49,47,47,69,101,81,126,127,78,29,9,1,1,1,7,48,96,116,182,369,0,821
Se23 脳内出血,2021,9,2021-09-01,0,0,0,0,0,2,5,9,24,66,76,72,109,128,302,306,449,455,324,111,13,0,0,2,14,90,148,237,608,1352,1,2452
Se24 脳梗塞,2021,9,2021-09-01,0,0,0,0,0,0,0,1,1,7,14,21,35,105,308,413,732,1148,1061,531,112,0,0,0,1,8,35,140,721,3584,0,4489
Se25 大動脈瘤及び解離,2021,9,2021-09-01,0,0,1,0,0,1,1,4,4,15,28,25,38,75,149,162,247,290,199,71,9,0,1,1,5,19,53,113,311,816,0,1319
Se26 肺炎,2021,9,2021-09-01,1,0,1,0,1,2,2,1,4,8,21,40,53,129,336,495,947,1476,1444,661,133,1,1,3,3,12,61,182,831,4661,0,5755
Se27 慢性閉塞性肺疾患,2021,9,2021-09-01,0,0,0,0,0,0,1,0,0,1,9,4,14,48,134,206,266,319,209,86,12,0,0,0,1,1,13,62,340,892,0,1309
Se28 喘息,2021,9,2021-09-01,0,0,0,0,0,0,0,0,1,0,2,1,3,1,2,2,10,15,23,14,5,0,0,0,0,1,3,4,4,67,0,79
Se29 肝疾患,2021,9,2021-09-01,0,0,0,0,0,2,3,17,32,62,89,106,112,158,207,164,190,169,78,19,1,0,0,2,20,94,195,270,371,457,1,1410
Se30 腎不全,2021,9,2021-09-01,0,0,0,0,0,1,1,2,2,12,8,15,33,51,177,217,375,585,504,221,33,0,0,1,3,14,23,84,394,1718,0,2237
Se31 老衰,2021,9,2021-09-01,0,0,0,0,0,0,0,0,0,0,0,0,2,23,108,299,1014,2586,4047,3323,1289,0,0,0,0,0,0,25,407,12259,0,12691
Se32 不慮の事故,2021,9,2021-09-01,6,2,5,9,18,11,11,19,25,40,55,53,82,116,206,270,432,508,420,199,30,8,14,29,30,65,108,198,476,1589,1,2518
Se33 交通事故,2021,9,2021-09-01,0,1,1,6,12,5,6,10,10,12,10,10,20,18,38,38,48,25,8,3,0,1,7,17,16,22,20,38,76,84,0,281
Se34 自殺,2021,9,2021-09-01,0,1,13,47,113,91,80,93,107,149,150,129,93,86,148,119,86,69,31,5,0,1,60,204,173,256,279,179,267,191,2,1612
総数,2021,10,2021-10-01,184,27,32,88,168,197,226,355,591,1074,1732,2193,3305,5785,11429,12939,18677,24260,22085,11503,2858,211,120,365,581,1665,3925,9090,24368,79383,59,119767
Se01 結核,2021,10,2021-10-01,0,0,0,0,0,0,0,1,0,0,1,1,0,5,6,15,24,36,30,20,2,0,0,0,1,0,2,5,21,112,0,141
Se02 悪性新生物＜腫瘍＞,2021,10,2021-10-01,7,6,5,12,13,18,46,83,173,344,629,971,1468,2709,5171,5169,5986,5606,3398,1080,134,13,17,31,129,517,1600,4177,10340,16204,0,33028
Se03 食道の悪性新生物＜腫瘍＞,2021,10,2021-10-01,0,0,0,0,0,0,0,1,3,6,23,27,76,108,187,184,162,111,52,9,0,0,0,0,1,9,50,184,371,334,0,949
Se04 胃の悪性新生物＜腫瘍＞,2021,10,2021-10-01,0,0,0,0,1,2,7,6,16,26,46,82,160,298,543,549,647,667,428,145,15,0,0,3,13,42,128,458,1092,1902,0,3638
Se05 結腸の悪性新生物＜腫瘍＞,2021,10,2021-10-01,0,0,0,0,1,1,7,12,24,28,53,90,141,250,450,441,544,593,402,154,25,0,0,2,19,52,143,391,891,1718,0,3216
Se06 直腸Ｓ状結腸移行部及び直腸の悪性新生物＜腫瘍＞,2021,10,2021-10-01,0,0,0,0,0,1,1,8,9,25,39,60,100,156,231,188,200,198,118,36,4,0,0,1,9,34,99,256,419,556,0,1374
Se07 肝及び肝内胆管の悪性新生物＜腫瘍＞,2021,10,2021-10-01,0,0,0,0,1,0,1,4,8,8,17,45,91,187,337,313,396,390,194,56,2,0,0,1,5,16,62,278,650,1038,0,2050
Se08 胆のう及びその他の胆道の悪性新生物＜腫瘍＞,2021,10,2021-10-01,0,0,0,0,0,0,0,0,3,8,9,17,43,96,187,224,365,340,191,74,14,0,0,0,0,11,26,139,411,984,0,1571
Se09 膵の悪性新生物＜腫瘍＞,2021,10,2021-10-01,0,0,0,0,0,0,0,1,8,31,63,125,144,287,632,569,638,499,301,77,7,0,0,0,1,39,188,431,1201,1522,0,3382
Se10 気管，気管支及び肺の悪性新生物＜腫瘍＞,2021,10,2021-10-01,0,0,0,0,1,1,0,3,13,39,80,142,254,556,1173,1222,1246,1020,623,177,19,0,0,2,3,52,222,810,2395,3085,0,6569
Se11 乳房の悪性新生物＜腫瘍＞,2021,10,2021-10-01,0,0,0,0,0,1,2,15,28,45,104,94,98,129,177,135,161,132,80,42,9,0,0,1,17,73,198,227,312,424,0,1252
Se12 子宮の悪性新生物＜腫瘍＞,2021,10,2021-10-01,0,0,0,0,0,1,2,7,19,32,45,60,51,43,80,61,74,69,31,15,1,0,0,1,9,51,105,94,141,190,0,591
Se13 白血病,2021,10,2021-10-01,1,1,3,3,4,2,6,2,8,15,14,19,34,77,126,133,139,133,61,20,2,2,6,6,8,23,33,111,259,355,0,803
Se14 糖尿病,2021,10,2021-10-01,0,0,0,1,1,1,2,2,8,21,19,21,37,64,134,135,178,207,177,66,10,0,1,2,4,29,40,101,269,638,0,1084
Se15 高血圧性疾患,2021,10,2021-10-01,0,0,0,0,0,0,0,0,2,1,13,15,15,36,41,67,106,158,188,128,34,0,0,0,0,3,28,51,108,614,1,805
Se16 心疾患（高血圧性を除く）,2021,10,2021-10-01,6,5,1,3,5,8,15,34,72,119,231,241,394,666,1283,1477,2383,3657,3849,1980,430,11,4,13,49,191,472,1060,2760,12299,4,16863
Se17 急性心筋梗塞,2021,10,2021-10-01,0,0,0,0,0,0,3,2,13,25,57,56,106,154,293,297,374,420,353,135,23,0,0,0,5,38,113,260,590,1305,0,2311
Se18 その他の虚血性心疾患,2021,10,2021-10-01,0,0,0,0,2,0,4,5,13,32,63,75,110,173,350,341,472,577,424,156,34,0,0,2,9,45,138,283,691,1663,3,2834
Se19 不整脈及び伝導障害,2021,10,2021-10-01,0,1,1,1,0,5,6,14,22,26,38,50,63,114,198,245,371,599,625,285,42,1,2,5,20,48,88,177,443,1922,0,2706
Se20 心不全,2021,10,2021-10-01,3,0,0,1,1,2,0,7,12,21,39,34,69,158,329,427,906,1637,2001,1196,298,3,1,3,7,33,73,227,756,6038,1,7142
Se21 脳血管疾患,2021,10,2021-10-01,0,0,0,2,2,1,8,19,41,104,143,145,202,372,778,944,1373,1845,1591,783,154,0,2,3,27,145,288,574,1722,5746,2,8509
Se22 くも膜下出血,2021,10,2021-10-01,0,0,0,1,1,0,4,6,16,46,40,38,55,60,112,113,126,121,99,32,2,0,1,1,10,62,78,115,225,380,0,872
Se23 脳内出血,2021,10,2021-10-01,0,0,0,0,1,1,3,11,20,53,84,81,107,192,309,354,456,484,325,133,18,0,0,2,14,73,165,299,663,1416,0,2632
Se24 脳梗塞,2021,10,2021-10-01,0,0,0,0,0,0,0,1,1,3,15,19,32,109,331,452,754,1196,1134,592,130,0,0,0,1,4,34,141,783,3806,2,4771
Se25 大動脈瘤及び解離,2021,10,2021-10-01,0,0,0,1,0,0,1,5,6,22,26,42,60,116,185,258,283,362,287,97,10,0,1,0,6,28,68,176,443,1039,0,1761
Se26 肺炎,2021,10,2021-10-01,3,0,1,0,0,4,0,3,3,8,15,28,50,126,346,516,1017,1495,1388,717,141,3,1,4,3,11,43,176,862,4758,1,5862
Se27 慢性閉塞性肺疾患,2021,10,2021-10-01,1,0,0,0,0,0,0,2,0,1,3,9,21,35,143,217,289,347,228,79,16,1,0,0,2,1,12,56,360,959,0,1391
Se28 喘息,2021,10,2021-10-01,0,0,0,0,0,0,0,0,1,1,1,2,4,1,2,6,10,13,16,10,3,0,0,0,0,2,3,5,8,52,0,70
Se29 肝疾患,2021,10,2021-10-01,0,0,0,0,0,1,8,25,36,62,107,103,153,164,189,164,194,161,86,20,2,0,0,1,33,98,210,317,353,463,1,1476
Se30 腎不全,2021,10,2021-10-01,0,0,0,0,0,0,1,0,3,2,15,19,38,68,167,235,395,576,531,267,37,0,0,0,1,5,34,106,402,1806,0,2354
Se31 老衰,2021,10,2021-10-01,0,0,0,0,0,0,0,0,0,0,0,0,3,16,128,319,1089,2768,4388,3526,1332,0,0,0,0,0,0,19,447,13103,0,13569
Se32 不慮の事故,2021,10,2021-10-01,10,2,3,15,16,23,13,17,29,43,57,53,93,147,286,313,486,594,499,230,38,12,18,39,30,72,110,240,599,1847,6,2973
Se33 交通事故,2021,10,2021-10-01,1,1,0,14,11,11,7,5,14,16,16,7,24,30,43,47,52,39,20,2,0,2,14,22,12,30,23,54,90,113,0,360
Se34 自殺,2021,10,2021-10-01,0,0,10,37,97,110,91,105,122,154,139,123,107,100,142,107,89,55,27,9,1,0,47,207,196,276,262,207,249,181,6,1631
総数,2021,11,2021-11-01,155,28,35,108,157,153,249,284,573,1012,1737,2248,3347,5583,11261,13282,19165,24785,22808,11806,3038,183,143,310,533,1585,3985,8930,24543,81602,42,121856
Se01 結核,2021,11,2021-11-01,0,0,0,0,0,0,0,0,0,0,0,1,1,4,6,19,24,55,51,16,3,0,0,0,0,0,1,5,25,149,0,180
Se02 悪性新生物＜腫瘍＞,2021,11,2021-11-01,4,7,6,8,7,17,51,75,168,353,638,948,1488,2527,4942,4933,5728,5481,3262,1031,155,11,14,24,126,521,1586,4015,9875,15657,1,31830
Se03 食道の悪性新生物＜腫瘍＞,2021,11,2021-11-01,0,0,0,0,0,0,1,0,4,8,20,32,63,112,195,170,189,103,41,9,2,0,0,0,1,12,52,175,365,344,0,949
Se04 胃の悪性新生物＜腫瘍＞,2021,11,2021-11-01,0,0,0,0,0,3,7,7,26,25,47,73,150,271,534,516,599,658,390,113,22,0,0,3,14,51,120,421,1050,1782,0,3441
Se05 結腸の悪性新生物＜腫瘍＞,2021,11,2021-11-01,0,0,0,0,0,0,2,5,12,25,54,98,156,218,433,439,492,524,469,158,22,0,0,0,7,37,152,374,872,1665,1,3108
Se06 直腸Ｓ状結腸移行部及び直腸の悪性新生物＜腫瘍＞,2021,11,2021-11-01,0,0,0,0,0,1,1,2,11,23,45,61,85,149,248,188,222,159,108,40,8,0,0,1,3,34,106,234,436,537,0,1351
Se07 肝及び肝内胆管の悪性新生物＜腫瘍＞,2021,11,2021-11-01,0,0,0,0,0,0,0,3,2,9,28,41,96,148,302,294,399,411,170,52,8,0,0,0,3,11,69,244,596,1040,0,1963
Se08 胆のう及びその他の胆道の悪性新生物＜腫瘍＞,2021,11,2021-11-01,0,0,0,0,0,0,0,2,0,0,12,25,30,93,173,232,294,320,213,79,7,0,0,0,2,0,37,123,405,913,0,1480
Se09 膵の悪性新生物＜腫瘍＞,2021,11,2021-11-01,0,0,0,0,0,0,0,3,12,35,62,121,174,287,549,569,612,479,284,80,7,0,0,0,3,47,183,461,1118,1462,0,3274
Se10 気管，気管支及び肺の悪性新生物＜腫瘍＞,2021,11,2021-11-01,0,0,0,0,0,1,1,5,15,34,59,125,255,497,1129,1137,1207,1012,566,150,22,0,0,1,6,49,184,752,2266,2957,0,6215
Se11 乳房の悪性新生物＜腫瘍＞,2021,11,2021-11-01,0,0,0,0,0,1,6,16,25,58,87,84,101,140,189,140,152,137,103,47,13,0,0,1,22,83,171,241,329,452,0,1299
Se12 子宮の悪性新生物＜腫瘍＞,2021,11,2021-11-01,0,0,0,0,0,0,5,6,14,36,38,62,49,66,66,50,68,60,33,10,3,0,0,0,11,50,100,115,116,174,0,566
Se13 白血病,2021,11,2021-11-01,0,1,0,3,2,2,7,4,5,8,17,28,46,56,140,113,141,113,52,14,1,1,3,4,11,13,45,102,253,321,0,753
Se14 糖尿病,2021,11,2021-11-01,0,0,1,0,0,1,2,2,6,12,25,27,30,73,139,144,196,219,186,53,17,0,1,1,4,18,52,103,283,671,0,1133
Se15 高血圧性疾患,2021,11,2021-11-01,0,0,0,0,0,0,0,1,1,3,6,17,14,26,63,68,125,175,194,130,35,0,0,0,1,4,23,40,131,659,0,858
Se16 心疾患（高血圧性を除く）,2021,11,2021-11-01,3,0,0,5,8,14,24,24,59,139,225,278,462,675,1399,1735,2747,3881,4061,2181,479,3,5,22,48,198,503,1137,3134,13349,2,18401
Se17 急性心筋梗塞,2021,11,2021-11-01,0,0,0,0,0,0,4,2,8,35,70,63,110,155,300,344,477,525,403,144,25,0,0,0,6,43,133,265,644,1574,0,2665
Se18 その他の虚血性心疾患,2021,11,2021-11-01,0,0,0,0,1,1,4,10,11,37,68,87,126,177,374,444,566,595,441,199,35,0,0,2,14,48,155,303,818,1836,2,3178
Se19 不整脈及び伝導障害,2021,11,2021-11-01,0,0,0,5,2,6,8,6,16,29,37,51,73,131,211,302,419,640,627,284,59,0,5,8,14,45,88,204,513,2029,0,2906
Se20 心不全,2021,11,2021-11-01,0,0,0,0,4,2,4,4,13,17,29,52,111,143,385,481,993,1684,2101,1314,315,0,0,6,8,30,81,254,866,6407,0,7652
Se21 脳血管疾患,2021,11,2021-11-01,0,0,2,1,3,3,5,23,48,86,138,145,232,394,778,1026,1457,1973,1621,791,156,0,3,6,28,134,283,626,1804,5998,3,8885
Se22 くも膜下出血,2021,11,2021-11-01,0,0,0,1,3,3,3,8,21,29,43,35,59,70,116,119,126,163,102,40,1,0,1,6,11,50,78,129,235,432,0,942
Se23 脳内出血,2021,11,2021-11-01,0,0,2,0,0,0,2,14,24,47,75,83,119,190,338,374,456,526,326,121,26,0,2,0,16,71,158,309,712,1455,3,2726
Se24 脳梗塞,2021,11,2021-11-01,0,0,0,0,0,0,0,1,2,8,13,23,44,122,303,507,819,1209,1150,613,126,0,0,0,1,10,36,166,810,3917,0,4940
Se25 大動脈瘤及び解離,2021,11,2021-11-01,0,0,0,1,0,0,2,2,7,16,45,43,63,127,233,243,306,371,271,92,11,0,1,0,4,23,88,190,476,1051,0,1833
Se26 肺炎,2021,11,2021-11-01,3,2,0,0,0,1,3,4,4,8,13,34,58,108,334,553,1085,1578,1473,730,154,5,0,1,7,12,47,166,887,5020,1,6146
Se27 慢性閉塞性肺疾患,2021,11,2021-11-01,0,0,0,0,0,0,0,0,1,1,4,4,12,43,123,203,270,327,248,75,9,0,0,0,0,2,8,55,326,929,0,1320
Se28 喘息,2021,11,2021-11-01,0,0,0,0,0,0,0,0,0,1,1,1,2,4,6,11,10,20,19,13,4,0,0,0,0,1,2,6,17,66,0,92
Se29 肝疾患,2021,11,2021-11-01,0,1,0,0,2,0,4,14,28,60,102,125,131,189,189,186,207,173,92,28,3,1,0,2,18,88,227,320,375,503,0,1534
Se30 腎不全,2021,11,2021-11-01,0,0,0,0,1,0,2,0,4,12,12,16,39,74,153,229,426,575,567,249,35,0,0,1,2,16,28,113,382,1852,0,2394
Se31 老衰,2021,11,2021-11-01,0,0,0,0,0,0,0,0,0,0,0,0,2,23,129,343,1051,2761,4511,3526,1412,0,0,0,0,0,0,25,472,13261,0,13758
Se32 不慮の事故,2021,11,2021-11-01,10,2,6,13,18,11,25,14,23,40,62,76,83,157,275,389,585,719,559,241,62,12,19,29,39,63,138,240,664,2166,7,3377
Se33 交通事故,2021,11,2021-11-01,1,0,3,8,11,5,8,8,9,10,14,22,18,19,36,43,61,42,14,2,0,1,11,16,16,19,36,37,79,119,1,335
Se34 自殺,2021,11,2021-11-01,0,0,9,59,88,76,85,72,120,138,145,142,103,100,126,89,83,67,21,4,3,0,68,164,157,258,287,203,215,178,1,1531
総数,2021,12,2021-12-01,165,27,38,107,167,222,250,343,615,1185,1920,2536,3636,6121,12748,14868,21320,28050,25016,12855,3354,192,145,389,593,1800,4456,9757,27616,90595,66,135609
Se01 結核,2021,12,2021-12-01,0,0,0,0,0,0,0,0,0,0,3,1,6,1,11,11,19,28,41,19,0,0,0,0,0,0,4,7,22,107,0,140
Se02 悪性新生物＜腫瘍＞,2021,12,2021-12-01,3,4,9,18,20,21,37,71,162,393,652,951,1468,2632,5209,5313,5914,5885,3538,1103,155,7,27,41,108,555,1603,4100,10522,16595,3,33561
Se03 食道の悪性新生物＜腫瘍＞,2021,12,2021-12-01,0,0,0,0,0,0,0,2,2,12,23,32,62,80,193,207,155,134,52,11,1,0,0,0,2,14,55,142,400,353,0,966
Se04 胃の悪性新生物＜腫瘍＞,2021,12,2021-12-01,0,0,0,0,1,2,6,8,9,31,57,68,164,289,567,578,624,658,390,152,17,0,0,3,14,40,125,453,1145,1841,0,3621
Se05 結腸の悪性新生物＜腫瘍＞,2021,12,2021-12-01,0,0,0,0,1,3,3,7,21,35,57,88,111,229,442,439,556,583,467,160,30,0,0,4,10,56,145,340,881,1796,0,3232
Se06 直腸Ｓ状結腸移行部及び直腸の悪性新生物＜腫瘍＞,2021,12,2021-12-01,0,0,0,0,0,0,2,5,5,33,34,65,83,141,248,204,211,207,105,31,3,0,0,0,7,38,99,224,452,557,1,1378
Se07 肝及び肝内胆管の悪性新生物＜腫瘍＞,2021,12,2021-12-01,0,0,0,0,0,1,0,2,2,7,30,50,88,138,333,334,395,399,217,48,4,0,0,1,2,9,80,226,667,1063,0,2048
Se08 胆のう及びその他の胆道の悪性新生物＜腫瘍＞,2021,12,2021-12-01,0,0,0,0,0,1,0,0,2,2,18,16,46,94,212,234,346,332,198,73,16,0,0,1,0,4,34,140,446,965,0,1590
Se09 膵の悪性新生物＜腫瘍＞,2021,12,2021-12-01,0,0,0,0,0,1,0,1,5,27,61,92,180,281,576,607,640,542,322,81,9,0,0,1,1,32,153,461,1183,1594,0,3425
Se10 気管，気管支及び肺の悪性新生物＜腫瘍＞,2021,12,2021-12-01,0,0,0,0,1,0,1,3,11,44,76,137,253,586,1150,1248,1232,1113,618,174,21,0,0,1,4,55,213,839,2398,3158,1,6669
Se11 乳房の悪性新生物＜腫瘍＞,2021,12,2021-12-01,0,0,0,0,0,3,4,8,23,57,99,106,94,129,196,148,130,147,96,46,9,0,0,3,12,80,205,223,344,428,0,1295
Se12 子宮の悪性新生物＜腫瘍＞,2021,12,2021-12-01,0,0,0,0,0,1,1,7,16,27,45,67,53,42,74,61,84,57,35,15,0,0,0,1,8,43,112,95,135,191,0,585
Se13 白血病,2021,12,2021-12-01,1,3,2,2,3,1,3,3,12,16,13,29,39,73,129,140,141,86,51,10,2,4,4,4,6,28,42,112,269,290,0,759
Se14 糖尿病,2021,12,2021-12-01,0,0,0,0,0,2,1,5,7,17,26,47,43,85,197,155,233,278,178,71,11,0,0,2,6,24,73,128,352,771,0,1356
Se15 高血圧性疾患,2021,12,2021-12-01,0,0,0,0,0,0,0,1,1,2,13,12,23,34,90,95,137,211,214,163,50,0,0,0,1,3,25,57,185,775,0,1046
Se16 心疾患（高血圧性を除く）,2021,12,2021-12-01,4,1,3,2,6,11,20,29,56,140,275,361,552,849,1713,2182,3375,4917,4785,2513,534,5,5,17,49,196,636,1401,3895,16124,6,22334
Se17 急性心筋梗塞,2021,12,2021-12-01,0,0,0,0,0,0,4,7,10,40,69,92,142,196,349,406,588,591,492,181,30,0,0,0,11,50,161,338,755,1882,1,3198
Se18 その他の虚血性心疾患,2021,12,2021-12-01,0,0,0,0,1,1,1,4,12,32,90,104,167,237,509,566,761,845,610,219,34,0,0,2,5,44,194,404,1075,2469,2,4195
Se19 不整脈及び伝導障害,2021,12,2021-12-01,0,0,0,0,4,1,7,11,17,26,36,64,96,157,271,368,572,805,673,346,53,0,0,5,18,43,100,253,639,2449,1,3508
Se20 心不全,2021,12,2021-12-01,3,0,1,1,1,2,4,3,7,27,58,67,91,171,421,620,1121,2104,2434,1470,374,3,2,3,7,34,125,262,1041,7503,2,8982
Se21 脳血管疾患,2021,12,2021-12-01,0,0,0,1,1,4,9,16,61,85,184,206,251,449,862,1099,1702,2175,1855,899,195,0,1,5,25,146,390,700,1961,6826,4,10058
Se22 くも膜下出血,2021,12,2021-12-01,0,0,0,0,1,1,3,5,28,31,55,59,52,89,108,134,170,159,112,31,5,0,0,2,8,59,114,141,242,477,2,1045
Se23 脳内出血,2021,12,2021-12-01,0,0,0,0,0,3,6,8,29,47,103,113,137,210,370,421,553,628,421,171,29,0,0,3,14,76,216,347,791,1802,0,3249
Se24 脳梗塞,2021,12,2021-12-01,0,0,0,1,0,0,0,2,4,4,23,30,47,129,366,506,935,1334,1268,675,154,0,1,0,2,8,53,176,872,4366,1,5479
Se25 大動脈瘤及び解離,2021,12,2021-12-01,0,0,0,1,0,1,0,7,6,17,38,48,81,126,264,272,378,434,321,115,20,0,1,1,7,23,86,207,536,1268,0,2129
Se26 肺炎,2021,12,2021-12-01,2,1,0,0,0,0,0,1,3,13,21,41,48,134,381,615,1136,1740,1608,775,151,3,0,0,1,16,62,182,996,5410,1,6671
Se27 慢性閉塞性肺疾患,2021,12,2021-12-01,0,0,0,0,0,0,0,1,2,1,1,4,19,37,169,236,336,360,240,89,12,0,0,0,1,3,5,56,405,1037,0,1507
Se28 喘息,2021,12,2021-12-01,1,0,0,0,1,0,0,0,1,3,3,1,3,4,13,9,14,17,18,12,6,1,0,1,0,4,4,7,22,67,1,107
Se29 肝疾患,2021,12,2021-12-01,0,0,0,1,1,0,3,17,41,71,110,136,147,169,254,190,237,202,92,32,2,0,1,1,20,112,246,316,444,565,0,1705
Se30 腎不全,2021,12,2021-12-01,1,0,0,0,0,0,2,2,2,11,16,18,34,85,205,251,491,669,645,274,55,1,0,0,4,13,34,119,456,2134,0,2761
Se31 老衰,2021,12,2021-12-01,0,0,0,0,0,0,0,0,0,0,0,0,6,27,135,346,1182,3075,4812,3721,1536,0,0,0,0,0,0,33,481,14326,0,14840
Se32 不慮の事故,2021,12,2021-12-01,8,4,4,18,27,23,22,27,33,51,68,92,131,208,437,577,758,936,655,303,51,12,22,50,49,84,160,339,1014,2703,4,4437
Se33 交通事故,2021,12,2021-12-01,0,3,1,11,16,14,6,7,12,20,11,20,27,27,41,48,47,46,18,4,1,3,12,30,13,32,31,54,89,116,0,380
Se34 自殺,2021,12,2021-12-01,0,0,7,48,83,115,99,102,124,160,156,151,113,87,120,105,76,51,24,8,2,0,55,198,201,284,307,200,225,161,6,1637
総数,2022,1,2022-01-01,142,26,33,100,184,178,215,380,603,1189,1864,2348,3530,6215,12731,14988,22539,29284,26519,13683,3520,168,133,362,595,1792,4212,9745,27719,95545,19,140290
Se01 結核,2022,1,2022-01-01,0,0,0,0,0,0,0,0,0,0,0,0,1,3,5,12,27,41,46,21,3,0,0,0,0,0,0,4,17,138,0,159
Se02 悪性新生物＜腫瘍＞,2022,1,2022-01-01,6,11,6,10,12,20,39,86,167,358,651,893,1474,2653,5072,5052,5888,5597,3423,1066,143,17,16,32,125,525,1544,4127,10124,16117,1,32628
Se03 食道の悪性新生物＜腫瘍＞,2022,1,2022-01-01,0,0,0,0,0,0,0,0,6,4,17,31,62,125,179,180,174,133,51,14,1,0,0,0,0,10,48,187,359,373,0,977
Se04 胃の悪性新生物＜腫瘍＞,2022,1,2022-01-01,0,0,0,0,0,2,5,12,11,28,41,70,132,285,573,510,656,578,383,128,17,0,0,2,17,39,111,417,1083,1762,0,3431
Se05 結腸の悪性新生物＜腫瘍＞,2022,1,2022-01-01,0,0,0,1,1,1,3,12,14,36,56,84,126,225,433,401,511,571,432,171,22,0,1,2,15,50,140,351,834,1707,0,3100
Se06 直腸Ｓ状結腸移行部及び直腸の悪性新生物＜腫瘍＞,2022,1,2022-01-01,0,0,0,0,0,1,2,3,7,18,32,56,96,153,248,202,201,193,112,35,4,0,0,1,5,25,88,249,450,545,0,1363
Se07 肝及び肝内胆管の悪性新生物＜腫瘍＞,2022,1,2022-01-01,1,0,0,0,1,2,0,2,8,12,29,47,81,156,325,316,381,422,227,45,6,1,0,3,2,20,76,237,641,1081,0,2061
Se08 胆のう及びその他の胆道の悪性新生物＜腫瘍＞,2022,1,2022-01-01,0,0,0,0,0,0,1,0,4,10,6,19,30,102,192,218,312,325,202,74,8,0,0,0,1,14,25,132,410,921,0,1503
Se09 膵の悪性新生物＜腫瘍＞,2022,1,2022-01-01,0,0,0,0,0,0,1,2,6,27,73,108,192,287,550,561,647,537,250,79,17,0,0,0,3,33,181,479,1111,1530,0,3337
Se10 気管，気管支及び肺の悪性新生物＜腫瘍＞,2022,1,2022-01-01,0,0,0,0,0,1,0,4,17,35,85,135,252,560,1112,1223,1207,1034,628,172,15,0,0,1,4,52,220,812,2335,3056,0,6480
Se11 乳房の悪性新生物＜腫瘍＞,2022,1,2022-01-01,0,0,0,0,0,0,5,11,27,62,97,80,118,133,205,151,150,129,99,47,13,0,0,0,16,89,177,251,356,438,0,1327
Se12 子宮の悪性新生物＜腫瘍＞,2022,1,2022-01-01,0,0,0,0,1,1,4,11,20,37,53,49,36,46,99,66,71,67,30,14,1,0,0,2,15,57,102,82,165,183,0,606
Se13 白血病,2022,1,2022-01-01,3,1,5,5,2,2,4,1,6,16,14,24,38,63,144,129,142,135,71,15,0,4,10,4,5,22,38,101,273,363,0,820
Se14 糖尿病,2022,1,2022-01-01,0,0,0,1,1,1,1,6,2,16,24,39,58,103,170,183,267,309,209,86,11,0,1,2,7,18,63,161,353,882,0,1487
Se15 高血圧性疾患,2022,1,2022-01-01,0,0,0,0,0,0,0,1,3,4,10,18,28,47,82,116,175,224,259,180,52,0,0,0,1,7,28,75,198,890,1,1200
Se16 心疾患（高血圧性を除く）,2022,1,2022-01-01,7,1,1,4,7,15,13,31,62,148,266,339,538,908,1949,2320,3828,5488,5072,2635,586,8,5,22,44,210,605,1446,4269,17609,2,24220
Se17 急性心筋梗塞,2022,1,2022-01-01,0,0,0,0,0,1,0,8,10,38,72,83,116,238,407,456,593,716,527,222,32,0,0,1,8,48,155,354,863,2090,0,3519
Se18 その他の虚血性心疾患,2022,1,2022-01-01,0,0,0,0,0,1,4,5,15,47,69,96,147,253,551,624,894,990,654,222,37,0,0,1,9,62,165,400,1175,2797,1,4610
Se19 不整脈及び伝導障害,2022,1,2022-01-01,2,0,1,2,4,7,3,7,19,30,52,72,110,147,352,367,645,895,781,372,60,2,3,11,10,49,124,257,719,2753,0,3928
Se20 心不全,2022,1,2022-01-01,1,0,0,0,2,2,5,7,12,19,49,56,113,184,483,684,1310,2290,2536,1538,410,1,0,4,12,31,105,297,1167,8084,0,9701
Se21 脳血管疾患,2022,1,2022-01-01,1,0,1,1,3,1,8,33,49,110,187,193,266,417,898,1123,1656,2219,1889,874,167,1,2,4,41,159,380,683,2021,6805,0,10096
Se22 くも膜下出血,2022,1,2022-01-01,1,0,0,1,0,0,2,11,22,46,60,49,75,84,122,135,173,191,100,36,6,1,1,0,13,68,109,159,257,506,0,1114
Se23 脳内出血,2022,1,2022-01-01,0,0,1,0,3,1,3,17,26,53,99,113,124,198,383,418,548,614,440,155,22,0,1,4,20,79,212,322,801,1779,0,3218
Se24 脳梗塞,2022,1,2022-01-01,0,0,0,0,0,0,1,4,1,8,21,23,61,122,361,528,883,1342,1292,657,135,0,0,0,5,9,44,183,889,4309,0,5439
Se25 大動脈瘤及び解離,2022,1,2022-01-01,0,0,0,0,0,0,1,5,5,34,39,52,73,146,254,252,361,445,318,112,15,0,0,0,6,39,91,219,506,1251,1,2113
Se26 肺炎,2022,1,2022-01-01,3,0,1,0,1,1,2,3,6,12,15,37,65,140,402,659,1243,1965,1819,858,184,3,1,2,5,18,52,205,1061,6069,2,7418
Se27 慢性閉塞性肺疾患,2022,1,2022-01-01,0,0,0,0,0,0,0,0,0,1,1,5,16,41,137,242,312,388,277,95,13,0,0,0,0,1,6,57,379,1085,0,1528
Se28 喘息,2022,1,2022-01-01,0,0,0,0,0,1,1,1,0,4,1,1,1,2,7,6,21,26,18,14,3,0,0,1,2,4,2,3,13,82,0,107
Se29 肝疾患,2022,1,2022-01-01,0,0,0,0,0,2,3,11,29,90,116,121,134,180,226,205,252,195,111,39,3,0,0,2,14,119,237,314,431,600,0,1717
Se30 腎不全,2022,1,2022-01-01,1,0,0,0,0,1,0,2,2,8,14,21,41,87,196,273,498,713,711,301,51,1,0,1,2,10,35,128,469,2274,0,2920
Se31 老衰,2022,1,2022-01-01,0,0,0,0,0,0,0,0,0,0,0,0,9,24,125,338,1262,3153,5146,4065,1614,0,0,0,0,0,0,33,463,15240,1,15737
Se32 不慮の事故,2022,1,2022-01-01,7,0,3,20,17,13,20,23,40,58,72,86,116,230,451,559,874,996,788,294,69,7,23,30,43,98,158,346,1010,3021,3,4739
Se33 交通事故,2022,1,2022-01-01,1,0,1,6,7,7,4,8,13,11,15,9,14,30,33,35,28,24,8,2,0,1,7,14,12,24,24,44,68,62,0,256
Se34 自殺,2022,1,2022-01-01,0,0,8,51,114,88,76,103,123,149,158,123,115,81,107,88,83,43,21,9,0,0,59,202,179,272,281,196,195,156,0,1540
総数,2022,2,2022-02-01,135,33,27,82,176,198,220,355,574,1088,1744,2345,3559,5893,12222,14721,22108,28411,26078,13519,3486,168,109,374,575,1662,4089,9452,26943,93602,20,136994
Se01 結核,2022,2,2022-02-01,0,0,0,0,0,0,0,1,0,0,0,1,2,1,9,15,24,34,37,14,1,0,0,0,1,0,1,3,24,110,0,139
Se02 悪性新生物＜腫瘍＞,2022,2,2022-02-01,4,9,6,7,12,23,36,68,153,306,620,870,1412,2391,4656,4728,5406,5054,3159,955,122,13,13,35,104,459,1490,3803,9384,14696,1,29998
Se03 食道の悪性新生物＜腫瘍＞,2022,2,2022-02-01,0,0,0,0,0,0,0,1,2,3,15,31,56,83,168,160,142,105,47,9,1,0,0,0,1,5,46,139,328,304,0,823
Se04 胃の悪性新生物＜腫瘍＞,2022,2,2022-02-01,0,0,0,0,0,4,3,5,12,24,47,57,135,272,510,483,623,562,360,107,10,0,0,4,8,36,104,407,993,1662,0,3214
Se05 結腸の悪性新生物＜腫瘍＞,2022,2,2022-02-01,0,0,0,1,1,1,2,10,13,31,72,78,122,197,434,403,467,519,375,131,17,0,1,2,12,44,150,319,837,1509,0,2874
Se06 直腸Ｓ状結腸移行部及び直腸の悪性新生物＜腫瘍＞,2022,2,2022-02-01,0,0,0,0,0,1,0,4,5,19,31,58,71,146,211,198,184,145,95,30,4,0,0,1,4,24,89,217,409,458,0,1202
Se07 肝及び肝内胆管の悪性新生物＜腫瘍＞,2022,2,2022-02-01,0,0,0,0,0,0,0,0,8,7,28,50,71,146,274,293,357,361,197,43,5,0,0,0,0,15,78,217,567,963,0,1840
Se08 胆のう及びその他の胆道の悪性新生物＜腫瘍＞,2022,2,2022-02-01,0,0,0,0,0,1,0,0,1,7,7,13,33,81,179,233,265,354,196,72,10,0,0,1,0,8,20,114,412,897,0,1452
Se09 膵の悪性新生物＜腫瘍＞,2022,2,2022-02-01,0,0,0,0,0,0,0,5,10,23,60,97,155,238,531,550,544,452,266,70,6,0,0,0,5,33,157,393,1081,1338,0,3007
Se10 気管，気管支及び肺の悪性新生物＜腫瘍＞,2022,2,2022-02-01,0,0,1,0,0,0,1,2,8,30,58,111,257,535,1101,1092,1127,971,571,163,18,0,1,0,3,38,169,792,2193,2850,1,6047
Se11 乳房の悪性新生物＜腫瘍＞,2022,2,2022-02-01,0,0,0,0,0,2,5,8,22,51,88,95,110,113,170,142,126,121,88,46,12,0,0,2,13,73,183,223,312,393,0,1199
Se12 子宮の悪性新生物＜腫瘍＞,2022,2,2022-02-01,0,0,0,0,0,2,5,3,21,21,43,53,64,54,91,56,69,59,28,13,2,0,0,2,8,42,96,118,147,171,0,584
Se13 白血病,2022,2,2022-02-01,1,0,2,2,4,5,6,4,9,10,15,26,42,56,123,98,128,113,59,13,0,1,4,9,10,19,41,98,221,313,0,716
Se14 糖尿病,2022,2,2022-02-01,0,0,0,0,0,2,0,3,1,19,32,35,61,90,161,202,279,309,221,78,12,0,0,2,3,20,67,151,363,899,0,1505
Se15 高血圧性疾患,2022,2,2022-02-01,0,0,0,0,0,0,0,0,0,9,10,13,29,36,104,105,161,270,264,165,34,0,0,0,0,9,23,65,209,894,0,1200
Se16 心疾患（高血圧性を除く）,2022,2,2022-02-01,3,2,4,2,4,8,14,38,71,152,243,333,549,835,1722,2215,3629,4940,4868,2506,530,5,6,12,52,223,576,1384,3937,16473,2,22670
Se17 急性心筋梗塞,2022,2,2022-02-01,0,0,0,0,0,0,3,8,18,34,59,66,142,193,324,387,563,643,452,168,36,0,0,0,11,52,125,335,711,1862,0,3096
Se18 その他の虚血性心疾患,2022,2,2022-02-01,0,0,0,0,1,0,2,4,19,53,60,95,158,251,511,564,871,861,615,241,43,0,0,1,6,72,155,409,1075,2631,1,4350
Se19 不整脈及び伝導障害,2022,2,2022-02-01,0,1,2,1,2,5,7,11,21,25,52,71,114,141,276,369,567,807,715,342,58,1,3,7,18,46,123,255,645,2489,1,3588
Se20 心不全,2022,2,2022-02-01,0,0,0,0,1,2,1,9,7,24,48,67,90,182,448,671,1279,2133,2553,1490,348,0,0,3,10,31,115,272,1119,7803,0,9353
Se21 脳血管疾患,2022,2,2022-02-01,1,0,0,1,3,5,7,19,50,113,138,169,265,383,852,1037,1671,2094,1831,756,178,1,1,8,26,163,307,648,1889,6530,3,9576
Se22 くも膜下出血,2022,2,2022-02-01,0,0,0,0,1,2,3,10,19,50,38,50,55,78,131,115,161,162,101,41,4,0,0,3,13,69,88,133,246,469,0,1021
Se23 脳内出血,2022,2,2022-02-01,1,0,0,1,1,2,3,8,23,56,83,87,141,186,351,394,572,614,404,111,23,1,1,3,11,79,170,327,745,1724,2,3063
Se24 脳梗塞,2022,2,2022-02-01,0,0,0,0,1,0,1,0,4,5,9,27,62,108,342,489,878,1264,1271,575,142,0,0,1,1,9,36,170,831,4130,1,5179
Se25 大動脈瘤及び解離,2022,2,2022-02-01,0,0,0,0,1,0,1,6,4,22,28,53,60,123,201,222,311,393,253,89,11,0,0,1,7,26,81,183,423,1057,0,1778
Se26 肺炎,2022,2,2022-02-01,2,0,0,0,2,0,1,3,6,8,19,38,62,138,391,632,1202,1699,1566,833,155,2,0,2,4,14,57,200,1023,5455,1,6758
Se27 慢性閉塞性肺疾患,2022,2,2022-02-01,0,0,0,0,0,0,0,1,0,0,3,9,16,52,145,192,330,361,258,73,12,0,0,0,1,0,12,68,337,1034,0,1452
Se28 喘息,2022,2,2022-02-01,0,2,0,0,0,0,1,0,1,2,1,2,3,3,8,8,11,18,19,14,1,2,0,0,1,3,3,6,16,63,0,94
Se29 肝疾患,2022,2,2022-02-01,2,0,1,0,0,3,3,12,26,63,116,138,149,163,244,171,214,186,99,20,10,2,1,3,15,89,254,312,415,529,1,1621
Se30 腎不全,2022,2,2022-02-01,0,0,0,1,1,0,0,2,2,3,15,16,43,91,164,292,461,674,631,297,42,0,1,1,2,5,31,134,456,2105,0,2735
Se31 老衰,2022,2,2022-02-01,0,0,0,0,0,0,0,0,0,0,0,0,4,12,132,371,1246,2906,4832,3881,1539,0,0,0,0,0,0,16,503,14404,0,14923
Se32 不慮の事故,2022,2,2022-02-01,12,1,3,12,18,13,20,25,25,43,61,82,117,195,397,515,764,882,726,269,67,13,15,31,45,68,143,312,912,2708,1,4248
Se33 交通事故,2022,2,2022-02-01,2,0,0,7,10,4,3,7,9,7,13,10,13,21,29,31,34,28,10,4,0,2,7,14,10,16,23,34,60,76,0,242
Se34 自殺,2022,2,2022-02-01,0,0,4,42,106,95,92,100,112,143,151,110,99,89,106,82,56,52,24,3,2,0,46,201,192,255,261,188,188,137,1,1469
総数,2022,3,2022-03-01,145,26,29,108,191,209,234,388,611,1261,1885,2477,3568,6007,12699,14983,21964,28206,26003,13646,3524,171,137,400,622,1872,4362,9575,27682,93343,35,138199
Se01 結核,2022,3,2022-03-01,0,0,0,0,0,0,0,0,0,0,1,0,0,5,6,12,23,39,45,14,3,0,0,0,0,0,1,5,18,124,1,149
Se02 悪性新生物＜腫瘍＞,2022,3,2022-03-01,9,9,5,13,11,21,46,93,168,386,635,980,1468,2569,5051,5083,5938,5419,3402,1048,140,18,18,32,139,554,1615,4037,10134,15947,3,32497
Se03 食道の悪性新生物＜腫瘍＞,2022,3,2022-03-01,0,0,0,0,0,0,0,2,0,10,16,37,63,98,193,156,175,118,47,17,1,0,0,0,2,10,53,161,349,358,0,933
Se04 胃の悪性新生物＜腫瘍＞,2022,3,2022-03-01,0,0,0,0,0,2,5,8,13,28,66,72,137,254,555,523,647,627,370,115,20,0,0,2,13,41,138,391,1078,1779,1,3443
Se05 結腸の悪性新生物＜腫瘍＞,2022,3,2022-03-01,0,0,0,0,0,0,4,8,9,41,67,106,138,248,424,408,554,534,402,146,21,0,0,0,12,50,173,386,832,1657,0,3110
Se06 直腸Ｓ状結腸移行部及び直腸の悪性新生物＜腫瘍＞,2022,3,2022-03-01,0,0,0,0,0,2,1,3,10,20,31,55,76,128,244,197,222,167,113,36,5,0,0,2,4,30,86,204,441,543,0,1310
Se07 肝及び肝内胆管の悪性新生物＜腫瘍＞,2022,3,2022-03-01,0,0,0,0,0,0,1,1,3,7,26,48,81,175,305,347,427,373,240,53,11,0,0,0,2,10,74,256,652,1104,0,2098
Se08 胆のう及びその他の胆道の悪性新生物＜腫瘍＞,2022,3,2022-03-01,0,0,0,0,0,0,0,1,4,5,11,30,28,81,175,239,321,307,224,71,7,0,0,0,1,9,41,109,414,930,0,1504
Se09 膵の悪性新生物＜腫瘍＞,2022,3,2022-03-01,0,0,0,0,0,2,2,3,10,24,64,114,165,292,540,563,587,491,264,61,7,0,0,2,5,34,178,457,1103,1410,0,3189
Se10 気管，気管支及び肺の悪性新生物＜腫瘍＞,2022,3,2022-03-01,0,0,0,0,1,1,0,10,16,32,82,155,261,516,1172,1175,1267,1032,567,163,18,0,0,2,10,48,237,777,2347,3047,1,6469
Se11 乳房の悪性新生物＜腫瘍＞,2022,3,2022-03-01,0,0,0,0,0,0,4,14,34,72,75,100,123,133,195,162,159,125,85,41,8,0,0,0,18,106,175,256,357,418,0,1330
Se12 子宮の悪性新生物＜腫瘍＞,2022,3,2022-03-01,0,0,0,0,0,2,7,10,19,34,37,43,46,57,64,63,65,57,41,13,0,0,0,2,17,53,80,103,127,176,0,558
Se13 白血病,2022,3,2022-03-01,4,1,2,4,2,2,4,12,6,13,20,21,48,67,148,139,148,122,51,11,3,5,6,4,16,19,41,115,287,335,0,828
Se14 糖尿病,2022,3,2022-03-01,0,0,0,0,3,3,1,4,5,19,23,47,55,89,166,193,280,323,233,83,13,0,0,6,5,24,70,144,359,932,0,1540
Se15 高血圧性疾患,2022,3,2022-03-01,0,0,0,0,0,0,0,0,3,5,10,22,23,42,73,85,160,226,235,175,65,0,0,0,0,8,32,65,158,861,0,1124
Se16 心疾患（高血圧性を除く）,2022,3,2022-03-01,5,1,0,2,6,6,12,42,65,139,256,333,471,806,1733,1928,3328,4706,4640,2441,532,6,2,12,54,204,589,1277,3661,15647,2,21454
Se17 急性心筋梗塞,2022,3,2022-03-01,1,0,0,0,0,0,2,7,14,29,55,73,108,192,389,346,554,626,402,173,19,1,0,0,9,43,128,300,735,1774,0,2990
Se18 その他の虚血性心疾患,2022,3,2022-03-01,0,1,0,0,2,0,1,10,18,34,88,87,154,221,485,503,703,716,563,191,33,1,0,2,11,52,175,375,988,2206,1,3811
Se19 不整脈及び伝導障害,2022,3,2022-03-01,2,0,0,1,2,3,4,8,11,36,47,67,82,146,273,314,508,751,704,341,77,2,1,5,12,47,114,228,587,2381,0,3377
Se20 心不全,2022,3,2022-03-01,0,0,0,0,0,1,2,8,17,21,34,69,91,193,409,602,1206,2047,2449,1473,359,0,0,1,10,38,103,284,1011,7534,1,8982
Se21 脳血管疾患,2022,3,2022-03-01,0,0,3,2,4,3,7,26,43,125,180,195,269,369,887,1131,1618,2118,1813,882,184,0,5,7,33,168,375,638,2018,6615,2,9861
Se22 くも膜下出血,2022,3,2022-03-01,0,0,0,0,3,2,1,17,21,54,78,41,60,70,127,135,144,153,107,36,9,0,0,5,18,75,119,130,262,449,1,1059
Se23 脳内出血,2022,3,2022-03-01,0,0,3,2,1,1,6,5,18,60,87,122,137,186,377,405,547,620,404,160,28,0,5,2,11,78,209,323,782,1759,0,3169
Se24 脳梗塞,2022,3,2022-03-01,0,0,0,0,0,0,0,4,3,8,9,24,64,98,353,552,887,1297,1250,670,138,0,0,0,4,11,33,162,905,4242,1,5358
Se25 大動脈瘤及び解離,2022,3,2022-03-01,0,0,0,0,0,0,1,1,5,18,37,35,61,99,243,235,316,390,254,102,16,0,0,0,2,23,72,160,478,1078,1,1814
Se26 肺炎,2022,3,2022-03-01,4,0,0,0,0,0,3,2,3,4,22,35,68,132,381,623,1112,1675,1650,794,159,4,0,0,5,7,57,200,1004,5390,2,6669
Se27 慢性閉塞性肺疾患,2022,3,2022-03-01,0,0,0,0,0,0,0,0,0,0,4,5,9,40,131,235,333,392,240,83,13,0,0,0,0,0,9,49,366,1061,0,1485
Se28 喘息,2022,3,2022-03-01,0,0,0,0,0,0,0,0,0,0,1,2,5,3,4,8,15,17,18,14,0,0,0,0,0,0,3,8,12,64,0,87
Se29 肝疾患,2022,3,2022-03-01,0,0,0,0,1,0,3,14,35,72,104,122,128,164,241,204,203,206,106,25,7,0,0,1,17,107,226,292,445,547,0,1635
Se30 腎不全,2022,3,2022-03-01,1,0,0,0,0,0,0,1,7,5,20,20,41,70,196,281,463,751,707,334,45,1,0,0,1,12,40,111,477,2300,1,2943
Se31 老衰,2022,3,2022-03-01,0,0,0,0,0,0,0,0,0,0,0,0,5,19,133,345,1198,2981,5021,3988,1570,0,0,0,0,0,0,24,478,14758,0,15260
Se32 不慮の事故,2022,3,2022-03-01,11,3,5,12,17,22,15,22,29,51,76,71,113,188,397,459,695,813,635,287,49,14,17,39,37,80,147,301,856,2479,11,3981
Se33 交通事故,2022,3,2022-03-01,4,1,2,8,12,8,5,7,8,13,12,13,15,18,36,25,33,32,9,1,0,5,10,20,12,21,25,33,61,75,0,262
Se34 自殺,2022,3,2022-03-01,0,0,8,61,113,121,97,107,136,199,175,172,144,127,128,113,105,58,24,4,0,0,69,234,204,335,347,271,241,191,1,1893
総数,2022,4,2022-04-01,155,21,30,103,152,187,244,377,606,1067,1749,2325,3273,5346,11097,12961,18917,24649,22415,11890,3092,176,133,339,621,1673,4074,8619,24058,80963,37,120693
Se01 結核,2022,4,2022-04-01,0,0,0,0,0,0,0,0,0,1,1,1,0,7,6,11,28,35,31,14,1,0,0,0,0,1,2,7,17,109,0,136
Se02 悪性新生物＜腫瘍＞,2022,4,2022-04-01,11,5,4,17,7,25,54,84,168,344,608,941,1417,2409,4786,4816,5476,5292,3088,1015,138,16,21,32,138,512,1549,3826,9602,15009,2,30707
Se03 食道の悪性新生物＜腫瘍＞,2022,4,2022-04-01,0,0,0,0,0,0,0,0,4,12,22,34,55,91,150,134,153,108,40,8,2,0,0,0,0,16,56,146,284,311,0,813
Se04 胃の悪性新生物＜腫瘍＞,2022,4,2022-04-01,0,0,0,0,0,2,4,9,16,21,46,80,107,233,511,539,557,624,358,140,10,0,0,2,13,37,126,340,1050,1689,1,3258
Se05 結腸の悪性新生物＜腫瘍＞,2022,4,2022-04-01,0,0,0,0,0,3,6,6,16,27,53,79,147,227,451,393,514,522,371,130,18,0,0,3,12,43,132,374,844,1555,0,2963
Se06 直腸Ｓ状結腸移行部及び直腸の悪性新生物＜腫瘍＞,2022,4,2022-04-01,0,0,0,0,0,0,2,9,4,21,39,50,75,118,219,185,177,155,100,25,8,0,0,0,11,25,89,193,404,465,0,1187
Se07 肝及び肝内胆管の悪性新生物＜腫瘍＞,2022,4,2022-04-01,0,0,0,1,0,0,0,1,11,10,16,33,90,143,255,320,370,366,181,56,10,0,1,0,1,21,49,233,575,983,0,1863
Se08 胆のう及びその他の胆道の悪性新生物＜腫瘍＞,2022,4,2022-04-01,0,0,0,0,0,1,0,0,1,4,9,23,31,86,188,229,302,300,220,60,12,0,0,1,0,5,32,117,417,894,0,1466
Se09 膵の悪性新生物＜腫瘍＞,2022,4,2022-04-01,0,0,0,0,0,0,0,5,11,23,64,116,164,266,576,569,622,517,244,91,12,0,0,0,5,34,180,430,1145,1486,0,3280
Se10 気管，気管支及び肺の悪性新生物＜腫瘍＞,2022,4,2022-04-01,0,0,0,0,0,0,1,4,14,43,69,138,270,516,1109,1129,1145,1010,547,165,26,0,0,0,5,57,207,786,2238,2893,0,6186
Se11 乳房の悪性新生物＜腫瘍＞,2022,4,2022-04-01,0,0,0,0,0,0,8,11,25,44,86,96,117,135,185,144,140,120,89,26,7,0,0,0,19,69,182,252,329,382,0,1233
Se12 子宮の悪性新生物＜腫瘍＞,2022,4,2022-04-01,0,0,0,0,0,0,2,10,16,29,51,68,41,52,69,52,54,69,29,13,2,0,0,0,12,45,119,93,121,167,0,557
Se13 白血病,2022,4,2022-04-01,6,1,0,6,1,4,8,3,7,13,15,23,38,54,137,132,139,115,47,14,2,7,6,5,11,20,38,92,269,317,0,765
Se14 糖尿病,2022,4,2022-04-01,0,0,0,1,1,0,3,1,9,10,28,38,42,83,145,148,220,246,159,71,13,0,1,1,4,19,66,125,293,709,0,1218
Se15 高血圧性疾患,2022,4,2022-04-01,0,0,0,0,0,0,0,0,0,5,12,16,15,29,51,62,123,171,228,130,40,0,0,0,0,5,28,44,113,692,0,882
Se16 心疾患（高血圧性を除く）,2022,4,2022-04-01,2,2,1,4,5,6,21,35,66,133,219,297,422,597,1322,1633,2580,3911,4144,2239,506,4,5,11,56,199,516,1019,2955,13380,5,18150
Se17 急性心筋梗塞,2022,4,2022-04-01,0,0,0,0,0,0,5,5,11,28,60,70,99,119,276,309,430,519,368,167,22,0,0,0,10,39,130,218,585,1506,1,2489
Se18 その他の虚血性心疾患,2022,4,2022-04-01,0,0,0,0,1,0,1,7,15,32,62,99,125,173,346,389,497,580,455,175,41,0,0,1,8,47,161,298,735,1748,1,2999
Se19 不整脈及び伝導障害,2022,4,2022-04-01,1,1,0,3,0,1,6,11,16,25,40,39,62,105,228,259,392,595,620,295,55,2,3,1,17,41,79,167,487,1957,1,2755
Se20 心不全,2022,4,2022-04-01,1,0,1,0,3,3,2,5,16,30,37,60,89,139,338,503,981,1744,2221,1337,346,1,1,6,7,46,97,228,841,6629,1,7857
Se21 脳血管疾患,2022,4,2022-04-01,1,1,0,1,0,3,5,17,45,86,181,184,205,351,747,980,1388,1843,1638,779,148,2,1,3,22,131,365,556,1727,5796,1,8604
Se22 くも膜下出血,2022,4,2022-04-01,1,1,0,0,0,2,2,4,17,29,61,53,51,57,112,122,142,137,76,27,7,2,0,2,6,46,114,108,234,389,0,901
Se23 脳内出血,2022,4,2022-04-01,0,0,0,1,0,1,3,10,25,49,105,103,110,177,315,356,434,492,367,143,23,0,1,1,13,74,208,287,671,1459,1,2715
Se24 脳梗塞,2022,4,2022-04-01,0,0,0,0,0,0,0,3,2,5,12,27,36,101,292,466,776,1167,1144,588,116,0,0,0,3,7,39,137,758,3791,0,4735
Se25 大動脈瘤及び解離,2022,4,2022-04-01,0,0,0,0,0,0,0,3,9,8,30,44,59,104,167,220,253,357,251,80,17,0,0,0,3,17,74,163,387,958,0,1602
Se26 肺炎,2022,4,2022-04-01,1,0,0,0,0,0,1,2,4,5,19,26,58,107,373,532,1020,1452,1436,694,162,1,0,0,3,9,45,165,905,4764,0,5892
Se27 慢性閉塞性肺疾患,2022,4,2022-04-01,0,0,0,0,0,0,0,0,0,2,3,8,18,43,136,184,274,308,214,81,10,0,0,0,0,2,11,61,320,887,0,1281
Se28 喘息,2022,4,2022-04-01,0,0,0,0,0,0,0,0,0,2,1,1,2,1,5,9,8,22,12,12,3,0,0,0,0,2,2,3,14,57,0,78
Se29 肝疾患,2022,4,2022-04-01,1,0,0,0,2,0,2,11,27,70,91,132,127,154,211,184,200,197,105,32,4,1,0,2,13,97,223,281,395,538,0,1550
Se30 腎不全,2022,4,2022-04-01,0,0,0,0,0,0,0,2,0,5,8,19,39,57,165,242,424,611,590,256,44,0,0,0,2,5,27,96,407,1925,0,2462
Se31 老衰,2022,4,2022-04-01,0,0,0,0,0,0,0,0,0,0,0,0,1,21,105,336,1065,2664,4234,3469,1389,0,0,0,0,0,0,22,441,12821,0,13284
Se32 不慮の事故,2022,4,2022-04-01,18,3,2,14,15,22,28,26,31,48,72,71,87,153,284,344,573,667,533,225,55,21,16,37,54,79,143,240,628,2053,3,3274
Se33 交通事故,2022,4,2022-04-01,2,0,2,7,7,8,6,5,7,13,20,12,17,16,25,38,36,32,19,3,0,2,9,15,11,20,32,33,63,90,0,275
Se34 自殺,2022,4,2022-04-01,0,0,9,54,92,90,84,116,125,166,188,142,127,102,120,103,95,59,37,7,0,0,63,182,200,291,330,229,223,198,1,1717
総数,2022,5,2022-05-01,150,23,38,106,186,195,247,368,644,1168,1819,2341,3383,5485,11161,13127,18797,24308,22095,11739,2920,173,144,381,615,1812,4160,8868,24288,79859,48,120348
Se01 結核,2022,5,2022-05-01,0,0,0,0,0,0,0,0,0,0,1,2,1,3,6,14,21,36,25,16,2,0,0,0,0,0,3,4,20,100,0,127
Se02 悪性新生物＜腫瘍＞,2022,5,2022-05-01,2,9,7,8,12,17,46,83,178,383,625,941,1492,2563,5097,5157,5768,5463,3221,996,137,11,15,29,129,561,1566,4055,10254,15585,1,32206
Se03 食道の悪性新生物＜腫瘍＞,2022,5,2022-05-01,0,0,0,0,0,0,0,0,3,11,22,41,53,107,166,166,156,102,39,7,1,0,0,0,0,14,63,160,332,305,0,874
Se04 胃の悪性新生物＜腫瘍＞,2022,5,2022-05-01,0,0,0,0,1,0,2,8,8,32,52,76,131,262,494,554,643,610,360,121,11,0,0,1,10,40,128,393,1048,1745,0,3365
Se05 結腸の悪性新生物＜腫瘍＞,2022,5,2022-05-01,0,0,0,0,1,2,1,7,26,33,60,83,137,219,502,439,521,517,428,135,23,0,0,3,8,59,143,356,941,1624,0,3134
Se06 直腸Ｓ状結腸移行部及び直腸の悪性新生物＜腫瘍＞,2022,5,2022-05-01,0,0,0,0,0,0,2,5,13,16,32,58,87,154,246,197,207,171,114,33,3,0,0,0,7,29,90,241,443,528,0,1338
Se07 肝及び肝内胆管の悪性新生物＜腫瘍＞,2022,5,2022-05-01,0,0,0,0,2,1,2,2,7,14,17,39,98,155,316,334,393,367,202,48,3,0,0,3,4,21,56,253,650,1013,0,2000
Se08 胆のう及びその他の胆道の悪性新生物＜腫瘍＞,2022,5,2022-05-01,0,0,0,0,0,2,1,0,2,6,15,20,42,95,193,223,251,315,200,74,9,0,0,2,1,8,35,137,416,849,0,1448
Se09 膵の悪性新生物＜腫瘍＞,2022,5,2022-05-01,0,0,0,0,0,1,4,3,10,29,70,104,183,312,580,570,607,504,236,64,8,0,0,1,7,39,174,495,1150,1419,0,3285
Se10 気管，気管支及び肺の悪性新生物＜腫瘍＞,2022,5,2022-05-01,0,0,0,0,0,0,3,7,15,29,72,142,265,509,1211,1204,1262,1046,593,169,18,0,0,0,10,44,214,774,2415,3088,0,6545
Se11 乳房の悪性新生物＜腫瘍＞,2022,5,2022-05-01,0,0,0,0,0,1,7,6,30,80,74,118,113,141,191,154,154,151,82,39,12,0,0,1,13,110,192,254,345,438,0,1353
Se12 子宮の悪性新生物＜腫瘍＞,2022,5,2022-05-01,0,0,0,0,0,0,3,10,20,22,47,41,59,63,77,71,71,70,34,10,4,0,0,0,13,42,88,122,148,189,0,602
Se13 白血病,2022,5,2022-05-01,0,1,0,0,4,1,3,5,12,9,23,22,42,67,142,151,149,110,60,11,2,1,0,5,8,21,45,109,293,332,0,814
Se14 糖尿病,2022,5,2022-05-01,0,0,0,0,1,0,1,3,3,10,26,37,40,70,143,135,224,223,180,72,10,0,0,1,4,13,63,110,278,709,0,1178
Se15 高血圧性疾患,2022,5,2022-05-01,0,0,0,0,0,0,0,0,1,8,5,13,18,29,44,58,109,169,201,134,35,0,0,0,0,9,18,47,102,648,0,824
Se16 心疾患（高血圧性を除く）,2022,5,2022-05-01,3,0,2,5,9,12,13,25,57,133,251,286,423,592,1226,1627,2490,3855,3938,2194,423,3,7,21,38,190,537,1015,2853,12900,6,17570
Se17 急性心筋梗塞,2022,5,2022-05-01,0,0,0,0,1,0,2,3,11,43,68,69,102,145,269,313,395,469,364,147,24,0,0,1,5,54,137,247,582,1399,1,2426
Se18 その他の虚血性心疾患,2022,5,2022-05-01,0,0,0,0,1,2,1,6,17,33,61,84,130,167,342,414,516,617,434,161,26,0,0,3,7,50,145,297,756,1754,5,3017
Se19 不整脈及び伝導障害,2022,5,2022-05-01,1,0,1,2,5,6,4,4,10,25,52,62,70,109,195,229,381,578,612,309,45,1,3,11,8,35,114,179,424,1925,0,2700
Se20 心不全,2022,5,2022-05-01,0,0,0,1,2,1,4,9,11,21,41,44,83,114,311,511,953,1758,2055,1345,283,0,1,3,13,32,85,197,822,6394,0,7547
Se21 脳血管疾患,2022,5,2022-05-01,1,0,1,0,5,1,12,18,44,94,150,150,221,353,750,952,1385,1847,1611,772,161,1,1,6,30,138,300,574,1702,5776,2,8530
Se22 くも膜下出血,2022,5,2022-05-01,1,0,0,0,1,1,3,13,18,34,59,39,41,75,104,124,135,124,94,22,1,1,0,2,16,52,98,116,228,376,0,889
Se23 脳内出血,2022,5,2022-05-01,0,0,1,0,3,0,6,5,23,51,74,86,127,143,298,342,412,535,352,126,19,0,1,3,11,74,160,270,640,1444,2,2605
Se24 脳梗塞,2022,5,2022-05-01,0,0,0,0,1,0,1,0,3,7,14,22,48,119,320,459,799,1141,1124,594,138,0,0,1,1,10,36,167,779,3796,0,4790
Se25 大動脈瘤及び解離,2022,5,2022-05-01,0,0,0,0,0,0,1,2,13,17,22,23,56,89,160,184,284,312,237,94,10,0,0,0,3,30,45,145,344,937,0,1504
Se26 肺炎,2022,5,2022-05-01,2,0,0,0,0,3,0,0,4,5,26,39,56,101,315,500,974,1444,1390,711,157,2,0,3,0,9,65,157,815,4676,1,5728
Se27 慢性閉塞性肺疾患,2022,5,2022-05-01,0,0,0,0,0,0,0,0,0,1,2,6,10,31,135,189,273,322,191,77,11,0,0,0,0,1,8,41,324,874,0,1248
Se28 喘息,2022,5,2022-05-01,0,0,0,0,0,0,0,0,0,0,0,1,1,3,10,8,10,17,19,11,0,0,0,0,0,0,1,4,18,57,0,80
Se29 肝疾患,2022,5,2022-05-01,0,0,0,0,0,3,4,10,31,64,90,119,134,160,197,181,203,205,80,21,7,0,0,3,14,95,209,294,378,516,0,1509
Se30 腎不全,2022,5,2022-05-01,1,0,0,0,0,1,1,2,3,6,8,18,27,66,178,226,429,595,550,247,30,1,0,1,3,9,26,93,404,1851,0,2388
Se31 老衰,2022,5,2022-05-01,0,0,0,0,0,0,0,0,0,0,0,0,7,24,118,330,1090,2694,4312,3489,1339,0,0,0,0,0,0,31,448,12924,0,13403
Se32 不慮の事故,2022,5,2022-05-01,9,2,3,20,23,12,14,18,30,51,72,55,90,126,298,330,523,600,484,235,56,11,23,35,32,81,127,216,628,1898,3,3054
Se33 交通事故,2022,5,2022-05-01,3,1,0,10,15,5,4,6,10,12,17,7,17,25,41,40,28,30,10,1,0,4,10,20,10,22,24,42,81,69,0,282
Se34 自殺,2022,5,2022-05-01,0,0,14,62,109,111,117,142,171,189,224,214,158,122,151,115,99,74,22,10,1,0,76,220,259,360,438,280,266,206,2,2107
総数,2022,6,2022-06-01,151,23,35,119,182,173,243,333,590,1053,1616,2161,3150,5051,10540,12113,17476,22117,20241,10642,2785,174,154,355,576,1643,3777,8201,22653,73261,60,110854
Se01 結核,2022,6,2022-06-01,0,0,0,0,0,0,0,0,1,0,0,1,1,1,10,11,16,36,27,16,3,0,0,0,0,1,1,2,21,98,0,123
Se02 悪性新生物＜腫瘍＞,2022,6,2022-06-01,3,9,3,11,19,12,33,71,140,364,617,900,1468,2419,4896,4869,5579,5304,3171,1022,156,12,14,31,104,504,1517,3887,9765,15232,0,31066
Se03 食道の悪性新生物＜腫瘍＞,2022,6,2022-06-01,0,0,0,0,0,0,0,0,1,12,14,47,66,86,168,149,147,117,34,16,0,0,0,0,0,13,61,152,317,314,0,857
Se04 胃の悪性新生物＜腫瘍＞,2022,6,2022-06-01,0,0,0,0,0,1,4,9,14,29,50,51,143,241,534,541,616,594,374,113,12,0,0,1,13,43,101,384,1075,1709,0,3326
Se05 結腸の悪性新生物＜腫瘍＞,2022,6,2022-06-01,0,0,0,0,1,0,4,7,9,33,65,80,138,205,438,429,489,549,363,141,22,0,0,1,11,42,145,343,867,1564,0,2973
Se06 直腸Ｓ状結腸移行部及び直腸の悪性新生物＜腫瘍＞,2022,6,2022-06-01,0,0,0,0,0,0,2,3,12,25,41,61,78,157,240,185,198,147,117,39,3,0,0,0,5,37,102,235,425,504,0,1308
Se07 肝及び肝内胆管の悪性新生物＜腫瘍＞,2022,6,2022-06-01,2,0,0,0,1,0,1,2,1,7,25,41,83,149,261,304,372,346,184,51,7,2,0,1,3,8,66,232,565,960,0,1837
Se08 胆のう及びその他の胆道の悪性新生物＜腫瘍＞,2022,6,2022-06-01,0,0,0,0,0,0,0,0,1,4,11,18,50,88,204,173,259,313,207,71,14,0,0,0,0,5,29,138,377,864,0,1413
Se09 膵の悪性新生物＜腫瘍＞,2022,6,2022-06-01,0,0,0,0,0,0,1,5,6,29,50,94,173,270,551,537,619,515,268,77,16,0,0,0,6,35,144,443,1088,1495,0,3211
Se10 気管，気管支及び肺の悪性新生物＜腫瘍＞,2022,6,2022-06-01,0,0,0,0,0,0,1,3,13,35,71,129,245,494,1128,1164,1219,977,567,177,24,0,0,0,4,48,200,739,2292,2964,0,6247
Se11 乳房の悪性新生物＜腫瘍＞,2022,6,2022-06-01,0,0,0,0,0,1,4,12,22,59,91,125,107,135,184,137,154,131,93,36,8,0,0,1,16,81,216,242,321,422,0,1299
Se12 子宮の悪性新生物＜腫瘍＞,2022,6,2022-06-01,0,0,0,0,0,1,2,8,12,42,39,48,46,49,70,63,72,62,48,13,1,0,0,1,10,54,87,95,133,196,0,576
Se13 白血病,2022,6,2022-06-01,0,2,2,2,8,2,4,3,10,12,11,25,38,72,136,136,134,125,62,15,0,2,4,10,7,22,36,110,272,336,0,799
Se14 糖尿病,2022,6,2022-06-01,0,0,0,0,1,0,0,1,3,9,14,24,43,62,117,139,199,223,169,58,9,0,0,1,1,12,38,105,256,658,1,1072
Se15 高血圧性疾患,2022,6,2022-06-01,0,0,0,0,0,0,0,2,1,7,8,13,23,35,58,50,81,158,167,126,39,0,0,0,2,8,21,58,108,571,1,769
Se16 心疾患（高血圧性を除く）,2022,6,2022-06-01,5,0,1,3,5,6,19,26,55,123,205,293,374,554,1185,1458,2310,3234,3574,1883,410,5,4,11,45,178,498,928,2643,11411,4,15727
Se17 急性心筋梗塞,2022,6,2022-06-01,0,0,0,0,0,0,1,5,12,36,56,72,94,120,275,259,328,410,315,116,22,0,0,0,6,48,128,214,534,1191,1,2122
Se18 その他の虚血性心疾患,2022,6,2022-06-01,0,0,0,0,1,2,3,4,10,29,67,81,103,158,307,327,465,515,395,159,17,0,0,3,7,39,148,261,634,1551,1,2644
Se19 不整脈及び伝導障害,2022,6,2022-06-01,0,0,1,1,2,1,6,9,13,22,38,49,54,111,176,255,365,488,541,285,40,0,2,3,15,35,87,165,431,1719,0,2457
Se20 心不全,2022,6,2022-06-01,1,0,0,0,1,1,3,6,13,24,30,57,75,116,292,463,861,1421,1872,1132,293,1,0,2,9,37,87,191,755,5579,2,6663
Se21 脳血管疾患,2022,6,2022-06-01,0,1,2,0,2,4,9,16,49,85,114,148,191,292,627,852,1322,1707,1428,711,143,1,2,6,25,134,262,483,1479,5311,1,7704
Se22 くも膜下出血,2022,6,2022-06-01,0,0,1,0,1,3,5,11,19,35,38,44,50,46,88,104,132,131,80,19,3,0,1,4,16,54,82,96,192,365,0,810
Se23 脳内出血,2022,6,2022-06-01,0,1,1,0,1,1,4,5,24,40,63,83,87,130,268,286,418,509,296,119,26,1,1,2,9,64,146,217,554,1368,1,2363
Se24 脳梗塞,2022,6,2022-06-01,0,0,0,0,0,0,0,0,4,7,8,17,44,107,251,437,744,1030,1017,548,109,0,0,0,0,11,25,151,688,3448,0,4323
Se25 大動脈瘤及び解離,2022,6,2022-06-01,0,0,0,0,0,1,2,4,14,18,27,40,35,62,133,166,248,295,205,76,6,0,0,1,6,32,67,97,299,830,0,1332
Se26 肺炎,2022,6,2022-06-01,2,0,0,0,2,0,0,2,3,2,12,16,41,101,271,426,876,1132,1142,585,121,2,0,2,2,5,28,142,697,3856,1,4735
Se27 慢性閉塞性肺疾患,2022,6,2022-06-01,0,0,0,0,0,0,0,0,0,0,3,1,12,36,127,198,263,322,221,50,9,0,0,0,0,0,4,48,325,865,0,1242
Se28 喘息,2022,6,2022-06-01,0,0,0,0,0,0,0,0,1,1,1,2,2,2,6,3,15,15,12,6,2,0,0,0,0,2,3,4,9,50,0,68
Se29 肝疾患,2022,6,2022-06-01,1,0,0,0,0,1,3,15,33,47,85,111,122,146,178,137,234,141,92,27,1,1,0,1,18,80,196,268,315,495,2,1376
Se30 腎不全,2022,6,2022-06-01,1,0,0,0,0,0,1,2,2,4,12,22,24,68,174,217,375,554,526,211,39,1,0,0,3,6,34,92,391,1705,0,2232
Se31 老衰,2022,6,2022-06-01,0,0,0,0,0,0,0,0,0,0,0,0,2,11,107,286,966,2454,3920,3223,1331,0,0,0,0,0,0,13,393,11894,0,12300
Se32 不慮の事故,2022,6,2022-06-01,6,2,3,15,20,17,15,20,27,35,56,50,82,111,244,305,443,547,489,199,39,8,18,37,35,62,106,193,549,1717,5,2730
Se33 交通事故,2022,6,2022-06-01,1,2,1,10,14,9,7,9,6,6,16,8,18,15,30,34,34,26,15,2,0,3,11,23,16,12,24,33,64,77,0,263
Se34 自殺,2022,6,2022-06-01,0,0,18,72,110,103,113,109,149,178,183,158,128,106,138,126,100,64,29,9,1,0,90,213,222,327,341,234,264,203,2,1896
総数,2022,7,2022-07-01,149,31,42,123,215,183,225,364,591,1085,1778,2298,3294,5338,10845,12788,18479,23381,21492,10901,2842,180,165,398,589,1676,4076,8632,23633,77095,76,116520
Se01 結核,2022,7,2022-07-01,0,0,0,0,0,0,0,0,0,0,0,3,2,1,4,9,27,36,27,14,1,0,0,0,0,0,3,3,13,105,0,124
Se02 悪性新生物＜腫瘍＞,2022,7,2022-07-01,2,9,14,13,12,25,31,70,173,357,634,910,1484,2484,4862,5143,5773,5495,3330,1082,141,11,27,37,101,530,1544,3968,10005,15821,3,32047
Se03 食道の悪性新生物＜腫瘍＞,2022,7,2022-07-01,0,0,0,0,0,0,0,1,1,10,18,30,66,108,202,162,151,117,52,14,0,0,0,0,1,11,48,174,364,334,0,932
Se04 胃の悪性新生物＜腫瘍＞,2022,7,2022-07-01,0,0,0,0,0,1,3,6,17,26,42,74,127,244,488,499,622,611,401,123,12,0,0,1,9,43,116,371,987,1769,0,3296
Se05 結腸の悪性新生物＜腫瘍＞,2022,7,2022-07-01,0,0,0,0,0,2,5,9,18,22,61,79,169,213,422,452,498,530,408,148,27,0,0,2,14,40,140,382,874,1611,2,3065
Se06 直腸Ｓ状結腸移行部及び直腸の悪性新生物＜腫瘍＞,2022,7,2022-07-01,0,0,0,0,0,2,2,4,12,13,40,60,80,114,248,206,202,179,102,38,2,0,0,2,6,25,100,194,454,523,1,1305
Se07 肝及び肝内胆管の悪性新生物＜腫瘍＞,2022,7,2022-07-01,0,0,1,0,0,0,0,3,2,9,23,53,98,145,311,309,408,361,211,49,3,0,1,0,3,11,76,243,620,1032,0,1986
Se08 胆のう及びその他の胆道の悪性新生物＜腫瘍＞,2022,7,2022-07-01,0,0,0,0,0,0,1,0,4,2,11,23,34,78,194,253,283,330,214,71,11,0,0,0,1,6,34,112,447,909,0,1509
Se09 膵の悪性新生物＜腫瘍＞,2022,7,2022-07-01,0,0,0,0,0,1,0,2,14,25,64,98,163,299,521,621,597,535,279,81,8,0,0,1,2,39,162,462,1142,1500,0,3308
Se10 気管，気管支及び肺の悪性新生物＜腫瘍＞,2022,7,2022-07-01,0,0,0,0,0,1,3,2,19,33,69,121,273,496,1061,1198,1240,1024,566,173,25,0,0,1,5,52,190,769,2259,3028,0,6304
Se11 乳房の悪性新生物＜腫瘍＞,2022,7,2022-07-01,0,0,0,0,0,2,1,11,24,87,87,79,106,137,203,136,180,140,91,56,12,0,0,2,12,111,166,243,339,479,0,1352
Se12 子宮の悪性新生物＜腫瘍＞,2022,7,2022-07-01,0,0,0,0,0,1,3,7,18,27,43,53,57,60,70,65,65,50,30,10,1,0,0,1,10,45,96,117,135,156,0,560
Se13 白血病,2022,7,2022-07-01,1,3,3,4,2,3,3,4,10,11,15,21,26,68,120,157,152,105,65,14,3,4,7,5,7,21,36,94,277,339,0,790
Se14 糖尿病,2022,7,2022-07-01,0,0,0,0,1,1,1,3,8,7,20,38,44,67,148,137,204,216,160,62,8,0,0,2,4,15,58,111,285,650,0,1125
Se15 高血圧性疾患,2022,7,2022-07-01,0,0,0,0,0,0,0,0,2,5,13,11,26,29,72,71,95,132,180,114,43,0,0,0,0,7,24,55,143,564,3,796
Se16 心疾患（高血圧性を除く）,2022,7,2022-07-01,6,2,3,3,7,11,22,30,57,122,234,304,418,648,1184,1469,2398,3455,3549,1856,420,8,6,18,52,179,538,1066,2653,11678,5,16203
Se17 急性心筋梗塞,2022,7,2022-07-01,0,0,0,1,0,2,2,5,13,29,63,85,108,132,234,255,339,420,320,128,16,0,1,2,7,42,148,240,489,1223,2,2154
Se18 その他の虚血性心疾患,2022,7,2022-07-01,0,0,0,0,0,3,6,5,17,34,73,87,120,194,329,384,510,524,375,135,19,0,0,3,11,51,160,314,713,1563,2,2817
Se19 不整脈及び伝導障害,2022,7,2022-07-01,0,0,1,0,2,3,5,8,10,25,39,47,54,109,186,234,357,499,469,249,62,0,1,5,13,35,86,163,420,1636,0,2359
Se20 心不全,2022,7,2022-07-01,0,0,0,1,0,1,8,6,9,23,37,57,95,139,311,462,916,1583,1960,1143,282,0,1,1,14,32,94,234,773,5884,1,7034
Se21 脳血管疾患,2022,7,2022-07-01,0,0,0,1,2,3,8,11,43,83,130,155,211,280,632,887,1329,1699,1488,699,182,0,1,5,19,126,285,491,1519,5397,1,7844
Se22 くも膜下出血,2022,7,2022-07-01,0,0,0,1,0,0,2,8,20,29,46,45,60,55,97,116,120,132,83,30,3,0,1,0,10,49,91,115,213,368,0,847
Se23 脳内出血,2022,7,2022-07-01,0,0,0,0,1,1,5,2,19,43,59,81,104,132,249,313,401,453,330,115,37,0,0,2,7,62,140,236,562,1336,1,2346
Se24 脳梗塞,2022,7,2022-07-01,0,0,0,0,0,1,0,0,3,8,14,23,37,83,262,435,770,1069,1044,540,139,0,0,1,0,11,37,120,697,3562,0,4428
Se25 大動脈瘤及び解離,2022,7,2022-07-01,0,1,0,0,0,0,0,2,7,25,33,32,50,60,133,156,215,248,234,72,3,1,0,0,2,32,65,110,289,772,0,1271
Se26 肺炎,2022,7,2022-07-01,4,1,0,1,0,1,1,1,2,7,17,36,61,108,296,482,873,1318,1281,600,134,5,1,1,2,9,53,169,778,4206,0,5224
Se27 慢性閉塞性肺疾患,2022,7,2022-07-01,0,0,0,0,0,0,0,0,0,1,1,3,21,39,111,202,324,323,206,62,7,0,0,0,0,1,4,60,313,922,0,1300
Se28 喘息,2022,7,2022-07-01,0,0,0,0,0,0,0,1,1,0,2,1,2,0,2,7,6,18,12,9,1,0,0,0,1,1,3,2,9,46,0,62
Se29 肝疾患,2022,7,2022-07-01,2,0,1,0,1,1,7,18,40,66,99,97,115,154,185,150,176,184,95,21,3,2,1,2,25,106,196,269,335,479,1,1416
Se30 腎不全,2022,7,2022-07-01,0,0,0,1,0,0,0,2,2,2,6,15,25,72,160,221,407,501,518,191,39,0,1,0,2,4,21,97,381,1656,0,2162
Se31 老衰,2022,7,2022-07-01,0,0,0,0,0,0,0,0,0,0,0,0,5,18,120,288,1075,2598,4191,3254,1314,0,0,0,0,0,0,23,408,12432,1,12864
Se32 不慮の事故,2022,7,2022-07-01,6,5,5,20,28,29,15,24,30,50,73,79,83,162,268,326,479,601,485,225,37,11,25,57,39,80,152,245,594,1827,6,3036
Se33 交通事故,2022,7,2022-07-01,1,2,2,7,13,14,7,8,5,17,20,17,14,18,29,35,38,23,7,2,0,3,9,27,15,22,37,32,64,70,0,279
Se34 自殺,2022,7,2022-07-01,0,0,5,61,126,82,87,129,122,148,180,157,109,101,143,123,111,66,26,4,1,0,66,208,216,270,337,210,266,208,3,1784
総数,2022,8,2022-08-01,160,32,39,104,165,186,258,354,616,1243,1933,2423,3744,5897,12175,14538,20940,27170,25507,13322,3553,192,143,351,612,1859,4356,9641,26713,90492,82,134441
Se01 結核,2022,8,2022-08-01,0,0,0,0,0,0,0,0,0,0,0,1,2,6,4,10,17,37,30,16,3,0,0,0,0,0,1,8,14,103,0,126
Se02 悪性新生物＜腫瘍＞,2022,8,2022-08-01,3,7,11,9,15,20,52,93,157,364,685,910,1582,2547,4981,5149,5873,5575,3542,1151,162,10,20,35,145,521,1595,4129,10130,16303,0,32888
Se03 食道の悪性新生物＜腫瘍＞,2022,8,2022-08-01,0,0,0,0,0,0,0,1,2,11,23,37,69,105,190,168,177,106,50,6,0,0,0,0,1,13,60,174,358,339,0,945
Se04 胃の悪性新生物＜腫瘍＞,2022,8,2022-08-01,0,0,0,0,1,0,4,6,12,26,51,65,132,282,519,549,622,671,408,133,13,0,0,1,10,38,116,414,1068,1847,0,3494
Se05 結腸の悪性新生物＜腫瘍＞,2022,8,2022-08-01,0,0,0,2,0,4,2,11,21,30,56,87,155,238,462,449,527,537,434,171,31,0,2,4,13,51,143,393,911,1700,0,3217
Se06 直腸Ｓ状結腸移行部及び直腸の悪性新生物＜腫瘍＞,2022,8,2022-08-01,0,0,0,0,0,0,2,4,7,21,52,57,80,133,249,235,224,166,109,38,9,0,0,0,6,28,109,213,484,546,0,1386
Se07 肝及び肝内胆管の悪性新生物＜腫瘍＞,2022,8,2022-08-01,0,0,0,0,0,0,1,1,4,8,22,49,86,141,271,315,355,372,247,67,4,0,0,0,2,12,71,227,586,1045,0,1943
Se08 胆のう及びその他の胆道の悪性新生物＜腫瘍＞,2022,8,2022-08-01,0,0,0,0,0,0,0,0,2,3,12,12,54,87,203,191,314,349,229,68,10,0,0,0,0,5,24,141,394,970,0,1534
Se09 膵の悪性新生物＜腫瘍＞,2022,8,2022-08-01,0,0,0,0,1,0,2,1,5,25,58,101,197,274,564,566,636,519,322,90,8,0,0,1,3,30,159,471,1130,1575,0,3369
Se10 気管，気管支及び肺の悪性新生物＜腫瘍＞,2022,8,2022-08-01,0,0,0,0,0,0,2,8,16,33,86,133,268,546,1136,1207,1223,1044,540,192,18,0,0,0,10,49,219,814,2343,3017,0,6452
Se11 乳房の悪性新生物＜腫瘍＞,2022,8,2022-08-01,0,0,0,0,0,1,9,20,30,68,121,93,130,127,199,143,155,119,107,47,21,0,0,1,29,98,214,257,342,449,0,1390
Se12 子宮の悪性新生物＜腫瘍＞,2022,8,2022-08-01,0,0,0,0,0,1,4,11,16,31,43,59,57,73,101,57,64,68,49,18,3,0,0,1,15,47,102,130,158,202,0,655
Se13 白血病,2022,8,2022-08-01,2,3,4,1,2,5,5,6,4,18,22,22,41,60,134,134,156,144,62,17,3,5,5,7,11,22,44,101,268,382,0,845
Se14 糖尿病,2022,8,2022-08-01,0,0,0,0,2,1,2,1,6,16,26,37,46,97,131,198,244,265,186,48,12,0,0,3,3,22,63,143,329,755,1,1319
Se15 高血圧性疾患,2022,8,2022-08-01,0,0,0,0,0,1,0,1,3,5,6,13,22,48,62,80,116,153,193,129,38,0,0,1,1,8,19,70,142,629,0,870
Se16 心疾患（高血圧性を除く）,2022,8,2022-08-01,2,0,0,3,5,18,23,27,70,169,240,308,464,656,1459,1691,2741,3750,3921,2154,486,2,3,23,50,239,548,1120,3150,13052,7,18194
Se17 急性心筋梗塞,2022,8,2022-08-01,0,0,0,0,0,0,3,2,17,41,75,75,116,145,299,325,402,452,321,154,25,0,0,0,5,58,150,261,624,1354,0,2452
Se18 その他の虚血性心疾患,2022,8,2022-08-01,0,0,0,0,0,3,7,4,13,47,55,97,132,196,402,421,591,606,425,175,30,0,0,3,11,60,152,328,823,1827,4,3208
Se19 不整脈及び伝導障害,2022,8,2022-08-01,0,0,0,1,1,7,7,11,15,36,41,49,84,113,235,260,431,622,550,300,53,0,1,8,18,51,90,197,495,1956,2,2818
Se20 心不全,2022,8,2022-08-01,0,0,0,0,2,4,2,5,16,28,46,64,98,142,379,532,1034,1652,2218,1292,326,0,0,6,7,44,110,240,911,6522,0,7840
Se21 脳血管疾患,2022,8,2022-08-01,0,0,3,0,1,1,11,19,44,95,145,164,227,342,699,883,1438,1869,1593,766,151,0,3,2,30,139,309,569,1582,5817,2,8453
Se22 くも膜下出血,2022,8,2022-08-01,0,0,2,0,1,0,4,8,13,45,49,53,56,63,92,91,127,135,65,35,4,0,2,1,12,58,102,119,183,366,0,843
Se23 脳内出血,2022,8,2022-08-01,0,0,0,0,0,1,6,11,27,40,77,87,104,155,258,328,475,503,363,140,24,0,0,1,17,67,164,259,586,1505,2,2601
Se24 脳梗塞,2022,8,2022-08-01,0,0,1,0,0,0,1,0,2,8,16,22,59,108,322,436,799,1190,1111,577,119,0,1,0,1,10,38,167,758,3796,0,4771
Se25 大動脈瘤及び解離,2022,8,2022-08-01,0,0,0,0,0,0,0,5,2,22,34,29,44,67,131,181,232,282,230,79,10,0,0,0,5,24,63,111,312,833,0,1348
Se26 肺炎,2022,8,2022-08-01,2,0,0,0,0,1,2,4,5,6,27,29,57,118,314,534,1010,1519,1514,762,152,2,0,1,6,11,56,175,848,4957,1,6057
Se27 慢性閉塞性肺疾患,2022,8,2022-08-01,0,0,0,0,0,0,0,0,0,0,2,5,13,47,143,226,304,382,254,71,5,0,0,0,0,0,7,60,369,1016,2,1454
Se28 喘息,2022,8,2022-08-01,0,0,0,0,0,0,0,0,0,1,2,2,6,3,9,9,12,11,15,13,2,0,0,0,0,1,4,9,18,53,0,85
Se29 肝疾患,2022,8,2022-08-01,0,0,0,0,0,3,9,15,36,71,96,106,157,164,230,185,214,177,81,28,3,0,0,3,24,107,202,321,415,503,0,1575
Se30 腎不全,2022,8,2022-08-01,1,0,0,0,0,1,0,0,3,8,15,21,39,83,157,255,438,616,572,246,45,1,0,1,0,11,36,122,412,1917,0,2500
Se31 老衰,2022,8,2022-08-01,0,0,0,0,0,0,0,0,0,0,0,0,5,22,142,361,1215,3033,4821,3731,1505,0,0,0,0,0,0,27,503,14305,1,14836
Se32 不慮の事故,2022,8,2022-08-01,9,5,4,18,19,15,19,25,25,49,80,100,121,154,302,405,541,635,519,238,45,14,22,34,44,74,180,275,707,1978,4,3332
Se33 交通事故,2022,8,2022-08-01,3,1,0,8,9,6,10,7,11,12,16,15,20,17,38,32,53,31,11,4,1,4,8,15,17,23,31,37,70,100,0,305
Se34 自殺,2022,8,2022-08-01,0,1,10,49,89,95,85,93,127,169,164,142,118,88,155,113,92,89,41,10,1,1,59,184,178,296,306,206,268,233,8,1739
総数,2022,9,2022-09-01,162,23,44,104,199,167,229,358,591,1113,1758,2316,3351,5489,10960,13561,19604,25745,24041,12809,3296,185,148,366,587,1704,4074,8840,24521,85495,52,125972
Se01 結核,2022,9,2022-09-01,0,0,0,0,0,0,0,0,0,0,0,1,4,5,8,17,20,37,30,18,0,0,0,0,0,0,1,9,25,105,0,140
Se02 悪性新生物＜腫瘍＞,2022,9,2022-09-01,6,4,8,7,17,20,30,82,171,351,594,935,1435,2537,4747,5058,5918,5607,3302,1065,121,10,15,37,112,522,1529,3972,9805,16013,0,32015
Se03 食道の悪性新生物＜腫瘍＞,2022,9,2022-09-01,0,0,0,0,1,0,0,1,4,7,26,38,62,100,170,168,173,103,53,10,0,0,0,1,1,11,64,162,338,339,0,916
Se04 胃の悪性新生物＜腫瘍＞,2022,9,2022-09-01,0,0,0,0,0,3,3,12,19,27,50,62,116,230,473,556,589,659,376,105,10,0,0,3,15,46,112,346,1029,1739,0,3290
Se05 結腸の悪性新生物＜腫瘍＞,2022,9,2022-09-01,0,0,0,0,1,0,1,6,14,28,54,102,126,211,450,402,544,567,419,162,21,0,0,1,7,42,156,337,852,1713,0,3108
Se06 直腸Ｓ状結腸移行部及び直腸の悪性新生物＜腫瘍＞,2022,9,2022-09-01,0,0,0,0,0,1,0,4,6,23,30,69,96,141,257,189,213,154,109,30,1,0,0,1,4,29,99,237,446,507,0,1323
Se07 肝及び肝内胆管の悪性新生物＜腫瘍＞,2022,9,2022-09-01,1,0,1,0,0,1,0,2,2,10,22,38,81,159,260,281,415,389,202,51,4,1,1,1,2,12,60,240,541,1061,0,1919
Se08 胆のう及びその他の胆道の悪性新生物＜腫瘍＞,2022,9,2022-09-01,0,0,0,0,0,0,0,3,1,6,12,17,39,92,197,202,293,308,210,69,11,0,0,0,3,7,29,131,399,891,0,1460
Se09 膵の悪性新生物＜腫瘍＞,2022,9,2022-09-01,0,0,0,1,1,0,1,1,10,34,60,106,160,271,502,581,610,530,272,79,15,0,1,1,2,44,166,431,1083,1506,0,3234
Se10 気管，気管支及び肺の悪性新生物＜腫瘍＞,2022,9,2022-09-01,0,0,0,0,0,1,4,4,14,30,56,129,234,547,1068,1166,1261,1020,593,186,10,0,0,1,8,44,185,781,2234,3070,0,6323
Se11 乳房の悪性新生物＜腫瘍＞,2022,9,2022-09-01,0,0,0,0,1,3,7,5,31,45,79,108,115,182,179,156,144,133,84,44,5,0,0,4,12,76,187,297,335,410,0,1321
Se12 子宮の悪性新生物＜腫瘍＞,2022,9,2022-09-01,0,0,0,0,0,0,3,12,22,34,38,52,56,53,72,56,79,75,41,11,3,0,0,0,15,56,90,109,128,209,0,607
Se13 白血病,2022,9,2022-09-01,1,1,2,1,5,1,3,7,5,14,17,21,49,81,131,160,154,126,49,18,1,2,3,6,10,19,38,130,291,348,0,847
Se14 糖尿病,2022,9,2022-09-01,0,0,0,0,0,1,1,6,6,11,30,32,44,72,139,152,194,250,201,66,10,0,0,1,7,17,62,116,291,721,0,1215
Se15 高血圧性疾患,2022,9,2022-09-01,0,0,0,0,0,0,0,0,1,4,9,16,24,31,50,76,94,166,198,125,45,0,0,0,0,5,25,55,126,628,1,840
Se16 心疾患（高血圧性を除く）,2022,9,2022-09-01,4,0,0,3,6,4,18,33,52,135,198,301,394,582,1156,1448,2279,3444,3567,2030,416,4,3,10,51,187,499,976,2604,11736,3,16073
Se17 急性心筋梗塞,2022,9,2022-09-01,1,0,0,0,0,0,3,4,15,28,56,76,98,124,235,268,336,408,315,145,27,1,0,0,7,43,132,222,503,1231,0,2139
Se18 その他の虚血性心疾患,2022,9,2022-09-01,0,0,0,0,0,0,3,3,10,34,57,81,115,151,289,327,449,548,390,168,25,0,0,0,6,44,138,266,616,1580,2,2652
Se19 不整脈及び伝導障害,2022,9,2022-09-01,1,0,0,3,5,2,5,10,10,36,30,40,67,108,185,241,336,515,522,274,65,1,3,7,15,46,70,175,426,1712,0,2455
Se20 心不全,2022,9,2022-09-01,0,0,0,0,1,1,2,10,10,23,33,72,69,129,319,464,936,1576,1959,1231,265,0,0,2,12,33,105,198,783,5967,1,7101
Se21 脳血管疾患,2022,9,2022-09-01,0,1,1,1,0,3,7,19,46,77,144,163,198,303,641,909,1355,1779,1604,749,148,1,2,3,26,123,307,501,1550,5635,1,8149
Se22 くも膜下出血,2022,9,2022-09-01,0,0,1,1,0,2,4,7,12,31,58,50,48,67,99,103,113,150,102,25,2,0,2,2,11,43,108,115,202,392,0,875
Se23 脳内出血,2022,9,2022-09-01,0,1,0,0,0,1,1,9,31,39,64,86,98,133,243,323,401,456,346,110,16,1,0,1,10,70,150,231,566,1329,0,2358
Se24 脳梗塞,2022,9,2022-09-01,0,0,0,0,0,0,1,0,1,5,17,20,46,91,285,448,806,1123,1104,601,121,0,0,0,1,6,37,137,733,3755,1,4670
Se25 大動脈瘤及び解離,2022,9,2022-09-01,0,0,0,0,1,0,4,2,2,18,33,24,62,89,154,206,243,303,225,79,8,0,0,1,6,20,57,151,360,858,0,1453
Se26 肺炎,2022,9,2022-09-01,1,0,0,0,1,1,4,2,2,11,28,32,57,117,319,543,991,1469,1499,756,145,1,0,2,6,13,60,174,862,4860,0,5978
Se27 慢性閉塞性肺疾患,2022,9,2022-09-01,0,0,0,0,0,0,0,1,0,0,3,12,18,56,117,222,310,306,223,75,7,0,0,0,1,0,15,74,339,921,0,1350
Se28 喘息,2022,9,2022-09-01,0,0,0,0,0,0,0,0,0,0,1,2,1,3,2,6,10,18,9,13,4,0,0,0,0,0,3,4,8,54,0,69
Se29 肝疾患,2022,9,2022-09-01,1,0,0,0,0,2,9,14,38,64,108,108,118,168,214,171,208,175,93,23,4,1,0,2,23,102,216,286,385,503,0,1518
Se30 腎不全,2022,9,2022-09-01,0,0,1,0,0,0,1,1,2,2,7,19,36,80,156,231,380,565,522,204,47,0,1,0,2,4,26,116,387,1718,0,2254
Se31 老衰,2022,9,2022-09-01,0,0,0,0,0,0,0,0,0,0,0,0,6,17,136,421,1226,3093,5020,3963,1524,0,0,0,0,0,0,23,557,14826,0,15406
Se32 不慮の事故,2022,9,2022-09-01,11,2,1,16,34,16,20,17,25,47,63,65,73,101,235,305,428,577,452,203,51,13,17,50,37,72,128,174,540,1711,2,2744
Se33 交通事故,2022,9,2022-09-01,1,1,0,8,17,7,5,8,9,12,18,14,20,23,29,41,48,30,8,2,1,2,8,24,13,21,32,43,70,89,0,302
Se34 自殺,2022,9,2022-09-01,0,0,17,61,110,87,86,112,151,171,207,141,118,107,152,142,108,93,25,14,1,0,78,197,198,322,348,225,294,241,3,1906
総数,2022,10,2022-10-01,155,22,30,105,156,206,224,386,627,1154,1820,2415,3464,5709,11499,14022,20545,26799,24796,13082,3459,177,135,362,610,1781,4235,9173,25521,88681,49,130724
Se01 結核,2022,10,2022-10-01,0,0,0,0,0,0,0,0,0,1,0,0,4,2,12,12,30,49,42,16,1,0,0,0,0,1,0,6,24,138,0,169
Se02 悪性新生物＜腫瘍＞,2022,10,2022-10-01,2,5,10,7,10,21,38,84,160,382,695,1008,1493,2611,4891,5304,5990,5698,3519,1094,147,7,17,31,122,542,1703,4104,10195,16448,2,33171
Se03 食道の悪性新生物＜腫瘍＞,2022,10,2022-10-01,0,0,0,0,0,0,0,0,2,6,18,38,52,107,182,174,158,119,51,11,1,0,0,0,0,8,56,159,356,340,0,919
Se04 胃の悪性新生物＜腫瘍＞,2022,10,2022-10-01,0,0,0,0,0,1,4,8,17,36,51,84,151,254,521,589,680,638,406,123,11,0,0,1,12,53,135,405,1110,1858,0,3574
Se05 結腸の悪性新生物＜腫瘍＞,2022,10,2022-10-01,0,0,0,0,0,1,4,8,12,29,79,95,139,219,428,449,496,578,435,200,26,0,0,1,12,41,174,358,877,1735,0,3198
Se06 直腸Ｓ状結腸移行部及び直腸の悪性新生物＜腫瘍＞,2022,10,2022-10-01,0,0,0,0,0,1,1,6,10,27,54,57,80,144,216,224,213,182,117,35,5,0,0,1,7,37,111,224,440,552,0,1372
Se07 肝及び肝内胆管の悪性新生物＜腫瘍＞,2022,10,2022-10-01,0,1,0,0,1,0,1,1,3,11,24,61,90,166,289,357,388,400,238,49,3,1,0,1,2,14,85,256,646,1078,1,2084
Se08 胆のう及びその他の胆道の悪性新生物＜腫瘍＞,2022,10,2022-10-01,0,0,0,0,0,0,0,0,5,8,16,26,45,109,187,221,292,333,221,66,9,0,0,0,0,13,42,154,408,921,0,1538
Se09 膵の悪性新生物＜腫瘍＞,2022,10,2022-10-01,0,0,0,0,0,0,0,5,9,28,57,105,186,283,505,605,633,546,276,86,12,0,0,0,5,37,162,469,1110,1553,0,3336
Se10 気管，気管支及び肺の悪性新生物＜腫瘍＞,2022,10,2022-10-01,0,0,0,0,0,1,2,4,11,29,78,131,237,508,1165,1179,1284,1027,605,154,21,0,0,1,6,40,209,745,2344,3091,1,6437
Se11 乳房の悪性新生物＜腫瘍＞,2022,10,2022-10-01,0,0,0,0,0,7,2,13,29,58,96,114,99,152,205,164,143,140,115,43,15,0,0,7,15,87,210,251,369,456,0,1395
Se12 子宮の悪性新生物＜腫瘍＞,2022,10,2022-10-01,0,0,0,0,0,0,3,10,9,33,50,55,57,68,78,79,74,64,37,12,0,0,0,0,13,42,105,125,157,187,0,629
Se13 白血病,2022,10,2022-10-01,0,0,2,1,3,3,3,4,3,13,21,32,38,79,141,121,162,135,56,18,2,0,3,6,7,16,53,117,262,373,0,837
Se14 糖尿病,2022,10,2022-10-01,0,0,0,0,0,3,1,5,2,17,25,24,45,81,123,151,210,271,179,74,13,0,0,3,6,19,49,126,274,747,2,1226
Se15 高血圧性疾患,2022,10,2022-10-01,0,0,0,0,0,0,1,2,0,4,11,11,17,41,55,71,120,170,195,147,41,0,0,0,3,4,22,58,126,673,0,886
Se16 心疾患（高血圧性を除く）,2022,10,2022-10-01,5,2,1,4,7,6,15,37,58,126,197,269,398,648,1318,1625,2682,3845,3955,2191,473,7,5,13,52,184,466,1046,2943,13146,3,17865
Se17 急性心筋梗塞,2022,10,2022-10-01,0,0,0,0,1,0,1,9,13,38,51,75,99,134,274,280,395,477,346,136,21,0,0,1,10,51,126,233,554,1375,2,2352
Se18 その他の虚血性心疾患,2022,10,2022-10-01,0,0,0,0,0,2,3,6,17,33,50,82,119,167,359,399,552,575,428,143,25,0,0,2,9,50,132,286,758,1723,0,2960
Se19 不整脈及び伝導障害,2022,10,2022-10-01,0,1,1,0,3,2,5,11,13,22,38,40,57,120,218,257,425,619,567,310,45,1,1,5,16,35,78,177,475,1966,0,2754
Se20 心不全,2022,10,2022-10-01,0,1,0,4,1,2,3,5,10,18,31,47,80,160,337,518,1014,1771,2158,1361,338,1,4,3,8,28,78,240,855,6642,1,7860
Se21 脳血管疾患,2022,10,2022-10-01,1,1,0,0,2,3,13,19,69,90,147,164,233,369,784,982,1450,1971,1710,800,161,2,0,5,32,159,311,602,1766,6092,0,8969
Se22 くも膜下出血,2022,10,2022-10-01,0,0,0,0,1,1,10,9,28,41,52,41,44,58,129,126,146,124,100,28,3,0,0,2,19,69,93,102,255,401,0,941
Se23 脳内出血,2022,10,2022-10-01,0,0,0,0,1,2,3,9,33,44,80,91,137,176,323,372,475,573,353,139,21,0,0,3,12,77,171,313,695,1561,0,2832
Se24 脳梗塞,2022,10,2022-10-01,0,1,0,0,0,0,0,0,5,5,12,27,41,124,312,461,796,1225,1212,611,135,1,0,0,0,10,39,165,773,3979,0,4967
Se25 大動脈瘤及び解離,2022,10,2022-10-01,0,0,0,0,0,2,0,5,9,14,40,55,68,96,221,251,290,359,271,91,11,0,0,2,5,23,95,164,472,1022,0,1783
Se26 肺炎,2022,10,2022-10-01,3,1,0,0,0,2,0,1,8,7,16,40,75,121,359,544,1018,1598,1497,699,158,4,0,2,1,15,56,196,903,4970,0,6147
Se27 慢性閉塞性肺疾患,2022,10,2022-10-01,0,0,0,0,0,0,0,0,0,0,3,4,11,52,124,226,335,332,210,76,15,0,0,0,0,0,7,63,350,968,0,1388
Se28 喘息,2022,10,2022-10-01,0,0,0,0,0,0,0,2,1,0,1,5,0,2,3,4,13,22,18,14,1,0,0,0,2,1,6,2,7,68,0,86
Se29 肝疾患,2022,10,2022-10-01,1,0,0,0,0,1,4,14,32,89,106,130,157,164,215,186,208,184,116,24,4,1,0,1,18,121,236,321,401,536,0,1635
Se30 腎不全,2022,10,2022-10-01,0,0,0,0,0,0,1,3,1,9,12,25,35,67,177,250,420,634,605,260,42,0,0,0,4,10,37,102,427,1961,0,2541
Se31 老衰,2022,10,2022-10-01,0,0,0,0,0,0,0,0,0,0,0,0,7,29,139,395,1419,3354,5411,4293,1677,0,0,0,0,0,0,36,534,16154,0,16724
Se32 不慮の事故,2022,10,2022-10-01,7,2,0,15,27,20,13,18,35,45,66,71,96,131,294,365,575,677,536,260,56,9,15,47,31,80,137,227,659,2104,3,3312
Se33 交通事故,2022,10,2022-10-01,1,1,0,12,13,8,6,9,16,13,17,18,31,22,35,43,46,35,14,2,0,2,12,21,15,29,35,53,78,97,0,342
Se34 自殺,2022,10,2022-10-01,0,0,7,57,81,102,96,110,141,168,176,152,118,95,141,103,93,63,33,9,2,0,64,183,206,309,328,213,244,200,5,1752
総数,2022,11,2022-11-01,174,23,30,111,168,178,235,366,569,1100,1755,2378,3462,5595,11445,14569,20835,27273,25846,13589,3575,197,141,346,601,1669,4133,9057,26014,91118,41,133317
Se01 結核,2022,11,2022-11-01,0,0,0,0,0,1,0,0,1,0,0,1,2,3,8,6,27,46,30,18,0,0,0,1,0,1,1,5,14,121,0,143
Se02 悪性新生物＜腫瘍＞,2022,11,2022-11-01,7,6,6,11,4,24,35,88,157,393,598,948,1517,2449,4767,5345,5818,5445,3398,1123,149,13,17,28,123,550,1546,3966,10112,15933,1,32289
Se03 食道の悪性新生物＜腫瘍＞,2022,11,2022-11-01,0,0,0,0,0,0,1,1,2,11,11,30,68,104,177,192,178,108,51,8,2,0,0,0,2,13,41,172,369,347,0,944
Se04 胃の悪性新生物＜腫瘍＞,2022,11,2022-11-01,0,0,0,0,0,4,6,10,19,39,37,78,126,247,497,560,637,644,385,115,16,0,0,4,16,58,115,373,1057,1797,0,3420
Se05 結腸の悪性新生物＜腫瘍＞,2022,11,2022-11-01,0,0,0,0,0,1,4,9,5,33,60,89,125,219,424,454,575,549,408,170,30,0,0,1,13,38,149,344,878,1732,0,3155
Se06 直腸Ｓ状結腸移行部及び直腸の悪性新生物＜腫瘍＞,2022,11,2022-11-01,0,0,0,0,0,0,3,6,7,26,44,47,79,122,242,214,201,161,112,41,4,0,0,0,9,33,91,201,456,519,0,1309
Se07 肝及び肝内胆管の悪性新生物＜腫瘍＞,2022,11,2022-11-01,0,0,0,0,0,1,0,0,5,12,30,52,83,141,280,315,377,372,212,65,6,0,0,1,0,17,82,224,595,1032,0,1951
Se08 胆のう及びその他の胆道の悪性新生物＜腫瘍＞,2022,11,2022-11-01,0,0,0,0,1,0,0,1,3,3,4,21,49,84,185,232,276,291,217,69,8,0,0,1,1,6,25,133,417,861,0,1444
Se09 膵の悪性新生物＜腫瘍＞,2022,11,2022-11-01,0,0,0,0,0,1,1,8,9,29,45,103,195,291,503,609,634,546,290,94,11,0,0,1,9,38,148,486,1112,1575,1,3370
Se10 気管，気管支及び肺の悪性新生物＜腫瘍＞,2022,11,2022-11-01,0,0,0,0,0,0,1,2,14,33,75,143,273,507,1064,1215,1169,1055,644,162,22,0,0,0,3,47,218,780,2279,3052,0,6379
Se11 乳房の悪性新生物＜腫瘍＞,2022,11,2022-11-01,0,0,0,0,0,1,5,15,18,67,88,104,112,121,195,187,150,150,107,61,11,0,0,1,20,85,192,233,382,479,0,1392
Se12 子宮の悪性新生物＜腫瘍＞,2022,11,2022-11-01,0,0,0,0,0,3,1,10,20,20,49,49,55,49,81,78,70,47,33,12,0,0,0,3,11,40,98,104,159,162,0,577
Se13 白血病,2022,11,2022-11-01,4,0,2,4,1,6,3,6,7,10,20,31,39,59,133,134,152,114,65,20,0,4,6,7,9,17,51,98,267,351,0,810
Se14 糖尿病,2022,11,2022-11-01,0,0,0,0,0,2,4,5,12,8,25,41,36,63,129,175,253,247,195,91,8,0,0,2,9,20,66,99,304,794,0,1294
Se15 高血圧性疾患,2022,11,2022-11-01,1,0,0,0,0,0,0,0,0,4,9,14,10,35,58,85,116,221,221,143,52,1,0,0,0,4,23,45,143,753,0,969
Se16 心疾患（高血圧性を除く）,2022,11,2022-11-01,9,1,3,2,8,11,20,29,57,125,234,297,449,654,1390,1851,2904,4165,4279,2250,519,10,5,19,49,182,531,1103,3241,14117,2,19259
Se17 急性心筋梗塞,2022,11,2022-11-01,0,0,0,0,0,1,2,6,8,34,58,78,112,161,300,357,474,491,409,135,22,0,0,1,8,42,136,273,657,1531,0,2648
Se18 その他の虚血性心疾患,2022,11,2022-11-01,0,0,0,0,1,0,2,9,16,33,79,84,113,200,358,463,563,647,457,163,33,0,0,1,11,49,163,313,821,1863,1,3222
Se19 不整脈及び伝導障害,2022,11,2022-11-01,0,0,2,1,3,3,5,5,17,26,33,60,75,102,244,305,467,667,670,296,57,0,3,6,10,43,93,177,549,2157,1,3039
Se20 心不全,2022,11,2022-11-01,2,0,0,0,2,3,6,5,12,16,44,48,103,143,363,563,1085,1909,2263,1377,357,2,0,5,11,28,92,246,926,6991,0,8301
Se21 脳血管疾患,2022,11,2022-11-01,3,1,0,0,1,5,9,11,46,97,159,176,229,401,745,961,1420,1981,1762,804,168,4,0,6,20,143,335,630,1706,6135,3,8982
Se22 くも膜下出血,2022,11,2022-11-01,0,1,0,0,0,1,2,6,15,41,56,46,64,73,108,119,154,142,92,27,6,1,0,1,8,56,102,137,227,421,0,953
Se23 脳内出血,2022,11,2022-11-01,2,0,0,0,1,4,7,3,23,44,82,97,116,197,301,360,443,536,393,121,24,2,0,5,10,67,179,313,661,1517,1,2755
Se24 脳梗塞,2022,11,2022-11-01,0,0,0,0,0,0,0,1,4,9,16,24,43,122,312,460,789,1253,1229,635,132,0,0,0,1,13,40,165,772,4038,2,5031
Se25 大動脈瘤及び解離,2022,11,2022-11-01,0,0,0,0,0,1,1,1,7,16,39,55,67,96,213,240,311,352,274,84,9,0,0,1,2,23,94,163,453,1030,0,1766
Se26 肺炎,2022,11,2022-11-01,2,0,1,0,1,1,0,4,5,9,17,25,49,114,331,578,1037,1599,1571,745,164,2,1,2,4,14,42,163,909,5116,0,6253
Se27 慢性閉塞性肺疾患,2022,11,2022-11-01,0,0,0,1,1,0,0,0,0,0,3,12,10,44,130,196,323,343,224,82,11,0,1,1,0,0,15,54,326,983,1,1381
Se28 喘息,2022,11,2022-11-01,0,0,0,0,0,0,1,0,0,1,3,4,3,2,8,6,10,16,17,10,2,0,0,0,1,1,7,5,14,55,0,83
Se29 肝疾患,2022,11,2022-11-01,2,1,0,0,0,7,4,19,36,60,113,122,143,150,227,175,181,176,108,38,5,3,0,7,23,96,235,293,402,508,1,1568
Se30 腎不全,2022,11,2022-11-01,0,0,0,0,0,0,1,1,2,7,10,24,39,77,188,267,447,661,588,269,30,0,0,0,2,9,34,116,455,1995,0,2611
Se31 老衰,2022,11,2022-11-01,0,0,0,0,0,0,0,0,0,0,0,0,6,29,165,399,1353,3196,5305,4240,1586,0,0,0,0,0,0,35,564,15680,0,16279
Se32 不慮の事故,2022,11,2022-11-01,11,1,0,24,22,15,16,29,24,45,48,63,91,175,298,406,608,760,631,276,68,12,24,37,45,69,111,266,704,2343,2,3613
Se33 交通事故,2022,11,2022-11-01,0,0,0,16,16,4,7,13,11,13,12,17,19,27,53,47,44,37,14,2,0,0,16,20,20,24,29,46,100,97,0,352
Se34 自殺,2022,11,2022-11-01,0,0,10,47,102,82,96,114,115,140,169,152,119,96,137,109,124,84,32,13,2,0,57,184,210,255,321,215,246,255,7,1750
総数,2022,12,2022-12-01,174,28,45,100,171,196,245,384,646,1314,2063,2791,4168,6649,13905,17789,25264,33289,30846,16341,4130,202,145,367,629,1960,4854,10817,31694,109870,71,160609
Se01 結核,2022,12,2022-12-01,0,0,0,0,0,0,0,0,0,1,0,0,2,0,5,8,20,33,34,19,7,0,0,0,0,1,0,2,13,113,0,129
Se02 悪性新生物＜腫瘍＞,2022,12,2022-12-01,2,6,4,11,13,17,41,74,165,384,668,948,1555,2543,5158,5654,6265,5860,3637,1122,147,8,15,30,115,549,1616,4098,10812,17031,1,34275
Se03 食道の悪性新生物＜腫瘍＞,2022,12,2022-12-01,0,0,0,0,1,0,0,0,1,6,20,36,62,94,212,190,174,129,44,15,1,0,0,1,0,7,56,156,402,363,0,985
Se04 胃の悪性新生物＜腫瘍＞,2022,12,2022-12-01,0,0,0,0,0,0,4,11,12,31,57,66,123,253,537,617,690,653,401,131,14,0,0,0,15,43,123,376,1154,1889,0,3600
Se05 結腸の悪性新生物＜腫瘍＞,2022,12,2022-12-01,0,0,0,0,1,4,4,4,20,43,64,83,138,225,447,480,565,603,478,156,24,0,0,5,8,63,147,363,927,1826,0,3339
Se06 直腸Ｓ状結腸移行部及び直腸の悪性新生物＜腫瘍＞,2022,12,2022-12-01,0,0,0,0,0,0,3,2,10,27,34,50,83,146,248,245,219,201,125,48,8,0,0,0,5,37,84,229,493,601,0,1449
Se07 肝及び肝内胆管の悪性新生物＜腫瘍＞,2022,12,2022-12-01,0,0,1,0,0,0,1,0,3,14,27,53,88,156,301,308,406,381,227,65,7,0,1,0,1,17,80,244,609,1086,1,2039
Se08 胆のう及びその他の胆道の悪性新生物＜腫瘍＞,2022,12,2022-12-01,0,0,0,0,0,0,0,0,2,5,7,26,53,69,181,219,295,319,244,55,12,0,0,0,0,7,33,122,400,925,0,1487
Se09 膵の悪性新生物＜腫瘍＞,2022,12,2022-12-01,0,0,0,0,0,0,2,1,10,30,65,117,181,289,578,631,669,558,311,91,9,0,0,0,3,40,182,470,1209,1638,0,3542
Se10 気管，気管支及び肺の悪性新生物＜腫瘍＞,2022,12,2022-12-01,0,0,0,0,0,0,2,6,11,29,71,123,280,526,1188,1319,1331,1122,600,169,18,0,0,0,8,40,194,806,2507,3240,0,6795
Se11 乳房の悪性新生物＜腫瘍＞,2022,12,2022-12-01,0,0,0,0,0,1,5,21,26,54,111,106,101,139,206,162,178,155,108,42,14,0,0,1,26,80,217,240,368,497,0,1429
Se12 子宮の悪性新生物＜腫瘍＞,2022,12,2022-12-01,0,0,0,0,0,0,4,5,17,36,42,71,60,55,92,78,79,65,28,11,2,0,0,0,9,53,113,115,170,185,0,645
Se13 白血病,2022,12,2022-12-01,0,1,2,1,0,2,3,1,3,10,19,29,54,72,139,154,169,144,67,15,2,1,3,2,4,13,48,126,293,397,0,887
Se14 糖尿病,2022,12,2022-12-01,0,0,0,0,0,2,5,5,11,25,40,37,80,95,195,230,315,340,257,91,10,0,0,2,10,36,77,175,425,1013,0,1738
Se15 高血圧性疾患,2022,12,2022-12-01,0,0,0,0,0,0,1,2,2,11,11,18,31,41,99,114,187,292,264,174,50,0,0,0,3,13,29,72,213,967,1,1298
Se16 心疾患（高血圧性を除く）,2022,12,2022-12-01,8,1,3,7,9,16,21,30,74,165,283,405,594,934,1983,2618,3875,5533,5412,2893,625,9,10,25,51,239,688,1528,4601,18338,5,25494
Se17 急性心筋梗塞,2022,12,2022-12-01,0,0,0,0,0,1,3,3,18,40,88,92,139,199,428,479,633,719,529,222,35,0,0,1,6,58,180,338,907,2138,1,3629
Se18 その他の虚血性心疾患,2022,12,2022-12-01,0,0,0,0,1,1,5,7,18,35,77,131,182,257,552,710,876,984,707,239,42,0,0,2,12,53,208,439,1262,2848,4,4828
Se19 不整脈及び伝導障害,2022,12,2022-12-01,2,0,2,3,3,8,4,7,18,36,48,68,91,190,311,423,650,890,820,393,89,2,5,11,11,54,116,281,734,2842,0,4056
Se20 心不全,2022,12,2022-12-01,0,0,0,1,3,3,5,10,12,35,39,83,119,207,510,780,1333,2342,2798,1724,409,0,1,6,15,47,122,326,1290,8606,0,10413
Se21 脳血管疾患,2022,12,2022-12-01,1,1,3,2,6,3,7,21,65,129,156,203,319,482,959,1264,1774,2326,1910,875,196,2,5,9,28,194,359,801,2223,7081,3,10705
Se22 くも膜下出血,2022,12,2022-12-01,0,0,1,1,4,2,5,7,27,58,50,67,66,89,138,166,193,169,120,40,10,0,2,6,12,85,117,155,304,532,0,1213
Se23 脳内出血,2022,12,2022-12-01,1,1,2,1,1,1,2,13,34,62,90,107,160,233,388,453,614,686,431,146,28,2,3,2,15,96,197,393,841,1905,1,3455
Se24 脳梗塞,2022,12,2022-12-01,0,0,0,0,1,0,0,0,3,6,11,20,75,138,400,607,908,1400,1291,660,147,0,0,1,0,9,31,213,1007,4406,1,5668
Se25 大動脈瘤及び解離,2022,12,2022-12-01,0,0,0,0,0,0,1,3,6,22,40,79,105,112,261,300,403,428,322,125,10,0,0,0,4,28,119,217,561,1288,1,2218
Se26 肺炎,2022,12,2022-12-01,1,1,1,2,0,1,2,1,5,8,26,41,67,147,401,654,1209,1731,1775,908,161,2,3,1,3,13,67,214,1055,5784,1,7143
Se27 慢性閉塞性肺疾患,2022,12,2022-12-01,0,0,0,0,0,0,0,1,1,0,7,7,18,44,151,256,342,356,282,92,8,0,0,0,1,1,14,62,407,1080,0,1565
Se28 喘息,2022,12,2022-12-01,0,0,0,0,0,0,0,0,0,0,1,4,2,4,8,12,12,23,24,11,4,0,0,0,0,0,5,6,20,74,0,105
Se29 肝疾患,2022,12,2022-12-01,2,0,0,0,0,0,5,16,31,61,101,151,158,189,244,205,261,210,106,31,0,2,0,0,21,92,252,347,449,608,0,1771
Se30 腎不全,2022,12,2022-12-01,0,0,0,0,0,0,0,3,3,8,14,21,48,100,218,303,523,742,674,295,40,0,0,0,3,11,35,148,521,2274,0,2992
Se31 老衰,2022,12,2022-12-01,0,0,0,0,0,0,0,0,0,0,0,0,5,25,182,463,1522,3808,5948,4734,1821,0,0,0,0,0,0,30,645,17833,0,18508
Se32 不慮の事故,2022,12,2022-12-01,8,2,5,10,21,16,13,18,37,73,109,108,144,231,470,678,960,1138,857,333,57,10,15,37,31,110,217,375,1148,3345,6,5294
Se33 交通事故,2022,12,2022-12-01,2,1,1,5,9,8,7,9,9,18,22,18,28,29,38,50,60,32,23,5,0,3,6,17,16,27,40,57,88,120,0,374
Se34 自殺,2022,12,2022-12-01,0,0,9,45,90,97,85,114,110,168,180,143,129,98,122,92,81,77,27,5,0,0,54,187,199,278,323,227,214,190,13,1685
総数,2023,1,2023-01-01,139,31,44,98,186,204,246,392,646,1187,2137,2802,3988,6483,13460,17899,25969,34538,32380,17113,4309,170,142,390,638,1833,4939,10471,31359,114309,13,164264
Se01 結核,2023,1,2023-01-01,0,0,0,0,0,0,0,0,0,0,0,1,1,2,14,14,19,35,45,6,1,0,0,0,0,0,1,3,28,106,0,138
Se02 悪性新生物＜腫瘍＞,2023,1,2023-01-01,4,7,9,8,13,11,39,96,150,324,681,991,1504,2520,4723,5461,5921,5581,3466,1039,118,11,17,24,135,474,1672,4024,10184,16125,1,32667
Se03 食道の悪性新生物＜腫瘍＞,2023,1,2023-01-01,0,0,0,0,0,0,0,0,1,10,21,32,49,116,176,189,160,115,53,17,1,0,0,0,0,11,53,165,365,346,0,940
Se04 胃の悪性新生物＜腫瘍＞,2023,1,2023-01-01,0,0,0,1,0,2,8,13,14,17,48,84,130,255,451,557,610,617,421,115,9,0,1,2,21,31,132,385,1008,1772,0,3352
Se05 結腸の悪性新生物＜腫瘍＞,2023,1,2023-01-01,0,0,0,1,0,0,4,8,22,32,64,84,126,211,422,477,526,519,412,145,20,0,1,0,12,54,148,337,899,1622,0,3073
Se06 直腸Ｓ状結腸移行部及び直腸の悪性新生物＜腫瘍＞,2023,1,2023-01-01,0,0,0,0,0,1,1,9,5,18,43,65,109,129,233,221,210,191,119,25,9,0,0,1,10,23,108,238,454,554,0,1388
Se07 肝及び肝内胆管の悪性新生物＜腫瘍＞,2023,1,2023-01-01,0,0,0,0,0,0,0,0,3,8,26,41,79,152,306,323,392,403,221,57,7,0,0,0,0,11,67,231,629,1080,0,2018
Se08 胆のう及びその他の胆道の悪性新生物＜腫瘍＞,2023,1,2023-01-01,0,0,0,0,0,0,0,2,2,4,13,21,40,92,185,234,323,345,216,62,8,0,0,0,2,6,34,132,419,954,0,1547
Se09 膵の悪性新生物＜腫瘍＞,2023,1,2023-01-01,0,0,0,0,0,0,1,2,11,23,68,118,163,328,504,566,653,504,301,88,10,0,0,0,3,34,186,491,1070,1556,0,3340
Se10 気管，気管支及び肺の悪性新生物＜腫瘍＞,2023,1,2023-01-01,0,0,0,0,0,0,3,6,7,29,90,137,299,503,1079,1330,1246,1024,569,162,14,0,0,0,9,36,227,802,2409,3015,1,6499
Se11 乳房の悪性新生物＜腫瘍＞,2023,1,2023-01-01,0,0,0,0,0,0,3,10,26,54,92,105,107,148,196,175,153,162,95,58,11,0,0,0,13,80,197,255,371,479,0,1395
Se12 子宮の悪性新生物＜腫瘍＞,2023,1,2023-01-01,0,0,0,0,0,0,6,13,17,23,50,53,59,44,73,63,63,68,23,13,4,0,0,0,19,40,103,103,136,171,0,572
Se13 白血病,2023,1,2023-01-01,1,1,4,0,4,3,2,5,6,5,12,27,32,61,139,137,186,126,65,22,0,2,4,7,7,11,39,93,276,399,0,838
Se14 糖尿病,2023,1,2023-01-01,0,0,0,0,2,1,1,5,6,21,26,35,70,111,179,240,287,349,241,95,15,0,0,3,6,27,61,181,419,987,0,1684
Se15 高血圧性疾患,2023,1,2023-01-01,0,0,0,0,0,1,0,1,0,3,7,16,26,37,97,117,179,291,308,221,60,0,0,1,1,3,23,63,214,1059,0,1364
Se16 心疾患（高血圧性を除く）,2023,1,2023-01-01,1,0,0,4,5,8,15,27,64,141,319,415,588,909,1897,2643,3957,5690,5759,2959,618,1,4,13,42,205,734,1497,4540,18983,1,26020
Se17 急性心筋梗塞,2023,1,2023-01-01,0,0,0,0,0,0,2,5,11,37,81,93,144,206,420,455,629,779,594,199,20,0,0,0,7,48,174,350,875,2221,0,3675
Se18 その他の虚血性心疾患,2023,1,2023-01-01,0,0,0,1,1,1,2,5,15,29,86,129,174,245,509,664,901,1026,753,278,51,0,1,2,7,44,215,419,1173,3009,0,4870
Se19 不整脈及び伝導障害,2023,1,2023-01-01,0,0,0,1,2,5,6,12,12,31,58,78,106,167,336,463,644,901,861,442,57,0,1,7,18,43,136,273,799,2905,1,4183
Se20 心不全,2023,1,2023-01-01,0,0,0,1,2,1,2,2,15,26,59,76,109,211,457,834,1399,2419,2883,1748,427,0,1,3,4,41,135,320,1291,8876,0,10671
Se21 脳血管疾患,2023,1,2023-01-01,0,0,1,3,2,1,8,21,60,114,185,224,280,445,950,1246,1792,2382,2008,963,170,0,4,3,29,174,409,725,2196,7315,0,10855
Se22 くも膜下出血,2023,1,2023-01-01,0,0,1,2,0,0,3,13,26,52,68,63,61,89,111,146,177,166,115,26,0,0,3,0,16,78,131,150,257,484,0,1119
Se23 脳内出血,2023,1,2023-01-01,0,0,0,1,2,1,5,8,29,56,99,122,152,196,409,456,614,686,436,175,20,0,1,3,13,85,221,348,865,1931,0,3467
Se24 脳梗塞,2023,1,2023-01-01,0,0,0,0,0,0,0,0,5,2,13,30,58,142,393,593,945,1460,1401,735,140,0,0,0,0,7,43,200,986,4681,0,5917
Se25 大動脈瘤及び解離,2023,1,2023-01-01,0,0,0,0,0,0,0,6,9,27,41,67,71,116,254,297,388,455,311,105,16,0,0,0,6,36,108,187,551,1275,0,2163
Se26 肺炎,2023,1,2023-01-01,0,0,0,0,0,3,0,3,11,20,26,47,92,168,437,722,1357,1997,1990,905,182,0,0,3,3,31,73,260,1159,6431,1,7961
Se27 慢性閉塞性肺疾患,2023,1,2023-01-01,1,0,0,0,0,0,0,1,0,1,4,13,22,43,156,236,397,347,270,112,15,1,0,0,1,1,17,65,392,1141,0,1618
Se28 喘息,2023,1,2023-01-01,0,0,0,0,0,0,1,1,0,1,8,3,3,5,5,9,12,27,28,15,4,0,0,0,2,1,11,8,14,86,0,122
Se29 肝疾患,2023,1,2023-01-01,2,0,0,0,1,1,5,15,41,67,126,145,148,174,255,217,255,194,100,26,4,2,0,2,20,108,271,322,472,579,0,1776
Se30 腎不全,2023,1,2023-01-01,0,0,0,0,0,0,0,1,2,7,18,20,55,80,216,331,558,793,731,341,56,0,0,0,1,9,38,135,547,2479,0,3209
Se31 老衰,2023,1,2023-01-01,0,0,0,0,0,0,0,0,0,0,0,0,5,27,165,493,1566,3933,6126,4867,1850,0,0,0,0,0,0,32,658,18342,1,19033
Se32 不慮の事故,2023,1,2023-01-01,11,6,8,11,26,20,20,28,33,49,73,109,138,202,437,633,994,1120,849,362,74,17,19,46,48,82,182,340,1070,3399,3,5206
Se33 交通事故,2023,1,2023-01-01,4,3,3,5,11,8,5,8,9,13,11,18,17,26,36,37,38,29,7,2,0,7,8,19,13,22,29,43,73,76,0,290
Se34 自殺,2023,1,2023-01-01,0,0,10,52,99,105,105,99,139,176,212,146,120,110,103,99,75,59,26,4,0,0,62,204,204,315,358,230,202,164,0,1739
総数,2023,2,2023-02-01,140,23,42,79,167,169,220,381,583,1040,1805,2368,3468,5484,11444,14762,20809,27818,26171,13598,3628,163,121,336,601,1623,4173,8952,26206,92024,35,134234
Se01 結核,2023,2,2023-02-01,0,0,0,0,0,0,0,0,1,0,0,1,1,2,11,17,23,46,29,13,2,0,0,0,0,1,1,3,28,113,0,146
Se02 悪性新生物＜腫瘍＞,2023,2,2023-02-01,4,6,5,8,14,20,33,78,167,313,602,904,1349,2245,4426,4820,5185,5034,3041,993,113,10,13,34,111,480,1506,3594,9246,14366,2,29362
Se03 食道の悪性新生物＜腫瘍＞,2023,2,2023-02-01,0,0,0,0,0,0,0,0,2,8,17,27,64,84,162,163,166,88,38,12,1,0,0,0,0,10,44,148,325,305,0,832
Se04 胃の悪性新生物＜腫瘍＞,2023,2,2023-02-01,0,0,0,0,1,1,4,6,9,24,37,66,115,236,485,481,564,555,367,123,8,0,0,2,10,33,103,351,966,1617,0,3082
Se05 結腸の悪性新生物＜腫瘍＞,2023,2,2023-02-01,0,0,0,0,0,2,1,9,14,39,42,84,107,170,431,394,448,481,376,140,14,0,0,2,10,53,126,277,825,1459,0,2752
Se06 直腸Ｓ状結腸移行部及び直腸の悪性新生物＜腫瘍＞,2023,2,2023-02-01,0,0,0,0,1,0,1,3,7,16,39,55,70,130,213,191,207,147,82,36,6,0,0,1,4,23,94,200,404,478,0,1204
Se07 肝及び肝内胆管の悪性新生物＜腫瘍＞,2023,2,2023-02-01,0,0,0,0,0,2,0,1,5,10,19,43,90,144,244,328,333,348,176,49,9,0,0,2,1,15,62,234,572,915,1,1802
Se08 胆のう及びその他の胆道の悪性新生物＜腫瘍＞,2023,2,2023-02-01,0,0,0,0,0,0,1,3,2,4,12,18,42,73,167,220,252,294,197,54,8,0,0,0,4,6,30,115,387,805,0,1347
Se09 膵の悪性新生物＜腫瘍＞,2023,2,2023-02-01,0,0,0,0,0,0,1,2,13,30,65,112,161,263,520,543,588,505,272,56,6,0,0,0,3,43,177,424,1063,1427,0,3137
Se10 気管，気管支及び肺の悪性新生物＜腫瘍＞,2023,2,2023-02-01,0,0,0,0,1,0,1,6,12,31,73,124,244,479,964,1078,1056,954,533,177,21,0,0,1,7,43,197,723,2042,2741,0,5754
Se11 乳房の悪性新生物＜腫瘍＞,2023,2,2023-02-01,0,0,0,0,1,0,4,8,38,51,76,103,116,110,161,119,133,129,99,55,4,0,0,1,12,89,179,226,280,420,0,1207
Se12 子宮の悪性新生物＜腫瘍＞,2023,2,2023-02-01,0,0,0,0,0,1,1,7,15,25,58,56,56,47,69,56,47,63,34,11,2,0,0,1,8,40,114,103,125,157,0,548
Se13 白血病,2023,2,2023-02-01,0,1,1,3,2,3,0,5,6,6,15,30,25,55,109,136,135,109,51,17,0,1,4,5,5,12,45,80,245,312,0,709
Se14 糖尿病,2023,2,2023-02-01,0,0,1,1,1,0,0,5,5,18,21,21,60,98,180,182,267,269,218,83,6,0,2,1,5,23,42,158,362,843,0,1436
Se15 高血圧性疾患,2023,2,2023-02-01,0,0,0,0,0,0,0,0,2,4,9,19,22,36,69,91,129,237,241,173,57,0,0,0,0,6,28,58,160,837,1,1090
Se16 心疾患（高血圧性を除く）,2023,2,2023-02-01,6,3,3,5,10,9,17,42,53,153,256,342,548,763,1604,2148,3238,4721,4680,2348,554,9,8,19,59,206,598,1311,3752,15541,3,21506
Se17 急性心筋梗塞,2023,2,2023-02-01,0,0,0,1,0,0,3,12,12,34,57,88,126,178,335,375,529,592,435,181,30,0,1,0,15,46,145,304,710,1767,1,2989
Se18 その他の虚血性心疾患,2023,2,2023-02-01,0,0,0,1,1,0,1,6,14,37,77,106,156,212,398,591,717,799,525,172,39,0,1,1,7,51,183,368,989,2252,1,3853
Se19 不整脈及び伝導障害,2023,2,2023-02-01,1,1,2,3,5,4,6,10,12,29,50,62,100,124,295,368,537,723,753,329,74,2,5,9,16,41,112,224,663,2416,0,3488
Se20 心不全,2023,2,2023-02-01,3,0,0,0,1,3,2,12,9,31,42,60,98,179,432,629,1152,2090,2459,1406,363,3,0,4,14,40,102,277,1061,7470,1,8972
Se21 脳血管疾患,2023,2,2023-02-01,0,0,0,3,1,5,7,20,55,86,191,183,251,368,801,990,1571,1953,1792,766,177,0,3,6,27,141,374,619,1791,6259,3,9223
Se22 くも膜下出血,2023,2,2023-02-01,0,0,0,2,1,1,3,6,22,42,71,41,62,74,96,107,146,166,119,25,3,0,2,2,9,64,112,136,203,459,0,987
Se23 脳内出血,2023,2,2023-02-01,0,0,0,1,0,3,3,9,28,36,98,110,138,167,342,350,532,506,384,145,30,0,1,3,12,64,208,305,692,1597,3,2885
Se24 脳梗塞,2023,2,2023-02-01,0,0,0,0,0,1,1,0,3,6,15,24,44,113,333,498,852,1214,1245,576,138,0,0,1,1,9,39,157,831,4025,0,5063
Se25 大動脈瘤及び解離,2023,2,2023-02-01,0,0,0,0,1,1,0,2,6,22,37,58,64,119,194,235,342,364,293,91,13,0,0,2,2,28,95,183,429,1103,0,1842
Se26 肺炎,2023,2,2023-02-01,1,0,0,0,0,1,3,3,5,12,22,29,55,126,373,625,1087,1612,1602,765,134,1,0,1,6,17,51,181,998,5200,0,6455
Se27 慢性閉塞性肺疾患,2023,2,2023-02-01,0,0,1,0,0,0,1,1,0,0,2,9,14,38,134,233,290,313,212,83,7,0,1,0,2,0,11,52,367,905,1,1339
Se28 喘息,2023,2,2023-02-01,0,0,0,0,0,0,0,0,0,0,1,1,4,5,8,8,17,23,14,8,4,0,0,0,0,0,2,9,16,66,0,93
Se29 肝疾患,2023,2,2023-02-01,0,0,0,0,0,3,6,18,36,49,97,100,147,164,226,168,215,174,91,31,3,0,0,3,24,85,197,311,394,514,1,1529
Se30 腎不全,2023,2,2023-02-01,0,0,0,0,1,0,1,2,3,7,16,13,50,69,195,281,429,670,641,314,43,0,0,1,3,10,29,119,476,2097,0,2735
Se31 老衰,2023,2,2023-02-01,0,0,0,0,0,0,0,0,0,0,0,0,7,23,148,409,1242,3257,5278,4200,1685,0,0,0,0,0,0,30,557,15662,0,16249
Se32 不慮の事故,2023,2,2023-02-01,5,1,3,13,12,21,12,40,26,49,73,97,111,189,329,535,718,920,704,283,57,6,16,33,52,75,170,300,864,2682,6,4204
Se33 交通事故,2023,2,2023-02-01,0,0,1,7,7,7,3,8,12,11,12,13,17,18,16,36,21,36,14,0,0,0,8,14,11,23,25,35,52,71,0,239
Se34 自殺,2023,2,2023-02-01,0,0,10,30,93,84,96,94,116,137,200,147,117,91,112,99,81,50,28,6,1,0,40,177,190,253,347,208,211,166,2,1594
総数,2023,3,2023-03-01,168,30,40,89,187,197,266,391,580,1141,1841,2469,3467,5615,11340,14870,20540,27142,25525,13416,3246,198,129,384,657,1721,4310,9082,26210,89869,36,132596
Se01 結核,2023,3,2023-03-01,0,0,0,0,0,0,0,0,0,2,1,2,1,5,4,9,18,37,23,11,2,0,0,0,0,2,3,6,13,91,0,115
Se02 悪性新生物＜腫瘍＞,2023,3,2023-03-01,3,9,12,13,13,21,39,80,137,348,626,929,1437,2476,4751,5277,5696,5350,3405,1072,126,12,25,34,119,485,1555,3913,10028,15649,4,31824
Se03 食道の悪性新生物＜腫瘍＞,2023,3,2023-03-01,0,0,0,0,0,0,0,1,2,6,17,36,59,106,178,170,174,113,55,11,2,0,0,0,1,8,53,165,348,355,0,930
Se04 胃の悪性新生物＜腫瘍＞,2023,3,2023-03-01,0,0,0,0,0,2,7,4,6,30,54,66,129,255,444,541,614,592,384,121,5,0,0,2,11,36,120,384,985,1716,0,3254
Se05 結腸の悪性新生物＜腫瘍＞,2023,3,2023-03-01,0,0,0,0,2,1,3,6,20,26,53,102,127,241,432,437,517,542,413,154,12,0,0,3,9,46,155,368,869,1638,1,3089
Se06 直腸Ｓ状結腸移行部及び直腸の悪性新生物＜腫瘍＞,2023,3,2023-03-01,0,0,0,0,0,0,0,4,6,21,52,59,108,123,221,199,186,174,118,26,3,0,0,0,4,27,111,231,420,507,1,1301
Se07 肝及び肝内胆管の悪性新生物＜腫瘍＞,2023,3,2023-03-01,0,0,0,0,0,1,1,2,4,5,25,43,74,145,294,325,382,383,205,68,8,0,0,1,3,9,68,219,619,1046,0,1965
Se08 胆のう及びその他の胆道の悪性新生物＜腫瘍＞,2023,3,2023-03-01,0,0,0,0,0,0,0,0,2,4,7,14,35,79,175,245,287,298,206,64,11,0,0,0,0,6,21,114,420,866,1,1428
Se09 膵の悪性新生物＜腫瘍＞,2023,3,2023-03-01,0,0,0,0,0,1,1,2,3,29,50,106,178,297,569,615,611,509,288,95,8,0,0,1,3,32,156,475,1184,1511,0,3362
Se10 気管，気管支及び肺の悪性新生物＜腫瘍＞,2023,3,2023-03-01,0,0,0,0,1,1,3,6,12,38,63,121,232,494,1095,1245,1187,1047,592,181,21,0,0,2,9,50,184,726,2340,3028,0,6339
Se11 乳房の悪性新生物＜腫瘍＞,2023,3,2023-03-01,0,0,0,0,0,3,7,12,21,70,77,104,108,131,203,148,115,128,113,61,12,0,0,3,19,91,181,239,351,429,0,1313
Se12 子宮の悪性新生物＜腫瘍＞,2023,3,2023-03-01,0,0,0,0,0,1,3,10,12,24,60,54,59,56,67,71,78,60,29,11,2,0,0,1,13,36,114,115,138,180,0,597
Se13 白血病,2023,3,2023-03-01,1,1,3,2,3,3,6,2,4,17,15,18,41,66,141,155,162,118,52,14,3,2,5,6,8,21,33,107,296,349,0,827
Se14 糖尿病,2023,3,2023-03-01,0,0,0,0,1,1,0,4,4,19,27,38,52,91,135,184,264,281,212,76,15,0,0,2,4,23,65,143,319,848,0,1404
Se15 高血圧性疾患,2023,3,2023-03-01,0,0,0,0,0,0,0,0,2,5,6,15,21,35,61,105,132,213,220,158,38,0,0,0,0,7,21,56,166,761,0,1011
Se16 心疾患（高血圧性を除く）,2023,3,2023-03-01,2,1,2,4,4,9,19,34,55,131,230,337,514,711,1407,2013,2952,4454,4568,2443,541,3,6,13,53,186,567,1225,3420,14958,0,20431
Se17 急性心筋梗塞,2023,3,2023-03-01,0,0,0,0,0,0,3,5,12,28,59,69,126,151,277,374,484,538,412,168,33,0,0,0,8,40,128,277,651,1635,0,2739
Se18 その他の虚血性心疾患,2023,3,2023-03-01,0,0,0,1,0,1,7,7,16,43,64,91,150,204,379,472,599,707,494,203,33,0,1,1,14,59,155,354,851,2036,0,3471
Se19 不整脈及び伝導障害,2023,3,2023-03-01,0,0,0,0,3,2,2,10,10,23,45,61,81,131,243,331,481,685,692,312,69,0,0,5,12,33,106,212,574,2239,0,3181
Se20 心不全,2023,3,2023-03-01,1,1,1,2,0,1,7,8,7,19,35,82,106,152,372,629,1101,2011,2480,1526,343,2,3,1,15,26,117,258,1001,7461,0,8884
Se21 脳血管疾患,2023,3,2023-03-01,0,1,0,3,1,6,10,25,43,106,177,189,251,401,764,1068,1436,1982,1760,810,157,1,3,7,35,149,366,652,1832,6145,0,9190
Se22 くも膜下出血,2023,3,2023-03-01,0,0,0,3,1,1,5,13,18,39,55,42,48,81,113,120,151,153,76,34,5,0,3,2,18,57,97,129,233,419,0,958
Se23 脳内出血,2023,3,2023-03-01,0,1,0,0,0,3,5,11,22,58,101,107,144,194,309,367,460,570,390,149,18,1,0,3,16,80,208,338,676,1587,0,2909
Se24 脳梗塞,2023,3,2023-03-01,0,0,0,0,0,1,0,1,2,6,15,33,50,109,314,543,789,1196,1248,608,128,0,0,1,1,8,48,159,857,3969,0,5043
Se25 大動脈瘤及び解離,2023,3,2023-03-01,0,0,0,0,0,0,0,2,12,20,41,48,59,99,209,265,302,365,285,118,9,0,0,0,2,32,89,158,474,1079,0,1834
Se26 肺炎,2023,3,2023-03-01,2,0,0,2,0,0,0,2,9,13,24,35,47,141,317,570,1001,1601,1511,734,147,2,2,0,2,22,59,188,887,4994,0,6156
Se27 慢性閉塞性肺疾患,2023,3,2023-03-01,0,0,0,0,0,0,0,0,0,0,3,5,22,45,139,225,342,324,243,89,10,0,0,0,0,0,8,67,364,1008,1,1448
Se28 喘息,2023,3,2023-03-01,0,0,0,0,0,0,0,1,0,1,2,3,2,3,5,5,11,17,19,8,2,0,0,0,1,1,5,5,10,57,0,79
Se29 肝疾患,2023,3,2023-03-01,1,0,1,0,1,2,9,15,28,57,102,111,144,169,227,204,213,204,123,20,3,1,1,3,24,85,213,313,431,563,0,1634
Se30 腎不全,2023,3,2023-03-01,0,0,0,0,0,0,0,3,4,12,14,24,28,59,181,285,458,664,646,294,36,0,0,0,3,16,38,87,466,2098,0,2708
Se31 老衰,2023,3,2023-03-01,0,0,0,0,0,0,0,0,0,0,0,0,2,22,138,412,1304,3210,5167,4138,1459,0,0,0,0,0,0,24,550,15278,0,15852
Se32 不慮の事故,2023,3,2023-03-01,19,3,2,6,19,16,19,26,29,39,59,89,99,175,361,436,646,800,662,282,65,22,8,35,45,68,148,274,797,2455,2,3854
Se33 交通事故,2023,3,2023-03-01,2,0,0,3,9,6,6,8,8,14,11,19,22,22,31,21,45,38,18,0,1,2,3,15,14,22,30,44,52,102,0,284
Se34 自殺,2023,3,2023-03-01,0,0,10,46,108,109,118,127,144,180,208,183,151,104,136,121,98,72,32,3,1,0,56,217,245,324,391,255,257,206,3,1954
